10000
-84
-2846
-3601
8086
3719
-745
-1834
6358
-147
-6106
5330
4215
9405
-811
-2210
9249
-5311
-8339
-2433
-2307
-4875
-1866
3702
7897
8198
1838
-7179
-3567
2165
1574
-8082
-1120
8122
-3302
5639
-9342
454
-2838
3498
-5243
1472
5721
5241
-1204
-3631
-1855
-4993
5823
-1060
2513
5665
-397
8293
3205
531
-4015
-3854
1888
-1721
2278
8654
-6487
7008
-601
-7830
-1889
1188
5310
479
921
-7664
4469
-1681
4511
-7898
2814
2985
-6273
-8574
6844
-5046
-4499
8010
-5870
6081
7418
6435
-5498
-4533
-5457
6560
-9070
1597
-6714
-74
2727
-9824
6853
-6997
6814
5431
5241
-20
-612
-5796
-5525
-5122
3840
-1880
-6143
8940
-947
6065
-3917
-2753
7599
9709
-8952
7660
4588
-5483
9581
3271
584
6150
4178
-3179
-3692
9441
8513
2591
2357
-2607
-9508
-1534
8396
-5684
9169
-29
-4792
5843
5180
-767
-4764
-6476
9402
4099
-3939
-1713
-1403
-4016
1813
5237
1297
-4387
-2307
-7317
-1343
-6720
2467
4399
7367
2276
4119
3250
-5897
-650
3419
-4509
-58
-3493
-2297
-1651
-7356
-6588
9879
7798
2739
-2406
4114
-2808
-7229
-2284
-8042
-6387
1804
-8921
-2875
-8589
3783
-3043
-1274
-6801
6121
2782
-2982
9982
7933
715
-7908
-9562
-1187
9162
-8044
-3078
-6707
2267
8728
-1411
-3948
-8056
6271
6558
8888
3355
-5532
-4862
1844
-2006
2291
-8384
-6632
-4498
-7981
2021
-2530
-8910
-9008
1656
7108
-5050
-5436
-1065
1643
5650
8993
3008
9611
5448
-483
-5684
880
-110
7323
-1291
-8234
3403
-4846
-8455
-1124
8234
3292
-9162
5320
-6728
1437
6133
-8841
-8797
6702
-8988
-2465
9803
453
-8901
9379
-9991
9603
-8095
-8334
5744
-3271
-1562
-7012
1755
1592
-2544
-6958
8358
-7884
7124
3481
1801
5844
-4166
331
7807
-1352
7748
-5110
-1291
-5305
7335
4065
8317
6293
-4265
-4998
-5950
-1779
9153
693
8630
9409
657
-4981
-793
-8821
4596
1792
5809
3614
-968
-6946
2637
-18
784
5748
9670
-8807
3444
5195
-8916
-6352
7973
-6432
-8766
2182
877
-2270
3794
7508
-3035
-9590
-3904
2759
1424
7474
8379
-9593
965
-9708
5488
-5436
-9174
2048
9113
-7617
923
9977
2067
-9262
2858
1196
-4691
9245
-2911
-8530
7324
-4722
-2461
6450
4075
8268
3216
835
9264
-608
-1497
7940
8506
9249
3750
258
-7898
-7589
-20
4914
6577
-1541
-5632
7340
-7128
-4711
-6709
-700
4059
6594
-1121
9569
-1104
-1024
4699
-7717
-7405
2889
-6681
662
-3765
-7519
6842
4054
6408
-4339
7547
5981
-1031
-395
-7708
6536
-9062
-2059
4770
-4637
1034
-3776
6521
3460
3802
-1998
-5499
1771
6177
-4848
-613
-557
8621
3998
-2643
2133
-2091
9373
-3027
122
5545
2302
-215
-5573
9547
-760
-9740
-9225
-169
1314
6630
-8304
4444
4701
-2919
9218
-5137
513
-1132
-5119
6869
5747
4357
-3826
-8994
5824
-5433
-9995
-1103
-1816
-6108
-6041
7138
3241
5299
335
-479
6343
-2590
-7150
-3412
-5803
4399
-2072
2180
6659
4368
-4110
7293
-9307
2931
3543
3630
-6117
-4673
-5089
3689
-990
-3143
6538
-8987
1078
7171
-1810
7062
322
-7298
9228
1502
1382
-3407
-6386
5437
-5660
4930
-2497
100
-8345
2688
-5593
3176
9168
-7709
9409
6737
-3906
5932
8762
6866
-3879
-5050
-7544
-3565
1467
-1970
-8219
-2743
-9540
-1170
2727
-9720
-3271
2468
-4354
-497
-9663
5602
-1111
7041
3003
-2961
-5739
1908
-3114
5771
9875
2914
-5105
-9649
-2668
-9891
8025
1938
7587
-2080
-7508
4809
5216
-608
-9972
4166
-4715
6913
-7371
4321
1366
-3611
128
1332
5434
-1857
7285
8447
560
1094
1261
6669
-1664
-7963
-8350
-7282
5216
-3313
5557
2979
7471
-9425
-4228
-3656
-590
-6018
3558
6347
6056
5390
-1172
1163
-3381
8451
-5130
8891
-7642
3234
3271
1526
3021
-1343
1191
-4147
-5986
-4579
-1973
-7572
4307
-4757
6402
-1254
-9536
-6618
-9506
-5313
-7121
-121
605
6400
2197
-1997
2068
5413
8848
526
4471
3068
-9568
5997
6567
3479
-1408
-9559
216
-7984
-7648
-721
318
-116
5247
-2731
212
-8483
9994
391
9128
3842
875
3807
-4826
-8695
-10000
-4013
6528
-4779
-7238
-1175
-681
-4581
7614
-6267
2856
1541
4252
3618
-5098
6585
-4071
-2945
-8465
6260
-3781
-5359
-1186
-6064
-2688
2743
-1939
9733
6300
2027
-3307
5644
-9843
-5580
-7164
-994
1404
5400
969
-4198
-4269
6830
-1378
934
5333
3825
-6893
-7027
-6754
3281
-9037
5575
5465
8356
6421
-8522
9400
2938
8514
7948
-8237
-2418
-7139
4970
-2784
8728
-8076
1348
2827
2015
-9086
9344
-3246
6252
2238
1501
-9760
5273
323
-9520
-3868
-2743
413
-151
333
2865
589
3828
-1820
3572
-5863
-2692
-3866
2380
-3245
170
-4004
-8188
-6332
-7957
5945
1347
-6283
-5841
-336
-1150
-8294
1901
-4720
-5281
-5988
6309
-4035
5418
2657
9278
-1013
668
-1543
1837
1369
-4248
2536
6615
8584
5674
-1621
-7411
9367
-2756
6857
-1738
-835
-5113
-7305
9228
4194
-2955
1832
-1156
-3975
-5371
-6705
1168
-6882
-935
-8973
3722
-3128
-8438
-9906
-7418
43
-3685
-991
5474
7118
3850
-1160
9210
6628
-9501
1237
7179
3720
8175
3740
3034
7866
5514
-5605
8589
3120
9393
5715
-5130
3323
9018
-2457
-4432
2328
9438
-6400
-254
-9457
4849
4090
-2655
3659
275
8847
-5869
-9450
9790
-6530
877
-9392
7327
7096
1277
8973
-8830
2342
-5692
8393
-5625
-3366
6459
-2744
4561
-495
-7978
-7763
-7076
-9982
5062
1335
9518
-2106
2073
-6253
-4634
8068
-5444
-382
5873
9879
-5696
3177
60
8094
-870
-3505
7588
-4896
6533
-8234
6121
-2407
1506
-4711
5793
966
-2049
-8578
-8440
-119
-5866
-4969
7157
-8903
-6516
9019
5097
-3894
8634
-259
-6656
-3372
3752
8838
9897
3266
8917
-5805
-8238
1562
7828
-3411
2717
-6460
-9584
-8191
-3377
3608
3567
3132
6887
-5719
3189
2789
8652
-1048
-4480
5239
-8514
566
2256
-1543
2543
-2359
9321
-37
3115
2586
1393
4367
-1166
-3959
6773
-1406
5286
1838
-696
-3530
-8833
5213
-4629
3037
-932
-5259
-2361
9140
5749
-7131
-6697
409
5036
-1253
-8637
-5845
-7743
3595
-4793
2141
-2204
728
-8493
3862
7526
7362
7115
-4152
-1176
6508
-6353
-4054
-2859
-7064
-2539
8085
4652
322
-1263
-8904
-2251
5990
4758
-7912
1172
-9106
-4905
-8697
-741
5004
-5209
7967
-6950
-9999
-9410
-5637
7058
3608
-2820
-5645
3112
-1295
-9016
-3725
-5579
6061
6930
-9258
-7
3651
279
516
-369
-7330
8930
4773
-7844
-2109
-9201
3521
3233
-9022
-6453
5494
-1552
-5128
4791
-5868
2076
-34
-3796
3576
-7863
8915
-2792
-3357
-3870
9921
-5786
9751
8521
-2290
6108
-3027
6409
1953
3774
-1738
-8889
-3954
-241
780
4887
4640
-3112
6676
7275
-8062
5345
9267
8102
7818
-9891
-1462
3599
-5565
-8094
-5425
4897
4694
-9771
-6327
2719
-4812
-2332
3880
9861
-2333
909
-2978
9881
5506
-1443
798
8513
6234
2994
6960
-2706
7843
-3967
2926
-395
-5936
-3212
-9890
-6722
5752
-9877
-2837
7990
3618
4003
6370
4543
-3156
9652
7943
2312
-7496
-4875
-4878
-3817
8340
1146
2794
-2142
7364
4221
-2437
733
-1138
-1989
-6889
6829
3586
8245
-1785
6779
-732
-3306
-9012
9381
-4873
-5739
-9322
-4978
1480
-2544
-7297
-3434
-5740
-9160
-3355
6340
-3401
-9908
9091
5375
7378
-6498
-2164
1788
-4136
-1006
-4285
1458
4661
4004
-8679
-5751
3388
648
-5565
-8367
-5589
7853
-456
-8529
-6019
-5381
-2716
50
5932
-1956
6252
-796
8416
4055
-3745
7612
-2631
-9737
4212
-3824
-5419
-7478
-7514
9287
2910
-2267
-183
717
9075
4069
5063
9311
-1103
-7728
1724
6598
-3138
-1574
1930
5121
-3789
8580
-6534
-5157
-637
9022
6896
-4260
4428
4045
-6423
-1924
3832
9000
2356
9969
1968
540
-2454
-599
4830
3728
-1589
-2381
4094
-3229
2103
632
-7423
-48
9573
-8184
-6979
-3373
8739
5102
-7212
-7034
7371
6821
-7298
-9659
5118
9124
-2698
5744
-7583
-7180
-5665
1262
-6544
-6653
-7631
8941
3747
-143
-3932
-8920
-6948
6280
-8905
2402
1609
6760
5438
-2353
-4740
-7296
7302
-4814
9668
-9799
4581
-4927
7528
-1428
-5661
1637
2944
-2188
-4577
-9411
6128
-5378
8608
6785
-5086
-8131
9689
3812
9471
-9638
1079
-5293
4170
9000
-278
-8485
-5704
-8587
-9587
4615
-2449
9117
5972
-5050
-9894
9017
-5006
-7445
-9561
5461
-4924
3950
990
-993
4702
-1872
-5666
-5510
9039
-8836
2165
978
9843
9768
-4101
-9781
-3563
-6693
4396
-1870
9439
1736
-3232
1205
-864
8217
-791
5998
5976
5991
8233
-6342
6755
-2459
1357
-1624
-6849
8189
-4119
-2547
-996
1522
9361
-8651
-3904
-5563
-8366
-7180
-3852
6259
-7637
762
4782
4186
-6837
-9564
-2405
-484
5896
2351
6377
-5443
3353
3400
-2162
-8089
401
6687
1145
2509
4568
2234
2675
-2196
4808
-7162
-8527
365
2177
4168
4441
-2906
9033
-1967
-6673
-4159
-6908
7152
-9509
-3083
-4725
8193
7832
-9424
-5396
-1245
8539
1654
3295
-7288
4670
-7965
-1376
3653
-1016
4748
-1395
8297
-1637
-572
-2723
-7669
-7174
-2822
-1413
5883
6901
-2176
2558
-7781
-1805
4934
7047
-9753
7290
-5851
-9577
-4273
-9827
-5576
-7958
-9851
-5725
5380
2963
-526
8048
3000
5428
7299
3954
-1873
-8133
-5664
8010
7666
-9228
4989
-8331
-2405
1487
7402
-6410
9717
-7665
325
5026
-7009
-980
-5585
-6328
-4081
-6810
-7524
5243
4787
3302
7812
9437
-8206
7378
-1962
-5910
7505
6573
-3123
2461
1554
-4023
-7014
963
8887
2122
-6368
-3494
101
-9352
7871
2566
-7645
64
-5336
-4176
2561
6600
-3760
-9637
-8971
-6579
9024
2629
-5216
-1317
-7928
-3818
-7953
424
-6828
9832
-2978
8493
-2186
-5678
792
4322
6307
-6189
8249
-267
5178
-8616
2132
-537
7711
-6134
3664
-4925
7206
6167
4717
-5988
2570
-6789
-3643
5153
2077
-7254
6797
-288
-5958
-227
250
-1964
8598
2807
-9599
-1236
3893
-7341
4279
-9158
5721
-4020
6615
5813
373
-9496
2242
-1300
-1408
3650
-8736
2790
4709
1267
4612
9019
-265
348
750
-2712
-1214
6674
-7638
7827
7517
-1370
-938
-4036
-2661
-4240
-2238
-8516
-1056
-3209
7919
-8291
-2863
-1760
-3751
-6186
-7836
-7663
3889
-1919
4951
-959
4963
-4198
-6180
6590
-7881
7894
-5134
-326
5843
798
-6193
-1646
-9571
-3962
-39
7900
5917
6287
8980
-8755
-9695
5781
3829
6821
1979
-5195
4117
1656
4869
4607
4962
-9095
7557
-7884
8528
-5852
-4725
-2307
-2612
8360
-5865
-7641
-9360
-4048
8471
-8418
7186
-9843
-7666
7237
2520
-62
5329
9712
5542
-2709
-5622
-8642
-4296
-4342
3072
8982
-3637
-8337
-7378
9020
-1643
2980
-5841
2416
4565
-4717
-1989
9540
5765
5652
938
7512
-8500
-7594
8728
3796
-8432
-5271
-2110
-5087
-6552
-4474
-3188
1348
-528
-4132
7844
1176
982
5272
-4831
-5465
-9583
1328
-3578
7141
9457
-5044
-5821
2089
7985
177
-4518
-2200
8873
-949
1823
-4912
-64
4663
7704
-6626
2207
8714
324
-6212
-7871
-9694
-2568
3803
-2842
-8921
7492
2664
8807
3964
-5963
-7218
7683
3336
2547
7241
-6376
-4868
-7830
-830
2286
5889
8679
-5204
-9971
7327
-1032
4505
5327
-7732
1526
-7
-7921
-3953
9150
-8975
-5951
-4112
-6150
6036
6427
3006
-2529
-4960
4945
-6084
-9808
-6248
1535
-3927
-5921
-2087
-5025
-4534
-1101
-5636
2426
5462
7206
-3833
6651
-2210
8229
336
-9121
7960
4091
7983
6569
839
4711
-9410
-8430
-1464
-9335
6672
-3011
2266
-4132
6763
5512
-2869
1565
-6205
639
9116
3657
2676
-597
-5584
-9339
1692
-1144
662
9111
4756
-1580
976
-878
9033
-1789
-4128
6831
8346
9231
-3602
-5706
1008
5740
-2664
9340
8405
9594
2327
-4442
9778
3507
6665
-3124
7562
1381
-3391
4409
-3508
-7462
-9561
-9009
-9511
-7022
-5107
-3065
3667
-9966
-1809
-3466
6813
2614
4038
9835
4469
2338
-2455
5844
2890
-8170
-3328
2657
7900
-2881
-8249
6880
8367
8938
-5860
8071
-149
-3916
-6427
5809
-2668
-7714
-9055
5279
1248
1180
-3575
-3872
-8934
7595
7970
4491
-4269
4578
2690
9961
6271
2
9020
-8880
5555
-1625
-4246
7625
-2343
-9407
-2410
3411
1709
-3044
8133
5089
-8936
282
5376
3294
3558
963
-1216
7985
-6714
-3565
7542
-2949
4701
-494
5237
7197
6344
1216
-6243
-521
-308
4079
-5244
-1621
-6021
-7509
9186
3904
9094
-9900
1657
-1309
6041
-6868
-6977
7975
-2216
3436
1514
-2707
-6796
-5551
3031
-4449
7337
9332
-8105
-298
-7497
-1961
-4809
-3813
2363
8026
-534
6762
-5430
-4370
-8651
1363
1322
7905
4663
-6245
7020
-4488
594
2335
4745
6235
-9606
1528
4120
9577
5433
8442
7562
-2772
-9891
4150
-7774
3912
1727
9984
-1228
9773
-1711
1995
6553
2413
2307
-1009
6604
-4729
5521
-9363
-2556
1568
2669
-1975
9327
4595
2532
-7754
-2745
-5088
4368
-8656
-3213
-5440
-2470
8227
-9795
-3943
8137
-1527
203
5836
2411
7856
1597
-3988
-1153
-9191
-7166
-6359
989
-4483
4950
618
-7069
7210
6140
2490
-7843
7243
4244
7769
2959
1766
-8646
2451
-3582
351
1275
-5043
-3319
7674
8628
1499
4046
-1314
-7288
-3633
9918
-1804
-1986
6509
4334
-4721
-4651
2233
-3767
1477
7397
-1198
5751
-6852
5268
3480
11
-3296
4177
5864
-3575
7056
4368
-9624
-4494
-3176
3491
1534
-5075
-3271
49
-3589
-6412
-7067
-5131
4693
184
9191
-7114
5938
4946
7167
-4930
-192
2952
3915
4506
-5087
1048
5505
-4051
-1756
4195
5240
2833
3023
-2343
-3961
-7253
-5768
3229
-59
-4950
-1549
6740
2768
7803
-1371
624
-8087
1548
6648
1683
6236
-965
1159
-2142
9757
5690
-6119
-5367
1966
-8510
554
-2299
2333
4017
-5371
-6287
7466
4450
-9298
9136
7495
2919
5243
3539
-9224
-3259
6787
2344
9657
9259
1199
-2752
-4961
6544
-5587
5979
3734
4041
-5245
-429
8042
-7996
3584
-7199
3906
5221
2734
3279
-9882
9754
-9820
-1189
-735
-4100
9592
-2427
9953
7909
-8910
-1994
-5029
-8888
1435
-7059
5132
-5711
-5996
7942
-1221
5722
-9213
905
-1446
3431
8296
1837
138
-8384
3886
-5433
8318
-9880
6142
2291
4088
-418
-6899
1949
4304
-4849
6581
-531
3731
-9930
8385
-1651
-8824
-2926
-4063
-4680
4270
-7390
8990
-8608
-7775
-1057
-3257
4444
-5669
7830
-3862
8364
9111
-4063
1951
2635
9169
4609
-5730
112
-2007
9945
-1775
-6655
5350
2250
7588
-8523
9783
-6329
-4840
-6909
2100
5524
-2153
5420
1700
-6240
8193
-4062
2840
1500
-6523
-8140
3412
-3369
-3508
5463
3662
3991
9520
5682
-1841
-7114
-4534
-506
-3050
6839
-9080
-104
1948
5763
5596
2461
-5006
-3451
-6542
161
-922
8702
-3110
-6797
-2683
485
-3965
-8560
-230
5855
2985
-5909
-1868
1366
5317
7606
2150
2938
-4189
-176
1704
9777
-2191
2475
4539
-2532
627
3960
-2038
-5849
2163
7410
-1332
-1108
7605
1923
-9179
2054
4937
-6537
9036
5325
-9638
-9413
7112
-9742
6883
4209
-5101
-2664
6177
-7948
5729
2893
-2588
-6238
3609
900
8927
-2742
2018
4817
-9217
-9229
-8519
7424
5656
-9625
8254
-6158
-5318
9531
-9169
-5195
-157
-8388
-6932
4414
7054
-6505
-2118
-3578
425
-2716
2659
7742
-4284
1904
2170
-3216
-5467
1254
8316
5588
505
-2694
9778
2412
-9883
914
2419
3261
-7942
6097
-7321
7914
7591
-2656
-4762
2670
-4632
-2117
-4482
6422
5724
5270
5971
-3207
-3691
1802
8033
-779
1193
3584
-1794
423
-4315
-9255
8763
-6395
-5792
-8329
-7480
-1316
1645
-1556
9175
3138
-2837
7901
1752
2999
5559
5074
7748
-7299
-415
2653
8982
-6223
-6756
1796
-9421
-8027
2830
5005
874
3803
-3577
-8123
-3433
-9504
7119
-2292
4769
-6590
-9448
-1695
-8061
4431
3443
-8922
-7960
-6900
-7682
5232
7215
3535
-6181
-2995
-5650
442
6876
-8879
-2413
-267
5593
-8705
-6618
-8186
9444
2513
-7798
-7313
8404
-6555
-6462
-92
1630
-8860
-5808
5959
2723
3119
-1128
-6302
-6366
-1112
-6300
-928
-7059
-5190
2209
-1047
-6567
9958
-7930
-7207
5071
1932
1940
-1285
1119
-5390
-6311
-9049
5717
8884
-4433
-2475
4035
1640
-6590
6556
1694
2444
9870
3788
4421
2927
-5210
-9308
-9668
7928
-8559
-6607
-2441
-7049
7151
-7900
-8559
6279
858
-1041
-7555
-2436
-2200
-3108
8627
-50
-820
-5879
3212
3490
3068
4676
3273
5586
1229
2366
-4403
9048
-5126
5551
6124
1308
4996
-505
9659
-4681
-813
428
8038
1956
9339
-8683
5088
3490
794
-5886
-8683
-9144
-4259
-7755
-4484
8166
4354
-8015
-1240
5267
7385
4685
-6498
-6856
-2461
5301
-800
5529
-2468
-4514
7848
-261
822
1348
-400
-2921
3930
8322
-3186
-391
-9101
-3764
4062
6805
6118
3564
9431
-1881
-327
4056
-6817
8677
-8043
-4883
-7814
-2845
-3706
7978
8222
3299
-5729
-725
1186
9463
3098
4063
-9707
9268
1661
7817
7978
6037
-1991
-6288
-8175
6153
-1557
4323
2497
-1126
9765
-5011
4146
-7397
-1721
9008
2279
5357
-1177
-1215
-9592
-978
8528
4864
-9779
-5090
3046
9011
7895
-4177
-8473
-2882
9977
553
6189
3841
8819
2776
-4655
-2707
-2593
1043
8969
-8988
-2364
-3127
-6094
7500
7304
553
-6103
3920
7459
4078
-7534
-5708
6926
-795
2076
-9870
-6022
-1219
-5220
-4362
8542
-5686
-363
-5006
-1592
-4810
-9158
-3617
-652
-2395
-6838
8017
8154
-3581
7418
1461
-7070
-9076
-2512
-4823
-1582
5175
9931
-5800
-7928
-8224
6208
-335
7556
8433
-768
1060
-7363
1836
-4907
-4072
-3725
2359
9291
8811
-188
5573
4075
2535
-4200
-931
4738
-6338
1911
9609
1409
1250
-2213
-6050
4382
-8414
-8128
898
-6409
-6587
7543
9023
3863
-4260
5370
-5502
7824
4712
-6598
2480
8584
-7352
5172
-9658
-6415
8668
-6782
-5460
-5904
2907
3725
-9643
-2496
4269
4224
-5899
9039
6886
4888
-7584
1829
2016
-7784
2907
-2300
-1453
-8550
1281
299
2740
2431
9396
-3659
-921
8198
1598
-8449
4546
7611
3746
-9625
6400
6247
-444
848
-7777
9094
6130
-7999
-4585
9974
238
-2675
-6345
-4277
-1351
7117
7741
-513
3709
-4630
8369
71
6583
4823
-2529
-6591
4607
-4486
3119
5321
4853
939
-3229
-6934
-2966
-4331
-5268
-2639
7848
3578
-1271
6238
-6177
788
-4514
-2060
-531
-8139
5773
-6576
-5495
-9617
-2477
5718
4173
-4688
-2271
-1946
8605
7590
-3883
9710
6808
3680
6389
2841
-3110
-8779
-3416
-4379
5195
9533
-6479
5106
-4312
-7267
2952
7734
-8020
9632
7703
-6610
1402
-2431
7438
-5777
-8214
1094
-765
-5765
3277
2278
-1431
5262
-4033
6282
8236
-2056
-8311
-6927
-3609
-219
9775
1134
5026
-2056
-4100
9996
9483
6870
4328
-3438
-6449
-8769
3588
5346
9270
-521
1570
-1861
-8456
-9694
-2269
5118
8384
4047
-9666
-275
9467
-6741
-1558
6255
-7939
-8362
1161
-5359
5136
-4237
3761
9287
538
9080
8279
-9169
-6806
9926
8026
5910
-8866
4850
-118
-7372
-5643
-4830
2163
2259
-7988
-3501
-2294
-1587
-7529
-7497
-8398
-4429
-8483
9692
-437
7722
5968
-8217
-5159
-7313
6280
-96
-2004
4892
-1156
1319
3825
-3422
8124
-8284
-1772
-9354
-8851
-7204
-7984
-2776
-3998
4704
6837
7246
-2317
-4353
-9451
6816
4701
-197
3403
-3875
-1866
-7559
2376
-5077
235
4274
-7237
-9989
-6152
-3193
-1764
9034
-6302
7569
-5386
-4349
-5227
1526
239
4131
-2666
-8
9941
-1035
2948
8327
6918
3419
2575
7255
-2884
-5426
6356
5836
-5165
-4036
7637
9457
1817
2001
3410
104
7057
5169
-1946
-6020
3331
6241
6720
-5581
-6077
-2971
1531
-737
7133
7492
4765
-6701
6298
-1432
-9751
-9453
-3438
8865
7905
7684
8910
4585
5179
-4126
408
1154
-9058
-5391
6786
-6340
6106
-3861
-4849
-1838
1058
4375
802
-4172
-7737
-8837
4097
8032
3250
7528
4357
6281
7101
-3404
1153
-2406
-6226
-6235
5037
7380
-4143
1257
6222
-4750
8913
-3389
-701
5582
-1325
-4352
9486
6620
-5264
-2393
3773
-4364
-3987
2862
-6411
-1555
8984
4969
-8070
2565
8192
1310
8989
-323
-5423
820
-29
-2335
4395
-1782
5133
-3355
4383
1220
1801
1963
6118
8671
-1163
-1886
2685
6470
-117
5256
9056
221
-2675
-1553
4514
3099
-7346
7390
-5434
-6667
4123
5966
126
1236
-1499
-6507
-8707
7048
-9973
-1088
4699
-2217
7656
-7048
8805
-9010
-5610
-6361
8221
-7592
5438
-3467
-4011
-2260
-994
907
-8604
672
4149
280
-573
6812
-5874
9489
9127
2538
-5210
4723
9339
-3607
-1861
2021
-487
-3744
-5740
-5671
-8187
8271
9191
8721
7429
-4447
-3477
-8098
3265
-7297
-5925
-2685
-9997
-8066
-2846
-5032
-5973
-2536
-5623
8843
-9310
2424
155
-9024
4281
2799
-9486
4377
-4338
2947
-7392
1297
6457
-8377
-1061
-2621
-215
7142
2949
-2744
-1258
7353
3447
-8164
1347
-2536
106
2242
4018
1997
770
8318
-7581
-9500
-4936
4992
8651
-5505
-2846
7041
-9619
3685
-6911
6661
-8425
-5414
4006
2113
1692
-7766
-639
-8746
841
6207
-8856
-5189
5190
-6637
3425
9977
-5428
959
-5331
-6929
5725
1905
2032
5110
5412
-7716
6305
8447
-6390
9065
-3382
1817
5170
-948
-3748
6062
-782
6193
-8333
9133
-8050
-4139
-5055
-7742
-8877
2482
-3462
-8639
-4852
8594
-5604
8322
-9564
6692
-9832
3975
-774
3723
8353
377
-550
7124
-8944
-1393
1341
-8192
-7406
7408
-9217
-416
-1265
4592
-9511
-5473
-2569
-7049
-4901
-8711
4618
-9697
-8856
7881
-8316
-996
-5139
2047
7652
8246
6591
-9231
7512
-1935
-336
-7448
3783
-4370
1230
6236
9722
5130
7416
6010
360
2660
-1954
7713
-4548
-8516
-5772
5132
-187
7863
-6702
-119
-5222
-1153
-6741
264
-8472
1831
2792
-240
2841
6157
2561
8875
8866
-9064
9111
-1598
-7126
7008
-6223
5539
-8558
6988
-7407
-4610
-4602
3511
-9199
1839
-4034
-6964
-5888
1910
-7279
5457
-6637
8611
-9161
-5408
-8758
-5940
-3208
2319
-672
1761
-681
1073
8174
2774
3861
-1962
-4195
-3393
-6749
1773
-3355
-3749
5127
7786
-25
1959
-5942
5379
-5276
-3628
8189
-588
-9640
4946
6949
-3550
6103
-1909
-3126
477
3170
-7540
-4297
-9954
3077
5982
-5905
-1616
9264
-7437
77
-6485
4336
-7364
4405
9563
3049
2743
-3331
2239
563
8422
-8494
-5363
-3537
-9221
1928
-4908
-8220
5775
-575
-6535
8473
9682
-7207
-6205
433
188
7820
-9198
-5217
-606
-667
3753
8836
-9467
8355
3500
2636
-7580
-8726
-9595
3809
3345
-7740
-3423
458
-5471
-5070
8247
-4315
2269
-2669
-6583
-8036
-7466
-6737
-1885
-5690
-1835
-608
-7808
-675
7280
1502
-1877
-489
4025
358
3331
-9405
-4495
806
9528
3810
-5351
-2361
4338
4736
-7767
2999
-9614
-243
-4487
787
8048
6589
2844
8622
-4126
-8584
-8371
4416
3678
2270
-4094
1773
6262
5083
5757
-5680
-3421
7043
-3486
-6012
9277
3370
-4478
4592
9702
8642
-3307
8109
-4122
1618
2951
7413
-3567
-6256
4777
-9175
-571
-2341
328
6686
3056
9815
8315
9766
8974
-8187
3477
-8201
-6801
-2466
3899
6458
-5513
1101
-2768
-4815
-1664
-3386
-5109
-2330
-7078
7047
-8406
-1747
-2958
-8119
-2400
-7115
3152
2626
-8310
-8176
-9766
3035
-8897
1756
-9162
-1367
-8091
6733
-7891
4971
-2208
7193
-8661
1534
-8986
5792
-4957
-5600
6670
7638
1104
1407
9735
4879
2550
-3843
-7899
5702
6822
-93
3926
5769
-1312
-2081
5042
-6300
1843
5531
-5775
-2264
-9312
-9381
-2026
-7912
-3875
4947
553
2992
-8651
4643
-8317
-909
5388
3216
-2590
-6801
3264
9055
-7267
1999
-180
7217
-2063
-5571
5446
-8234
-3367
529
-952
7951
-3044
7995
-660
4324
1056
6473
-496
9407
5117
8021
4281
-9437
6541
-721
-4621
3820
2975
4034
-4426
-8892
10
-3515
6309
-6689
-5569
1024
5200
-7500
3607
7065
6330
6201
171
3674
4693
-6982
-9277
193
4296
-1931
2470
4164
3026
4405
4944
6974
-8055
-8760
4098
8379
2523
-1057
5682
-4996
278
9987
-157
6343
2947
-242
6896
-2098
-2196
1005
2722
-1958
3134
9232
-1055
6227
7946
2346
4199
9039
-4154
9516
-6576
-3114
-751
5401
9198
1326
6707
1669
-8071
-5625
-3838
-3473
1123
1284
-9247
-168
-3447
-1084
2979
-8770
2757
-5907
-2419
7098
-3392
8213
-8902
-9806
5414
8204
-7976
1660
2770
1065
2127
1297
-2104
-3793
-6334
2697
3329
9467
-3506
-3592
-8799
-3219
-6001
6980
-3164
-5775
-2654
-5886
-4681
-3319
2821
-3539
-8540
-4840
1787
4994
-443
4334
7980
-8742
-1287
3979
9000
-219
2036
914
7340
7199
2736
-9044
-6627
-8142
-446
-1163
5394
-5176
-5688
5575
2126
-4917
8606
4768
1258
-4580
-6289
-461
-6831
-1524
-6999
-6743
8165
-7847
8297
3633
-8928
-9944
3701
-5557
-7499
2300
7337
-6163
-204
-9199
6281
2704
2924
1528
1590
-1990
3786
-5585
1084
9672
3712
-2661
5319
-968
3906
-1979
4885
8401
-2583
5902
-5433
8111
3290
6960
-7823
-1553
-3455
-749
-2319
5939
9142
-4823
8572
6642
-9822
-7769
308
-6369
-9861
-32
918
6132
4139
8991
4079
-9284
6799
-1184
-689
-9926
-6245
8812
-235
-3463
-9221
3600
5066
-5584
-9036
-8007
-5942
-2127
-8056
3534
6909
-5873
-1159
-2839
1637
-1206
6213
-1357
6127
-1575
-7761
-7653
9771
7026
-5442
-9613
-4391
-9416
-3969
-7256
-3271
-1150
4326
2556
1061
3044
1234
-543
-1317
9469
-1074
-8653
3793
-6372
-6573
-3949
-6675
-6129
-4373
-8100
-5523
6601
9040
6436
-5952
-6673
1107
817
24
-3104
-4199
5141
7031
7423
8512
2183
9702
286
3679
2495
-187
4937
-5845
-5330
-8740
-5877
-5322
7288
9680
225
-8943
8367
4914
-1286
7538
-8787
6961
9031
-9039
-8435
-8177
-9115
9453
2695
-1743
-5213
2668
-9209
9008
-2638
-7361
4552
-3987
-8311
7043
-4846
-9086
-8974
1540
-7444
-8269
4213
-9924
-1376
-317
-7778
-1670
-8629
5474
8557
7677
-4483
-1884
-9221
-1793
7891
6157
-9628
1647
-9618
-1527
-8075
-9162
-337
2616
9778
9051
-654
2758
-4988
-1021
676
-9671
2046
3728
8835
1635
6795
3818
-8783
-3272
9366
-2213
-1677
-7847
-618
-4333
-820
-2193
5235
2124
977
8851
-4007
-9816
553
7241
-7720
311
3011
4653
-6859
-6443
-2124
-9626
3569
-5872
5739
-6024
-4524
-8121
-8493
1526
-3690
-4435
-6075
5875
650
3117
5926
-2247
-6073
-7512
-3612
7315
468
-9766
-4055
-8827
1711
-2950
-6758
7995
-1702
2144
-6385
-3905
-6878
8449
9550
9796
9006
117
2630
3392
-6944
6810
8773
2166
-597
5329
9686
9777
-8238
4486
-8613
6829
7352
3438
-4861
5326
2794
9
-7927
3892
-5435
-794
-7159
-665
5797
-5370
1854
4044
-6901
-7848
-3907
-9318
4298
-892
232
8774
-1426
-605
-6224
-2022
-9143
-9653
5866
-9244
-3333
9129
44
6538
5982
7303
1541
156
-1780
2765
-5258
-5694
9837
4419
3185
2580
9696
-4555
-7508
6025
-4027
7343
-5374
-890
-4059
424
-9753
3480
767
5307
5797
8989
-688
4975
-937
-611
-1986
-903
4706
8790
65
696
-7605
6292
4431
-9154
185
-8224
4002
9390
9544
-241
9928
2048
-4185
5660
9222
386
-6737
-3184
6121
-9927
8480
2012
-8084
-3643
-8039
1993
-9345
3202
8116
6055
8922
6634
4444
3170
3646
-1576
683
5203
-2748
5768
4709
-7533
-3420
-3237
-6581
-1494
-4764
7350
4348
-3131
1435
-6711
4590
9317
-2495
5101
9413
-9964
5525
-7641
-1522
-5901
-3670
-119
7675
-8305
1167
-6664
5532
-9006
5274
1352
3413
-3914
9328
3523
-9375
5396
-685
5160
9699
-5445
-9655
3120
9925
1980
-9819
6957
-3760
4769
2516
-2965
-4634
-3202
2534
3960
-3905
2272
-5994
-6368
-8002
3457
-2632
8272
5519
-4930
-1282
9244
2591
-4704
9608
9981
-3592
-586
1894
-8590
-520
3364
-9110
8423
-8915
6549
6191
-909
3407
-4597
-7264
9179
-4519
3767
8774
-4364
3109
-6524
-6318
-1562
-4508
9646
-4349
5771
-1929
-5712
8917
-7433
4526
5531
-4985
1554
-7014
-9790
9094
6913
720
-2254
-2469
4482
4284
-3361
9101
-2506
2687
-9542
8693
5913
3015
6943
-6275
-3476
9066
-758
1651
-4716
-4705
1321
-1264
8347
7097
-6931
-3713
1781
-9920
90
2828
1213
-18
-6914
1899
4125
8227
-6690
9506
9613
-8763
-4500
5044
-8686
1943
5621
-1909
1608
-7339
2487
-2783
3834
-8119
-5457
8107
4302
2381
9136
4131
126
5982
-624
6416
-2143
7962
4764
-3180
4744
-9290
-884
-3502
-5725
-3747
-7246
3962
-1884
-9175
4971
8498
-4388
6583
-8040
-4510
4962
-9109
8294
9148
-1070
8639
-3031
-8185
-9518
4105
-6329
-1529
9807
-6392
4049
-2134
4230
1354
-9427
305
-3746
9342
7022
4825
7475
1872
3589
2789
-3378
-9945
7281
8458
-3153
6455
-2831
8342
2669
-1725
-965
2174
9268
-8941
8069
-7997
-3667
-2419
-9504
8000
2395
8979
-2268
6643
8289
-9095
7238
-6011
9026
9762
-1209
2968
2784
8246
1190
-3284
2118
3522
8854
-914
-3071
-5332
-2486
8573
8713
4816
-8372
-9638
4381
-9316
-4243
-4149
1772
4389
-5418
-3316
9040
8900
-1123
6612
-3659
529
-908
7135
2840
6554
3964
4477
-438
4608
7671
-938
9940
-818
8698
9336
-4652
-9194
737
-9313
2085
-5910
9468
-673
5565
4596
-7033
-4527
1327
2195
2968
5560
-8655
6610
2961
-7313
-999
-5817
2582
9072
256
-2043
3256
-7485
-7032
-9954
9360
4770
-9606
5752
-9657
-5050
936
7082
9042
-7249
-3407
-5100
5243
-9260
9091
8601
-134
-763
-5766
-3238
3523
-5638
-7066
7663
-3528
-6181
-9941
-5660
6303
-8182
7939
7631
-1201
-1392
-6274
-7030
7716
6883
8329
3761
5874
-9839
-1204
1465
-619
-1717
174
-726
-5913
5681
4243
-5989
1291
-8330
2213
41
4359
-6384
3952
-5421
-8690
414
-2809
789
-3493
7446
4197
-9057
-2278
-1878
1486
-4494
992
1174
-268
5398
1179
1385
-8651
-9381
-1501
-2546
-8671
-4214
-7952
342
-135
-8122
9446
7555
-6093
-7131
-885
-4941
-6182
-9467
-4487
9191
3538
-2995
6990
-8817
9978
-3007
4416
8693
-7894
3681
5263
-1310
-4356
-6625
8627
9040
-8601
-7109
4500
9390
8038
-6660
4889
-4919
6711
1645
-2760
9309
6847
178
-6773
-488
9322
-4890
-4060
4487
-7663
-5805
2071
2560
8885
652
374
586
6375
8266
-3686
8685
-7542
-159
380
5970
2064
4447
-2396
6582
8288
8865
5561
-7215
6873
8241
1495
9053
689
7903
6047
-9563
-4265
-9349
-760
-4821
8374
4589
7091
1334
-166
9905
-4612
5559
-6515
-6894
4332
2198
3098
2754
-2356
-9890
8659
3859
7092
-6559
8558
-8555
3329
-407
3946
172
516
-7971
7983
-755
-4905
7692
5716
-1514
-980
-296
3866
-6521
-6146
6786
1397
-6591
1640
-1297
1290
3801
-1132
-9228
-8364
-6152
-3221
4803
9793
1554
6955
-783
3642
-8126
56
-9373
-1857
-4098
-7991
-7563
1520
6748
-3581
-986
-9495
9697
7267
7907
-8315
-415
7636
3087
-5309
8985
-7648
8140
-2010
5508
-2813
-7575
-1322
-643
-2501
3592
932
-8142
-2404
8619
-3382
6082
-5823
9882
9617
5267
-4131
-685
-84
-1006
9455
2382
3490
-2552
4947
6764
9641
-1099
9204
9852
-1362
-6581
-5920
-87
-4591
-4694
7861
-9148
-6356
-2605
2711
-3927
3860
4140
899
-5584
-5223
9167
8861
-1965
-7960
-9777
-2746
6295
-7057
-7096
-7702
2233
544
-7775
3541
5110
-7633
-4543
-4762
-2058
9141
9195
-197
8119
-3657
-1960
8492
-7854
9505
7248
3764
7307
-8692
-5116
-5335
-9926
-1281
-3157
7053
-6959
6353
86
-483
-3030
172
-6158
-4314
7087
4397
474
-5416
-3771
-1048
5431
9779
565
457
-1867
-8226
1432
-3531
-5118
-5034
415
-8369
-5498
-5309
-7299
-1994
3130
8999
-9487
716
-8154
1263
339
305
1211
940
2522
5838
4810
-7621
-6776
7885
2047
3200
-5997
8741
-3779
6898
-2095
1012
-7945
4815
7071
4773
-6647
-6032
-6450
1650
-6831
-5096
-4565
4195
-7315
6022
-55
-9805
5265
7753
2924
-7789
6501
9651
-7595
-4312
-1159
7910
9189
9936
8646
-9204
9072
3042
-7421
-7741
9120
-5965
7296
-6828
-3869
2997
8227
-5372
-7918
-5254
4860
292
-5346
3478
-1145
-7581
2969
6531
-6274
6116
8862
8285
-4392
5162
7775
-6835
994
-145
7849
-3836
-8391
-6220
-1578
9981
-4031
-4941
-4274
-5563
-4156
752
6395
-3178
2346
-4786
-1176
-4386
-5806
8446
500
8607
-5269
5041
6265
400
9617
3567
-6508
7937
-9113
-5408
1009
-2980
1741
6952
9108
-2938
1118
-5840
3749
1604
137
-1921
-4711
-9061
3498
-4312
-9510
8144
-4987
3516
-8973
9038
-9090
8768
9529
4101
-585
-2279
-5703
-1393
-1241
-5916
3450
7087
7571
3426
4175
-653
-8148
6288
-6692
-168
3814
1429
5953
4844
-1136
-6187
-1944
5102
3380
-7101
167
242
7852
-589
563
6848
-2945
6156
1377
-8516
-2857
9277
3642
-4351
3808
-8953
-7046
-5657
7680
5079
-8539
-7101
9517
-7145
-7897
-6099
1231
-8006
-7290
-7395
-9836
4086
-3993
-529
-8695
3055
7961
6278
4764
4909
1953
3820
7947
-3121
-1469
4150
6312
9049
6571
9574
-7892
5513
-3659
4843
3828
5256
5759
-7740
-7299
-4101
4872
1665
7448
-359
-475
-182
4746
-4649
5184
3673
-9022
-4993
-7411
-1854
5655
-5984
3275
1043
3166
3326
9555
3606
-8667
3530
-9983
-9581
-8465
-1876
2332
-6894
-4116
-1156
-8221
-2305
2836
465
-3435
5894
-2591
6961
8093
-5826
5414
-9017
-8423
7554
-4433
-8430
8549
-2118
-1450
-7111
7817
8056
-2049
-2787
-5540
9694
-2031
-9241
-7949
7134
-8942
3329
7209
-3111
-6179
-3679
-8339
1160
4610
-2177
-7965
1081
4315
1415
6680
9969
-7321
-4406
-26
-5968
9477
-7121
-1825
8531
3534
551
-5927
6578
5262
5598
4823
-2743
1217
-4115
-6576
9300
-6777
-5107
-257
-9260
2435
-5210
9926
-9458
5686
-315
-9249
659
4658
-7060
-9344
-2662
8030
1347
8714
4776
3398
-6900
3215
-1230
-8741
-1804
-4099
4250
-4210
-8346
2411
3381
-3548
1881
5119
-5747
-9065
7146
-4582
1282
5642
1348
-7167
6443
6278
-9765
-6039
-8486
-5419
4473
9885
-1186
-8006
-4944
-3377
4482
-1429
-8082
4985
-5838
5773
-7602
1102
-4674
7019
-4150
-5309
3063
754
1966
-3757
119
-7957
4297
6323
5437
9013
8157
-5197
3029
9343
-5259
9133
-3113
8864
-7178
1198
4102
4659
2798
-5634
9368
-4110
-343
9678
-9163
-3187
-349
-3332
2136
-2553
2776
-314
8882
-4530
8374
-343
-2450
-1675
-1900
-5996
9424
-3345
-5284
1678
-2505
-4918
-6493
-2015
7809
166
1946
9569
1390
753
-5955
5597
9916
-6432
-4344
-2815
-9103
-5364
6154
4837
9944
-9690
-2223
6070
514
696
4965
-3425
1581
-3334
-8111
-588
7843
-3378
-2661
7258
-103
-8200
9877
-2858
-7240
-67
-1140
-1167
313
-4200
-4194
-1372
6824
1203
1769
3206
-6037
-1272
1022
1295
-5092
-1645
1524
-1528
-7150
2579
6552
6898
958
9150
7938
-6993
-1903
894
-4316
8720
-4741
684
6075
5660
-9522
5991
6280
-5766
6273
-783
-9768
6108
-8336
6375
-4417
2088
-3519
8346
5252
-4476
9538
-7537
-9258
2653
1101
4335
-1252
-5965
6093
-789
4489
7653
-2821
-5967
3118
2708
3873
-3452
-2070
7927
735
-582
6269
539
7948
6519
-6246
3636
-4300
7393
-9606
-1883
6240
-2431
5485
9416
6324
-4299
-6196
-5414
-8143
-5100
-6614
-1882
-325
7711
3785
4972
-3564
4928
4168
-2290
-601
9314
7002
9815
9089
-7603
338
-3960
4474
-9828
9658
9825
-974
3453
195
-6648
-2570
9636
-2761
-7591
-9887
4876
-4342
-4822
4031
1516
-3697
-1319
6221
-7375
6247
-8396
-7332
733
7316
-9883
6741
5020
748
-456
-2474
-8257
-5080
4491
-1958
-5224
3068
1297
9623
-400
4417
2690
-319
4520
-8402
-9981
-3060
-4150
8358
1773
-8273
4011
2474
-163
9155
-1089
7631
4503
9610
-5127
-4470
-1033
2701
-5922
-7032
-7210
-2146
-5211
-8262
1526
-5924
9133
-3602
3211
-4107
3930
2329
8709
5062
6350
1840
-8066
7933
-5440
8469
-420
2816
-5188
8750
7299
6534
6231
6930
-1350
-1374
-6771
-5283
7257
-3615
-4200
-6813
6092
7721
1711
3329
-6650
8833
3257
8207
870
2064
8044
-6255
-1410
5373
-8217
-9587
-7706
9909
2504
6423
-1220
9932
-982
2951
-5291
8602
-2113
-403
293
647
-4858
-3397
7751
9313
-6135
5632
-5559
7465
5398
6708
9016
6703
5592
-9553
6115
-2030
7153
-8907
2798
-5783
-9162
-8916
-8010
-7585
4231
-2898
-2885
-1799
-7894
569
-6513
-6221
7651
6436
5626
-8983
4337
-4947
-8729
7826
2503
-8755
6063
-6490
-8698
-4724
4640
-6080
4532
9073
3529
-3330
-7236
9202
-6491
-5275
-8638
1866
1537
-3614
9536
808
-9140
-9237
-7295
-2524
-1830
-9276
6489
-948
-8843
-194
-288
285
2560
-1959
-3606
558
4777
7914
8644
8773
6059
-6760
-7412
-2899
9053
-7647
9517
7039
-1573
9401
9942
3581
-7665
8146
-2218
-834
8635
-5513
3927
3043
7941
-3758
3636
2120
7487
7566
-4424
-7178
1843
2070
-4556
1782
8744
-8164
3708
-3744
-2381
9718
-4994
6385
2812
9123
-9120
-677
-1429
-6740
7510
3830
-9584
1573
5853
5268
-7379
6002
-969
2515
9856
2535
-6077
-4821
-3440
-2873
792
6503
-2957
4622
-1250
8496
6809
-8726
-5623
1733
-4199
-412
5298
7815
-7625
3933
-9004
-8559
-498
-4141
3744
5765
-9345
-8861
-8034
2593
2806
7272
-9279
-2416
-3658
6945
7365
6204
-31
8529
-2521
3489
2117
5696
-2303
-9890
-5914
-9185
7008
1061
2276
-8663
5604
-1838
-2263
-28
2356
-1096
9553
871
-4228
3254
-554
-6794
-7100
9544
-1545
5160
6222
9050
965
-7990
8875
-1161
-8022
6876
5402
-8160
-8842
3385
9374
8569
-2713
9556
-6405
-5731
3188
6589
4749
5553
-6730
9635
1605
7126
9428
7668
3553
-4680
-2711
2304
9319
6532
-364
-9892
-5250
-106
6780
-1054
7145
-3728
-9826
2197
-8128
-5722
5717
1122
-8564
9494
-6908
-5630
703
-9546
-7838
4540
-4434
-2138
1731
2535
1933
9796
-833
-6675
3973
-578
7778
235
116
2849
-6353
7286
3393
-9776
1234
-9833
8922
3185
8672
3863
-4244
-1438
8493
-9898
7390
6633
1642
-8396
-3349
-6551
4664
-6158
3930
7663
-4402
-8077
-3493
-1652
-9278
4381
6977
-418
3288
9788
-8266
-3098
8549
-3611
1183
-9570
-7778
-2761
-1682
-3964
-4894
893
9790
5039
-9024
7760
4910
-1373
-8058
3130
-7715
9759
-8504
-1066
5022
4723
1353
-5965
9464
-3410
9097
3287
4989
-8010
-3508
8000
9125
-7087
3426
934
4806
7712
344
-4
-6638
-7028
2554
-3083
-5778
7672
4227
9763
5386
6230
-6397
6586
-7711
-8298
1195
-7756
-4081
-4328
-3560
-9747
-2326
-6142
9178
1935
-5538
-5810
6656
7528
873
-1381
-9662
663
-5424
-5916
4939
2853
-3108
9933
-8671
-560
6741
7801
2929
451
2361
9145
-5956
-6911
-5800
5055
4184
7809
9807
1904
9060
-1517
7520
-6216
-8787
7425
3882
-680
-650
3761
-3478
8122
39
-6522
5710
-6971
9748
38
338
-596
232
6454
6361
-9504
-2257
5473
2185
6854
-7235
-8264
-2941
7108
3390
5811
9757
9780
8283
2325
-3618
-7525
-2587
718
4150
3187
-3230
-1861
-8521
1508
1009
-696
4788
1778
8091
853
8341
1648
-6088
1622
8660
2290
6395
-8268
-5161
-9152
764
7921
-3190
-3354
-6336
5545
-5672
-4056
8614
-9901
-8122
5843
-6576
-9113
3404
9519
5324
9626
2545
4625
6142
-1883
7618
4684
-2419
8132
-7890
5799
3559
-5510
-2335
-2422
-2703
3697
-3429
-7182
7246
-7233
4460
-1148
-5237
-4956
7183
7390
-763
6928
4960
7177
8632
7489
-1285
-6869
-4378
7306
-9773
7128
6656
1616
4619
2569
-9293
-3858
-236
-9531
5586
9400
-3036
5275
-1861
-484
-5585
-7694
649
5284
-731
-6472
-4522
-6056
-88
4470
-7605
1889
-3160
644
-1179
-2967
-1252
-1223
-6939
5245
6239
7547
-2923
-2892
-7163
2677
2482
8457
-7591
-8825
-9798
1892
-4235
-5034
-4365
-7272
-5348
6404
5046
7557
-2537
7226
-6890
-6339
-3030
5538
6097
7300
2066
8626
8306
-8464
-8226
-4830
-9184
9968
-4121
6047
-4122
3081
-9202
5528
2400
2140
3440
565
4127
-8509
-2168
-761
8633
-102
3905
1306
-8240
250
-9290
-9304
3197
-1024
9033
327
-5639
7917
-4676
-3902
5288
551
4047
-8090
-510
3996
2934
2290
4031
8422
-4746
2034
8606
-6486
7933
5221
5875
8667
-8485
-3719
-6901
9499
320
8953
8029
-4446
-1581
-5091
3438
-9577
-51
-8161
-4127
9467
5936
-8914
-9703
7397
-3993
1627
8429
-9624
-4901
6641
-7385
6736
-4978
9666
-9640
8363
-2280
-2660
-1604
2533
-5092
3866
9509
6188
-57
1206
-4089
-9006
-9372
-1731
-353
-559
8958
-3077
-7904
6505
9523
-4139
-9412
-3964
9074
4214
3468
-3974
-3951
5761
444
-8944
1389
197
-2794
-8804
1502
7374
-2391
-8028
-4650
6264
-5706
-8860
-4137
3391
5430
8621
9486
9298
7243
-6133
8112
3494
3394
-2625
-7537
-922
-3198
-2261
6680
8039
5812
2157
7629
-5638
8942
-2846
-6790
-7205
-2498
-4756
3286
-4793
8207
7310
-9192
-4246
-3973
-6668
-8781
8950
-7378
3791
-3344
-8913
4946
-1026
9639
4004
2620
-3096
7481
7544
-6509
-1562
7948
7518
-5704
5694
6852
8355
9238
-2326
-4965
3909
-2841
8182
5405
-7358
9761
9512
-2750
-1685
156
5531
8776
-7849
6240
6243
-6003
-9164
4111
-75
-1306
1208
-8628
927
-9441
5558
5639
-9774
-560
523
-2937
-4160
-4073
-4392
6066
9056
1336
-1077
-9444
5359
4942
-2026
-5623
3760
-4244
6721
4673
5844
7989
-4294
-5681
-2795
1940
4683
-8811
-6180
-4647
2788
-5424
9602
-7631
-5641
2500
180
8577
4899
2372
-5489
-6018
-7160
8384
-1813
43
7962
-3701
885
-2128
-9360
-5881
9300
-5868
8219
-5360
-2484
5239
-620
-5470
-1727
-4753
-3026
1991
-7373
3517
9067
6945
-8568
8938
139
368
72
-7741
-4706
4481
-2910
-4626
-837
2452
6507
-3704
9193
8136
3398
-6595
-2886
4005
7007
5763
-680
3717
-622
436
7127
-1921
777
-5658
8683
9106
-1438
9736
9714
3467
-3410
-3845
-4879
8691
4150
6859
7677
-7880
-7623
-9080
9488
1623
-1744
1925
-1988
9762
-5582
6860
-5925
-6157
-2797
-9220
-92
-6067
-121
1249
8090
-6421
8901
-6929
8478
-9975
8230
-5958
5157
-5461
-1939
-2092
3045
7981
32
-1244
-2807
3719
-3243
-1473
-2365
-1571
-6360
-7194
-4959
-1151
-3576
-7012
7832
-7835
4594
3714
1341
1697
-9548
1329
8051
-4643
-1420
8628
-7586
4412
-7479
4671
6614
1157
-4313
7439
-2441
1871
-1992
-192
7413
-2808
-9274
-411
6989
6050
7317
5928
-9449
-1734
6445
9502
-3752
-4729
-747
6213
-7309
956
-4101
-1092
-6369
8825
688
-8480
7412
6164
-5840
-1633
7967
-6400
-6881
-8389
853
4343
-4593
8957
2948
4586
1694
5202
8069
7233
-3588
-7001
5870
-4687
4427
-1924
-8124
-9287
8255
5352
-5875
-5832
-3708
3754
-9948
2032
991
-7898
-7003
9327
4045
-1340
-1592
-4000
-8217
-5151
2474
-8499
3847
-9552
4199
1998
7429
3217
-6555
8243
-9126
-1204
3849
-7415
3205
-5141
9996
9805
4331
-7695
9192
6955
-7335
-9158
7373
4785
-8890
1712
8945
-3787
9748
7559
-8509
-961
5493
6486
-7104
-300
-1271
-2126
-5665
3425
-7515
2121
-9657
-9088
-2512
-5768
-9888
1898
-2392
-2455
-9498
2777
-1342
-2387
-5862
-8231
-51
-7150
-1420
5258
-4425
-4191
1875
-9612
-9686
8951
9428
-4696
-1649
8765
-5055
-9105
4754
6726
6048
530
9381
3428
-7603
-4348
-6209
5096
7362
-3344
3485
8884
1650
2010
6312
-3585
5301
-6923
8791
-2492
1661
-1471
-1141
135
-1112
-5058
7352
-4890
3246
6769
-4796
9463
6426
594
6472
2979
-7402
4400
-9101
2495
-4994
-2046
-9554
9443
-553
-6837
-5254
-982
4601
-5464
3606
996
6886
825
-7908
-1509
479
-6359
-4981
2784
-9140
732
4159
2257
-4200
8437
-260
8234
7232
-7615
-3862
-4828
288
8675
7258
7854
-5298
2365
-8505
-2105
8066
8087
3928
2390
9458
239
9890
-1786
-8963
3038
4842
-4959
8509
5667
-2201
-9049
-2689
-6866
486
-7637
-8977
-2773
-8601
5162
7116
-7096
677
-7575
-1510
9221
9523
5643
2167
-9288
-6238
7884
-635
2425
-2753
4380
4198
-9359
-4871
1947
9382
-1446
-2912
-2195
6930
5330
-2103
-3685
-7962
2434
-8018
8998
-9660
8709
5714
7752
-7359
6360
5858
7881
-7303
-9155
-7753
3098
-2493
1195
24
1810
-9313
7189
-4195
-9629
459
-5675
4398
4184
149
7029
-7703
7405
1323
-4998
9283
-5173
-9394
9998
9254
-929
6405
-4248
248
-4587
-3282
-9702
316
-8970
-9841
-7433
6514
3131
-9397
9343
1721
1741
1744
3688
6005
9595
6380
1034
-3668
3095
5760
5896
8586
-3186
-467
22
-2556
4353
4651
-3733
601
7428
-1735
-4892
2933
-8493
-6066
-910
9487
1388
1422
6690
-1486
-4115
-8424
2280
-7719
9035
3324
-6809
-1005
-7540
714
894
-5529
-7582
-8603
2002
8305
-2012
-6953
-6668
4329
-8790
-1154
4431
-7867
-5211
9796
-6447
5013
-8968
-244
7859
-4212
759
5384
-1881
-706
-5893
-952
7101
8677
2847
-6547
3634
7550
-8453
8667
-7659
2704
-6982
7596
3479
-8116
-7238
-2750
-4337
-1776
3967
9333
9447
-6490
6164
-4822
-5530
9322
8255
516
-4069
680
1376
-5964
4099
4323
2470
-1204
-297
5299
-6002
4978
1909
-4858
-5031
6576
-4407
7143
-3352
5895
-6985
-9029
5974
-860
-5656
-7832
-3789
-7605
-5809
-3984
-9511
5328
5303
-2596
-9971
9061
-405
-5196
9939
2028
4001
5162
7822
-7090
-1981
-9930
3411
-2235
3260
-2724
2281
-5388
1500
5290
-8609
-7946
-8088
5949
4393
1843
1
1507
3929
7183
3695
6844
6774
4093
-9911
-2662
7036
3218
-1788
4327
5167
1907
9078
-3739
8637
6192
-9690
8528
3888
-3510
-8462
-6720
-7956
1903
6843
-8277
7147
-1369
1009
9575
-4110
2823
1655
-6579
7344
-2622
1843
-5063
-8877
-9569
-8588
9198
4454
-6298
864
-9642
-9333
2708
5689
-2169
-3887
-4241
-9140
-8286
-1774
-2061
-3466
2868
-7188
-4694
-9454
-8481
4282
-1414
-765
7603
-306
-6088
-7781
3862
9037
-1862
102
-3997
-921
9770
6294
-8818
-2991
-1513
-6837
-6970
1409
1254
-3905
6675
-8059
4421
-1493
-5698
4801
8512
4057
8272
-3933
-3347
9896
6451
-5244
-9695
3509
1972
1438
8965
-6995
1098
-2012
-188
-7637
3217
6403
-3301
3183
9071
-589
147
2590
2839
5177
1899
6352
2444
7805
4877
-454
-5763
866
-3453
-9672
-977
-8281
5539
-3273
6968
3226
9830
8124
-8409
3604
-1258
-1323
9090
373
4709
1466
-7321
7292
-6373
2974
-2796
8802
4455
-2248
-7102
-1644
790
649
-6133
3148
898
-2231
7660
5195
-1087
5171
-7994
7253
2239
-23
7295
-7448
-6234
2341
-5243
8058
-3847
3262
-9709
1967
-8928
-3341
6380
-8108
7710
3735
-9629
9371
-5890
-3143
5501
6035
-5428
-1490
-3857
5282
1184
-1219
9313
5730
6964
8135
8660
-714
-5577
8914
-1729
7912
6235
-8367
2709
9760
648
4561
-6941
2627
-8973
-6207
7253
-4475
8010
2591
5112
-2644
-986
-6789
4538
4931
2083
1099
-5170
-3177
-629
-3925
3211
6034
142
9710
-8620
-2735
558
-347
6546
-7612
-8905
3691
2398
6914
-9524
7499
8891
-3993
3100
-6450
6495
-1877
1844
-6715
-14
-1697
-7346
9711
-8208
-5530
-8314
-5145
-7575
-722
-9363
-9298
-953
-4885
-4585
-5264
-6545
7694
1007
-9259
2848
-4249
-4949
7527
-2471
-8940
-198
-5381
-7817
-6748
1529
6782
-292
1036
-1307
-8931
8043
-5787
-1238
-6543
-4528
9057
-7942
-8699
8285
1832
6074
5125
-338
8595
-2698
5
7982
3140
949
6475
-6925
-9632
-1817
4922
-4604
1194
9211
8188
6298
8798
7116
683
4996
-3162
7131
-2276
4229
3708
2329
-5144
-3207
-6019
-2533
-2440
-3051
-3354
1296
-9715
-2645
9102
-7250
490
1453
7936
9800
3742
-1751
275
9244
-4175
9714
-5913
-3864
-5973
3967
-2913
-1635
-2405
5965
3925
-2356
3499
-2048
6878
-8067
9822
1222
-7940
-3329
-4670
-4
-4998
761
3992
-7381
1511
-5697
2524
2634
-4302
2305
-6829
-5625
-9602
2013
-2703
6047
-9822
8564
3077
-7990
1312
5593
-9887
5877
-5857
8550
-23
-4761
-3416
3177
3127
-1179
5850
5404
265
7921
4042
754
-9560
-4276
-2022
9101
-7627
2012
-7148
-4851
5362
5577
-2012
9443
-7861
1282
-112
-6237
-5217
349
-1356
1272
-7729
-5541
-1762
5041
609
1449
-605
1273
-8623
-4637
-7620
4644
4405
4371
-3616
-5242
3436
6807
-2977
8990
-4094
4577
5753
-1873
7234
2487
-8839
-7601
-7175
-2789
3953
6776
-7582
3269
-5677
3227
7220
-2772
7721
8245
-6972
3269
6129
-6726
-5704
-3038
7577
-9842
-1686
-8069
7059
-8909
3349
649
-8875
-7684
7519
-8689
8495
-2049
-9054
532
-4438
297
-9512
-9173
7226
9708
-6109
-4748
-1665
6036
-329
-9093
5630
6711
-9147
-4067
6551
3146
8100
7307
-1661
6992
-9026
1384
-8949
-5843
-3148
7916
-4824
3385
-5009
-5173
-4814
4817
485
9968
-6905
1927
-3709
-478
2235
4729
9021
3049
86
5471
3375
-5910
-1937
-610
7695
-7571
-7037
2489
-2702
-480
-6287
8424
-3305
7796
693
3969
2164
-1083
-4225
-2702
3867
2903
8719
-9776
-8280
5116
-176
-6647
-4918
3251
3886
-8106
5515
7114
-7627
5677
8158
2276
-6457
8019
7812
3541
-9830
-8593
187
106
8972
-1127
-9628
-5563
7843
2737
4239
-7994
-8730
3564
-9723
4198
4497
6312
4210
7421
6713
-5535
7213
2467
-7715
-4163
-7099
-5356
4292
-2335
-6070
-5300
-5415
-473
-7116
8401
5760
-4441
-8076
1520
-6316
-7310
2454
-6400
-98
6461
7791
7491
7860
5978
-3959
1643
2796
6083
5672
-9863
6267
-4688
8856
-1312
-7698
-664
-4715
-9720
9700
8531
3863
-1009
1606
-8274
-8360
-9110
-6972
9720
8291
-1399
-722
1513
5850
4920
2603
6787
3812
3809
8409
-384
6129
-8593
7586
1067
8779
3118
3288
-7605
3836
-8594
-4531
7129
-170
2503
4817
-3470
-3261
-6058
-3544
-1912
1609
-1819
-9529
-6060
-6535
3336
-9461
8198
3189
2340
7703
2941
-7524
-8630
-2488
9329
-653
9249
-4234
-7187
-1391
9922
-8119
-2565
-8633
-4227
-8107
9240
-3574
3960
-9612
-6810
8318
5208
5567
3616
-7679
-232
-9687
1992
9554
470
8535
5853
-4900
-3251
-1696
-8632
515
5469
2525
-3403
489
-185
-3988
8094
-3235
9780
4295
6339
4193
2486
-3012
-4650
7574
-1050
-8599
2771
-3642
-4469
951
8301
-5266
-2372
-2417
-956
-7898
6525
-7971
-1134
1486
-7898
-2432
-7388
-2473
-1470
-8630
7046
-5652
-3982
-6373
-8521
2651
9521
9300
-3044
6627
9203
4410
6576
9403
9382
-7478
-3079
6781
-5381
7219
-330
429
2462
-5420
8276
650
-5152
5075
4640
-7824
-5290
535
-9641
8744
-2982
7619
2937
-3635
-8273
3184
-645
-4165
5443
1797
9404
6325
-6579
-1962
-752
5427
-4235
-106
7096
7815
3251
-9766
9362
-5046
1455
-2517
-6356
6344
-6872
2919
-7276
3877
-9968
-875
4043
-1718
1620
6244
3097
-8560
7290
5567
-4134
1288
6147
8814
7253
-8348
527
-4756
3341
-9146
-1312
-7903
-112
2307
5079
-8197
-1556
-9869
4155
6638
6722
9783
2040
6853
-5357
9575
-3357
-9149
-1128
-8776
-4
4891
1038
6823
-9844
5672
4845
3749
-4530
3626
3833
-6114
3690
-418
977
7879
1820
-4808
133
-2428
-2285
1856
5509
-3725
-330
870
1877
248
65
-6781
2748
-314
5709
5677
1948
-9177
-3955
-2889
-9956
-7096
6772
4387
-3616
-2204
8821
-7291
4026
8972
-5054
-2187
-7686
-8657
-7274
-2576
6977
-3220
3278
3500
-7885
-9423
-3535
-1546
-725
6222
-9295
-5046
8
4475
3658
8046
357
-3645
-6905
-2260
-3993
-5108
-284
-9398
-7249
-7164
7757
4007
5903
138
3718
4404
-5830
6197
-7708
2284
-8845
-1275
3384
6129
-9241
-5532
1228
-7547
-8937
-2823
-8570
-8253
1678
-1015
6153
-5928
-2991
6538
-8869
3296
-6732
-1403
-2142
-9247
1513
8519
-7993
-8066
6227
-1883
-3524
-5319
9337
-3639
8633
-7223
3477
-7939
7874
-8525
972
-6797
1189
-9432
-3143
-5618
9888
-6661
4578
-9487
-2689
3965
2956
-7998
8995
9975
-8885
-7845
3230
931
5457
3341
5754
1192
-3321
1520
-1767
5840
5593
-3028
471
-7513
-5780
-4515
1996
-7406
-9621
-2009
5583
7178
-1
-1706
5908
-5420
-3715
-1137
-8395
-98
5273
7417
9294
-9865
600
-8702
546
1164
-2589
-6065
2716
7259
9175
612
-4848
6006
-8295
1964
5791
4373
1896
5126
-6311
-1480
-9237
-1460
2813
8344
7785
9569
1052
2025
4375
2710
-6820
9039
6091
-1703
2424
2425
9232
2074
-2171
2974
3923
-5189
975
6322
-7495
3636
5729
-4091
-9549
-9727
-9340
-7015
5386
8616
-2977
1791
6453
4042
-6500
3596
2602
-6778
-3732
-7651
6576
-3100
1632
900
5490
7365
-2056
9485
9712
-2684
2393
5458
-2480
2473
6327
-5546
7442
3818
8019
9538
-8896
6910
-3715
-1637
-3644
7776
-2278
188
4948
-2596
-7840
-4203
1193
-2567
6815
-9600
-1554
-1757
2234
-6501
4243
3060
-4141
-9209
-8448
9150
1700
-7556
2151
6551
-855
8455
1810
-5054
-4516
7073
3260
-746
-9928
-5267
8060
-4883
4927
-8403
-3365
8971
7959
642
7335
4905
4367
8638
5984
-6051
-3265
6311
1999
4296
-5203
5995
-3977
-3813
-8052
9371
-5597
-8761
-4065
-3835
7455
-2496
1628
-7022
3043
1965
-6293
-9096
-22
-370
-3987
8957
5633
7658
5914
-5591
-2246
-172
-8702
6854
6784
1434
-4459
-7049
-6843
-6710
7359
8530
7960
-6815
-4469
-7077
850
8338
4968
8127
-6961
7183
3625
-8790
9465
9046
-6043
-3291
7712
9627
-8609
4815
-5465
-5682
4577
-7689
6072
-1143
-1791
1619
3191
6649
-8986
6112
-6797
3270
-1149
-7049
-8103
3424
-5119
3784
5603
4072
-2340
-5610
3182
-7016
-860
4815
9289
2928
-7453
3014
4745
3710
7614
110
-5703
9545
-5931
9877
271
-9254
-1820
-7238
1274
7080
9068
1005
5847
1695
1420
4194
-7581
5739
-7064
9810
5675
5543
4236
-9682
-161
8380
5226
3712
-4251
-3848
831
-7616
-7671
13
5012
-1393
9138
-8253
2559
-2988
2544
4700
-1942
5073
146
1825
6059
-6271
-3340
-8370
1619
656
-7531
4310
-4989
-1577
8934
8692
8055
8914
7294
240
9382
-480
-3829
-1845
-7422
-9898
-7292
167
-3430
-7967
-9606
6613
1823
-5418
7724
-6724
-6268
-7273
377
-4285
-130
869
-177
-3109
6699
6525
899
4236
2895
4112
9306
5787
25
-8894
2276
-8236
4196
-8385
-9720
6522
2937
-7659
-8614
-664
-7630
4690
-4438
-5117
794
-2821
-2346
-1826
-2224
4357
-7617
3081
8009
7348
1497
-6761
2645
-4882
3835
-2485
8346
-3909
9399
-2049
3997
348
1028
1904
3040
4292
5686
-4439
421
-9897
-3441
-7990
-3024
7454
2511
-3020
-790
3044
8775
-5356
226
5841
5772
-22
6094
-7360
550
118
-7217
-738
6120
3230
-2798
8066
7162
3421
7507
3012
-9519
-5845
-131
1339
9377
-9691
-2132
4534
-6743
8377
2547
2614
-3956
5457
9336
4359
5088
-1671
-7043
-2630
-3617
-9170
-2757
-5632
-8741
-5626
6247
-9211
4143
6198
1814
-2426
7984
-4637
-451
5104
9826
2504
-6864
7991
4423
5377
-3156
-7505
-8910
-8046
5969
-9461
9914
3320
551
-5168
3178
-5943
-4895
4372
7253
-5334
-4801
1753
-7546
2253
-5875
-2784
-3434
-6715
4041
-3829
-713
2856
-7422
-5836
-8371
3519
-1124
-9981
-3651
9229
5648
-8176
6397
-1958
-6769
-9387
3274
3771
-57
9295
-9927
-9217
383
7697
1829
9464
5308
-1499
-8121
-92
-7386
4320
8324
-3592
-2907
-3775
-8928
9928
1989
5990
6256
-555
-6792
3498
8557
-2381
4538
-8289
-1628
-1226
1264
8484
-7893
6969
3754
-8061
4334
106
1320
6218
7463
4533
5432
3587
-4564
6731
-3587
-6638
3011
1519
5803
2667
2416
-4098
-1521
-274
-8305
6776
4684
-2560
2812
5615
8864
4935
-3953
6187
-1979
4417
3558
6903
9523
770
-69
-2420
-1150
9416
-2507
-5065
4589
3740
2586
-6198
1395
5864
4961
-6244
1528
9039
8581
-131
-8184
-18
4726
7323
315
4173
1866
7626
-3597
9601
1713
-6061
-862
6465
4454
-3044
-4855
9059
-4703
-1072
-1413
-2477
-3607
-3062
-8223
-6897
-5497
5699
-3530
1890
1461
-9130
4850
-5381
-6762
5069
6116
7753
6559
2122
1305
-9707
2835
1555
-6951
-8164
9548
-6598
-432
-9432
-7531
3944
7338
-918
981
-4762
7992
-458
-4315
2408
8495
8186
-3165
-5002
-5329
3132
-801
248
7169
-2192
-8558
286
-614
-7053
-7857
6921
-3684
-7386
-3502
-5254
-9924
5290
-4875
-8428
-8802
-3435
7105
6480
-3140
-1937
9569
-290
2150
-532
-2191
-3470
-1213
-2171
-5450
434
-6443
-7435
-3064
-1445
-9733
3469
4202
7787
-2064
8628
-9093
3727
-5744
3423
-9724
1801
4571
-2999
5905
-4259
9618
9967
-3331
8760
-8097
-4213
8421
-4322
-9423
-4790
3455
7503
-8124
76
4772
1589
-257
-8168
-5592
-1748
-3401
5113
-2869
7438
-9999
8345
8551
2618
-123
-5831
-6455
3520
-8482
7946
5181
-3412
4093
8043
-6365
-2131
1182
4607
-9698
-4831
-9646
-6006
394
-8353
-6197
-3768
3053
-8768
-5834
-2998
1062
7498
-4989
-1138
-6942
-1829
5504
-5159
-5874
-9874
-4157
9652
6215
-4947
-2618
6785
5901
340
-9427
-712
-7946
3166
5219
7426
2911
8910
-2718
-2191
-932
7675
2322
5050
-431
-3431
168
4560
3385
-8224
-3824
6846
2947
1787
2534
-1855
-7555
-8880
5533
6592
5513
3015
-5214
-983
-5108
-2824
1211
-7511
2405
-8523
6025
-8601
7163
8689
-4947
9277
9103
6412
-4601
20
-6960
-3587
-6471
-7333
9805
-7109
4874
-5307
133
1895
-4826
9628
9402
9273
-6717
9413
-3036
1893
7934
-5582
8450
6314
-3612
1309
-7124
-7337
5261
-3736
-2684
-4998
2914
-9618
-7030
2087
-9953
8645
-4658
-6399
788
7635
-1919
7336
-3419
-2646
-6268
5727
-5647
-5342
-2814
-2056
-2480
9361
7866
-7425
-2698
-3223
-5324
-4704
-108
7278
-9676
-235
-579
6578
2988
6896
-2202
-8529
7564
-863
-4153
6177
-1675
7717
7806
-9283
6700
8108
-8525
-5582
6634
-891
3669
6043
4495
6824
-2077
-5667
-9674
-1729
-9848
-3389
2852
9874
7485
8404
2106
3214
-8654
6638
-6965
2545
-56
-9631
935
-6636
4533
-5270
9717
6165
3242
1162
7743
2720
-7055
7331
2823
-4774
8784
-3921
-7944
9898
3883
-68
2263
4677
-4154
-4632
-6056
-5132
-761
-8523
1069
-7229
6618
-4919
5945
4552
-2258
7876
8803
2094
2365
-1825
-2138
9278
-6327
-2562
-2747
201
7457
-5007
-7524
-5612
-7101
3661
2769
1985
3483
-9215
9290
-7050
9546
-7144
4504
3532
2402
6507
3184
21
749
3328
-229
4203
2830
-157
9795
7954
863
-1665
-2066
-2167
3385
5208
1063
4050
-6446
9896
7991
-5477
-1951
-9867
5619
8296
-8739
-532
-1265
-3457
-1181
3612
-5488
-9744
-6762
2033
5503
5055
8833
-5717
2106
9679
-8552
2490
9540
6093
-9251
8377
9501
118
-8674
4132
9228
-9434
-9253
-2889
1752
5982
8005
-9340
4758
6481
3458
2928
-7683
-7925
9133
6923
-3915
255
-1765
-6101
-6290
4107
6360
-1404
-691
-5366
-5040
4998
4065
5558
-1494
7570
-7916
-8073
7470
-5094
541
-8787
-7002
-5676
-462
5718
6531
1115
6650
-2948
-2185
-7485
-863
-4514
2367
-2793
-2716
6041
-7900
8080
7084
-9069
3799
-8972
1337
-796
-5735
8712
9619
8962
5437
-9421
1285
9927
7269
6737
-2458
5377
-919
6289
3212
3126
-1642
1036
7717
-5935
-3278
9538
-4800
3982
-1794
1907
-2554
7997
-8075
2966
5543
5654
-5935
1306
334
9018
-2963
-1706
7222
674
900
-177
3382
-9241
-488
1702
-6377
-7251
-9361
-4037
-5337
-3604
9752
-4862
8742
-3748
-2133
6400
-8034
-9796
1103
8226
-7120
-2817
-331
-326
3496
5813
2689
-552
8402
-431
-4247
-7999
1030
-5284
-9995
5358
9247
-363
8646
9123
6250
1826
788
9770
794
9240
4432
-7125
-7400
-4732
-8088
2347
8279
-2924
-5143
-6753
-2458
-3292
-1666
5035
-4002
40
-7018
-4357
-9509
-8941
8292
-3428
-1752
-7006
8768
1688
7955
521
-7573
-9747
-2657
-2185
-8945
9129
3448
-2008
3877
3940
-1662
-6905
9040
7514
3114
-2850
-889
2340
926
2012
7568
-2831
2808
385
9576
-1402
-8395
-2359
-5121
-3025
9412
2322
4736
-9952
2330
9612
8014
7438
-5405
2877
7209
-5149
339
4942
2928
-3103
1754
5013
-7743
-8842
2261
1407
-6948
1048
-991
-9606
7333
6174
-9397
668
-5240
-3941
-413
1044
5815
696
2255
-2965
6927
-3828
-4868
-3402
-4455
-5606
-1745
9403
-3444
-3256
8537
-3426
-2865
-4841
-5559
-9145
-8612
-6268
3739
-3951
-6687
-1670
-9554
-2351
-3040
5329
4916
-6015
-5002
-7865
9666
7592
7928
-1127
8263
7720
8537
-3073
9434
-2524
3144
7361
-3412
1452
-9290
1018
6012
8006
-3210
-4984
-4599
-4005
1949
3404
5474
9019
4393
6852
-583
2285
9694
6178
-1833
-5352
-9781
6121
-7927
615
-916
-5564
151
-3524
7080
-6589
4597
-3532
-5126
-3662
-2701
466
6445
408
-8881
8683
-608
7433
6858
-5874
2985
-4856
-2216
-6194
-523
-9379
7121
8525
-3474
143
-3164
-6906
1366
9758
-980
-1289
5840
9919
3642
362
30
2517
433
7518
-3964
-1912
-2607
-5929
4235
-8763
-9172
2878
-254
7698
5844
-4106
3807
-8084
-7403
477
9860
8703
703
2842
-9316
-3423
2907
2441
-7484
3659
6878
-5407
-410
-2539
1948
-7073
9569
9581
-4684
-5104
1925
3444
-5910
-2368
6842
7445
6834
8922
-4896
4963
2471
5370
-4752
8078
9211
-809
578
-4415
6249
6567
392
-7909
-1466
-7698
9911
423
9622
-9113
-7898
-7557
-2853
5293
-1841
-8598
-7512
-9082
499
-8442
6804
-1235
-3590
-5834
-7766
6298
952
719
4126
5712
-1077
8242
4633
3140
4480
3074
2261
-1115
-9803
-4256
9060
-7765
-8743
4645
-790
-6304
5968
-4677
1324
9766
9555
5016
3008
-6300
2644
-8520
-316
-335
-9825
-3402
-3894
2619
6843
4935
-9167
-5453
6992
8500
-4049
4249
9603
2482
-4534
-1728
3645
-8897
4262
5662
2730
7482
792
-2253
-6564
7808
4378
-1645
3600
7743
183
2321
-9624
-7112
-2490
9033
-7048
5334
-2061
1098
-9412
-8474
5912
-4129
3494
2834
-2964
-6919
-8298
-4451
-8750
6523
-8319
-5219
8498
-5567
-3052
-5936
7556
-499
3378
6269
-6488
815
377
2729
4563
-335
8515
2066
-1532
-1060
1096
299
2101
8939
7713
-8972
4365
-2070
-9017
3477
5234
5706
2554
-6473
-4677
-2012
1918
3071
-5916
-7577
5087
6216
-8581
6464
-6699
-1317
6967
1349
7138
-1394
1512
6366
-5639
-2825
5417
-2704
-5159
-9941
9714
-1241
-3082
3384
-3286
4544
2105
2171
-9862
5424
925
-6850
1373
4532
1147
2674
-5133
-7465
4480
-123
-7723
345
3481
6719
5987
-3070
-5679
-33
7000
8771
-9775
-1907
4991
-9660
7558
2620
-8065
2224
7425
9918
-8494
-2502
2615
9187
9427
-2070
7113
2064
-9898
8071
9790
1112
-5935
9507
-8917
-7302
-4680
-2690
