10000
2619
529
1296
4454
6842
-2803
6099
-2867
-9839
2038
2846
-2725
-4952
-309
-4557
-7328
-4395
-7126
2750
-9767
6821
1427
2518
-7997
3814
-6582
4626
587
-9617
9531
-3707
-9887
5804
2264
-2889
619
3529
8446
6050
-1642
-9382
7190
-2330
231
-6010
-1001
-3351
6703
-2834
680
9679
-5411
-1955
-6045
-2991
-7507
-7219
-234
6557
-450
-2989
4003
5866
4546
6537
1158
-5034
-3186
9111
5623
6751
3985
-1603
-5531
7066
-4926
894
9635
-8653
2737
4588
-1889
9665
4736
-8083
4365
3141
-6773
-9849
4802
2559
-1086
-5107
8732
1965
5207
2054
4959
-1951
-3374
-4778
-134
-8578
-5757
-9717
-4024
9999
4431
-1978
8179
4740
4843
-4796
-5741
3722
-4441
-4087
3187
-7003
4481
-7000
-1932
-5940
-134
-5456
-4020
-7326
-9626
5078
-3578
3308
-1379
-869
-2227
8276
3502
8859
4355
9529
4307
-398
9003
2033
-4992
-1206
9575
-1796
-9739
-251
-6725
-9914
-4973
1315
-1072
-7592
1579
5777
149
-1316
-6766
-3410
-8960
-2101
9041
7835
1810
-1132
-2280
-129
3449
-8948
-6349
-44
6671
-8307
1076
-3375
1311
7405
8368
-875
1256
955
-7930
8461
3674
4599
-7143
-414
3613
3055
-6433
1122
-7184
5202
2451
-1143
4751
-4333
3141
-5045
-7282
-5188
1777
8321
-4765
2508
-1556
6766
-5728
3919
-7430
7085
-4067
8696
-9603
9785
-8236
541
-3672
-3176
2918
-9041
-5902
4773
2875
-8587
-2458
-7847
7239
-7580
9591
8693
1576
-3043
6545
4878
-1301
-9405
-8885
-9931
-1042
-4905
-3752
-8830
6016
-2542
-5540
-5411
-3579
-9154
6876
8872
8278
5009
8878
2924
6117
-9112
-4656
-4801
7741
-3556
3156
2895
2760
3107
-5959
-178
9323
325
-2539
-1095
5964
1721
654
-3706
4788
7900
9800
5290
-7409
622
6264
5093
-7633
3401
-7177
-9333
-3887
8286
-1741
-9873
6327
-6290
-2785
-2066
-9772
-3999
-5589
-6347
-6425
615
-2898
2799
3999
-2615
-7105
8015
-7652
139
9156
-8969
-3306
-8096
6465
-9469
1591
-8246
1394
-7883
1699
1357
-1324
-4322
952
4910
3677
-6939
-3792
6477
-2676
7799
7555
2300
-6565
-8597
8746
4667
753
-368
1150
7506
9684
8342
-5569
9514
123
-7850
-1455
-7640
-8574
8671
-8192
-1241
-4425
-3138
-2428
5265
6225
-9751
8991
-6887
7360
-3544
195
-1704
-6369
5440
8178
931
6534
3325
2749
8741
8636
-3748
493
-9986
-7446
9907
-2368
8888
6699
2621
-3413
-7007
-9985
7557
3583
2602
-6241
-9458
-4698
1563
8074
3228
9580
-688
-8418
2851
2234
-2571
-5885
-5685
-5923
1945
-2687
3996
-2715
3154
-1134
-9172
4842
-563
8177
1474
4873
-7985
-2447
-1082
-1139
-4466
-501
-6073
9064
-155
-6832
-8184
-2144
-4008
1021
4104
-1049
9892
-6868
-6484
8834
-6687
9830
9388
-1877
-1704
2742
-8297
1490
-4005
-3591
8579
8894
-3099
-4110
2613
2705
-2928
282
-855
6378
4140
-844
-9441
-2492
258
638
7170
-2212
-4986
3780
-4074
-4560
3986
-4305
-8195
-6782
-315
7643
4646
2940
1303
358
-140
-5619
-9097
9571
-3770
-1487
356
-7537
-9464
5135
676
-7557
7381
-7427
9444
5863
1542
5630
-3347
-1360
1148
1995
-2913
8961
4774
9199
4813
-8571
-1425
-341
-6123
-7140
-2200
7099
-9095
4395
-1907
3408
-4897
-8466
-713
-1860
7169
1417
-1410
2157
-3086
-7492
6632
7408
3470
-2188
-6574
-6665
-643
1182
3161
469
-2844
9751
-7259
-3227
-7673
5344
-1164
-757
1215
2509
479
6418
756
4827
-4501
7221
4823
1185
782
665
-9121
-9280
-9029
5623
5214
-4204
5452
4024
6495
-1747
8331
1401
9310
2871
-4899
5005
6083
1876
-245
1314
2461
5324
-337
-8261
-5865
-8421
1943
-99
-4582
-3832
5785
-3322
3359
1878
-6092
5431
-3089
3316
-1026
-9134
4985
1039
7663
3070
5775
-6873
7465
-9753
5277
8830
-2493
-6013
2822
909
-1168
-4049
9885
8657
-1487
-1992
-1986
-1277
5876
1366
9223
-7163
-2714
1459
-7338
6423
-7044
6761
-6016
6250
-550
-7288
9098
-1460
6303
-1961
-8376
226
9901
5331
-6576
948
7832
-621
-2566
-8927
8363
-213
5334
5875
5681
-6321
-6518
-6770
-7674
-9937
7207
4194
1115
-4159
-3609
7456
3104
3133
5541
-8470
-4271
7617
-584
-8606
-4864
-6443
2541
9348
8603
5993
7105
1808
-6887
-6182
1528
-737
-2810
-3181
1373
-6217
-9048
5200
8982
9113
-2866
-4514
2690
3640
-5388
-705
3154
-700
8981
-887
2914
-9788
8558
7822
-2509
2435
-4565
-9834
-5498
5345
7728
4808
-394
-599
-2330
7976
9523
387
-3904
5146
-809
7936
5481
8676
-3194
4243
5547
2290
-1433
-1601
3838
1139
-7911
-3349
5548
-31
-5612
6067
8349
-4386
-9602
7000
-8252
-7175
9446
1655
-3771
-2544
-224
-1770
-9087
2832
-1411
-3941
-1856
-4073
5542
-1897
-7143
-4101
1590
-1760
-2527
9763
3826
-5636
-5651
7155
4901
2585
8582
-2459
-5572
-2151
7625
4531
-5606
-1013
3287
-6223
-359
-4651
3328
3510
4062
1549
-6553
1212
-9961
-2873
4785
-9603
4884
-6616
-6640
573
-416
-5766
9607
-7417
-9382
-7080
7065
623
1460
-9271
-8366
-9449
-6841
-8055
6801
7341
-3663
-1885
5840
7666
76
-2853
6066
-4299
8108
-8985
6760
-9027
-6667
-9922
5856
-4218
-1353
2793
4907
4418
-9113
-6058
-6742
-3455
-6341
-8981
8244
-7029
-6175
-5385
-4827
1834
-9956
-3036
7142
8677
-5475
3817
4662
903
474
-6788
7058
3263
-1651
-91
7782
-8288
3244
9773
-8560
1992
-7136
-7275
-1139
-6275
-188
4035
-4702
4499
444
-6921
-503
-3093
-881
5948
-4778
-9802
-1373
379
6117
-4969
4116
5065
-8510
7142
-4336
-3232
-9867
6736
4658
-4885
4840
-7236
-5095
-2054
1750
8488
5636
2486
-5455
3154
-948
-7186
-2928
-5068
734
6992
6868
1926
-9037
-6124
-2475
-6649
-8594
-3246
-9427
-6826
2514
-2828
4801
2298
4861
-8539
-5496
-6942
-4059
2793
1273
-4409
-2994
3366
5557
-3123
-91
-1664
-7506
2824
1724
4451
-9453
636
9473
-2215
-8999
-9988
-1763
-869
-9689
7188
-8985
-6812
1310
866
8322
7874
-8093
8607
5370
4869
-4469
-5220
-9610
-7782
3234
-9177
-8134
-7151
5431
-435
-7843
-8455
8264
-1479
7457
1774
6245
1019
-2188
3145
2755
6692
-6238
-5994
-9792
7789
9205
-7197
6926
7927
-6486
-9548
-929
5901
-9199
-8717
-6709
-2587
7425
-9852
3264
7974
-9131
1687
-7194
580
1191
-5033
2413
3270
1672
-513
3702
-7287
-7207
7404
-6948
6429
3337
-7250
-483
-9907
6251
-2504
-4600
1660
-6702
7863
389
-1877
-1716
991
-1477
-9577
1017
8032
5602
2015
-7513
-6665
3142
5699
-2676
-7134
-6060
9703
-4642
9996
-6236
-4553
8402
4646
-605
1702
-5329
-9706
-2916
-1873
-4338
-4503
-2109
9788
-9487
2660
-6914
1380
4893
-4776
-848
78
-2667
-8460
-5598
-9068
5812
2036
2096
4644
4007
2647
5646
8416
3237
399
-2571
-8123
9035
-3470
-1105
-632
5560
-2643
-4326
8188
6690
-9705
-9188
7665
1460
-4285
7363
2294
-1339
-4752
6583
-1761
-9643
-5
-8961
-2143
646
-5196
5037
2874
-875
5166
5031
1870
2227
8687
-5101
-2195
9701
2343
-3138
-3856
244
-8578
-1303
-7295
-4142
-7258
-8720
-7110
-5750
-7504
-5192
7814
8706
7098
-6827
1957
6800
-602
-8171
779
8438
-6811
-5683
7
-6149
-8494
4957
-5760
-4280
-3908
5442
-9349
7835
3995
-8935
-5958
811
9892
9195
-6401
-7590
7287
-9351
4591
-5328
-1066
229
-7375
-263
-1584
-5382
9333
-5795
-9925
6394
9457
2071
-9857
5154
4551
-299
-4241
8091
-9117
8396
-9517
-5024
-7873
9876
-5631
9319
8201
8199
6827
6798
-2019
8786
-3823
-3580
-1524
-2635
6487
8113
2270
2557
3569
5698
-7821
-2149
-1030
5877
-1243
-2623
-5947
8765
-1943
-3432
4394
-4973
-2347
4481
-2078
-7623
1563
-8922
46
9356
-6285
3676
7441
-2971
6263
-4520
-5953
8140
-248
7051
-979
-1061
-7025
-2117
5543
-2646
6749
-6465
7168
6683
6995
8342
-8796
6660
4894
101
522
-8779
9466
-1365
-2939
-9627
9047
-8733
3162
-7746
-9287
4598
-5941
-6751
3193
-2374
3218
3735
1609
3563
2505
8373
1813
2531
6566
3307
-6811
953
-3803
-3831
3583
-1068
2525
-1394
-6007
3499
-76
-2801
5452
-6246
-8466
5409
8756
-734
-735
-5149
-5773
-3970
5732
1738
-3194
4062
3846
7050
5392
-286
-70
7294
6146
-9483
1168
-9035
-3332
3459
-5697
2937
6061
-6504
3359
189
2805
-9002
-5325
-1598
-5268
-9518
-6205
-9562
6716
-2356
1351
8874
4649
9098
-96
3710
4241
2064
-7551
3051
15
-5123
4522
7484
5785
-1595
-4011
-7958
681
-9338
5033
4387
3896
-6550
-6004
4150
-1754
-5767
6262
5214
1143
7063
-8224
873
-4777
-8671
-6917
-5821
3294
-5665
-4483
900
8719
-409
-9769
2066
-8326
4526
7522
-7660
-511
3371
7575
-3819
2168
4330
-5955
849
-7962
8682
-899
447
-2552
-7084
-9710
6875
2836
1976
-9443
8719
-38
-4634
-8011
-227
-3513
-59
-5350
-5940
547
659
-246
3212
4123
-9990
8365
4615
-199
-85
6507
-8569
-4785
9242
-6146
6718
-9742
7126
2050
1973
-4701
-285
-4216
5013
-7479
4342
-5622
6252
-8870
4460
2201
4604
3513
6791
6674
6758
-3144
4967
-817
6862
3615
2849
-167
4747
-2555
-7714
1755
3757
2683
1778
7346
2283
-5912
-3434
-2847
-7671
4271
-1819
-4031
-6590
13
5296
-970
9400
1950
9983
2332
9237
8447
-9371
-4480
6588
5774
-4674
-9077
9361
3917
-5144
-2311
-7518
2246
6779
-1400
2737
-5496
2341
-8340
-7681
-5392
7110
-8769
3062
4995
-858
-938
-13
-8521
-3410
8079
-9522
9714
2634
4805
1767
554
-9288
678
-3761
6795
8685
-4324
8208
4695
-2299
-6840
922
-5177
7972
-3347
-1589
5872
-7826
-3576
8058
-1567
-1344
4381
-2879
-951
5705
8012
6852
-8043
1128
-6653
98
-3145
1507
-3123
-2313
-798
-8159
9608
9707
9010
-859
8884
7291
7336
1991
5799
898
-4781
-816
8574
8803
5322
-3662
3534
-7338
502
-9341
9337
-6835
3949
9876
1371
-1663
-9703
-7086
-4348
9790
4759
3735
6336
7559
3802
14
6354
-9400
-5264
354
9343
-9513
9693
-5407
-4409
645
-8093
-8398
5934
-5498
7619
-2032
120
3515
3293
4898
-1452
3832
-8812
57
-4305
151
9773
-9275
-4919
1049
5045
2484
4933
9588
-9854
4008
-8583
5917
-8398
-428
8390
-4397
7856
-9837
-7583
-3642
4693
1893
6288
3778
-1302
9190
2064
7132
-4404
-1907
1875
-4521
-7383
-1538
9063
9075
3302
8364
-79
9076
8035
751
9753
-1846
5334
605
-5025
7682
7476
-407
-7285
3304
110
-3819
738
4951
-2312
2516
853
-6721
5125
3265
5363
9074
-9522
7669
7102
-8757
-3119
-4503
-4677
-1349
-6762
-1655
-5661
9457
13
3825
-1577
1574
-6317
-8473
-6320
-6878
3700
-9388
4404
-6482
-2070
-2848
356
-3113
-1149
4969
9395
6267
-7647
2208
-7022
4852
-3750
7968
-9466
-2466
6400
-1588
1178
5511
4411
7491
6000
1298
2770
9219
3603
-4857
2857
2967
1193
2683
-6939
-9410
8036
-2345
-7926
3354
-1033
2600
1989
-5103
7334
-638
5317
5348
-6538
9329
-7068
-9366
8515
-8514
4996
-8952
3825
-6821
-9835
9039
8922
-5909
9843
-9742
-7835
4273
2124
7842
3192
1555
-3586
6984
-3964
7114
-1857
7646
-7937
-7831
1270
-8694
-3249
-7864
8391
-6856
1122
8460
-7411
7859
-8165
1460
9695
-5504
-5561
9539
-6731
2679
-51
5157
4451
-4833
-9085
5983
3076
-2075
-6755
5688
-4270
3801
1697
9150
338
-4283
5846
-8874
77
-4886
-4965
-8124
-5960
-3847
-8396
3794
4661
2570
1342
353
2642
477
-5724
682
3567
-7413
-1270
-112
9214
9607
-8601
-4988
-1373
-8841
-3665
-6189
-1541
-215
8270
-4336
-5768
-9068
4945
-2342
-9366
-7988
-9185
-8055
-1926
5953
-9499
-4293
2512
6229
2222
-1963
3828
6872
1009
-1448
-8879
8322
8036
-3518
-4618
4492
-7473
-6082
1526
-5205
5819
9833
-9713
-8822
4874
-446
6919
451
-1312
1549
-3661
-6727
-3618
-3517
3314
-1707
-4081
9466
-9323
-325
7708
4301
6050
4105
-2822
9928
4686
-1268
-669
2130
-3929
7262
-3102
-3562
-2956
-4000
424
1296
-9964
4879
-9093
5329
6691
-7610
-8338
1487
-5477
-5871
5100
6220
-5545
-215
-754
226
-1037
6896
-3476
-56
-7185
-5621
8688
-349
-5198
-265
-9050
-3573
-7605
1769
-3793
-8
-6061
-3322
7253
7946
-977
-4676
-4839
402
-9007
2075
-7608
-3039
-7587
3220
-8884
9578
3337
-9684
9343
-1578
-930
-8196
1914
-9755
-2692
-5655
-6965
8956
-7847
4603
389
6223
-470
-4388
4145
779
-9478
4495
3171
-6688
6871
-4150
6279
-4054
8876
-7951
-902
2908
-5687
-8336
-7947
3336
-5057
-7755
4964
-4628
3719
-824
-1386
-4068
6050
8104
-4788
-6521
-3845
1412
7316
7401
7529
-3182
591
7918
8241
-4529
2350
-9730
4424
-9900
7036
5321
4821
-2351
5685
-9937
7765
-1367
-9228
-2068
-1992
-727
361
-9025
-9847
4326
-2646
2550
9836
-5550
4672
-3720
-6401
-8869
-4670
-5746
7938
9280
-1696
5935
8755
8337
7926
2438
-7693
4578
-3456
2626
-3932
1355
8588
3482
-8332
-4129
-5750
-1861
-2605
-4697
9793
-8401
5567
5563
8475
9580
-1311
9692
-5599
9814
4496
9553
1153
-7022
7988
1595
2027
-6232
1253
9687
4411
-6189
-8558
-8976
5809
1001
-1219
6751
4957
-4830
-4669
9696
8917
2951
3770
6034
1353
-808
1715
-630
-9427
-8775
-4034
5556
9941
-3270
-8019
4168
-2528
-4414
-9359
6117
-5461
8855
2912
9005
5862
-755
5944
-5316
-2172
-8055
-8802
3525
6796
-9840
-257
3083
-6612
4400
1400
3386
3309
7275
-7536
6688
3233
828
-2014
5803
-3047
4072
-4423
-5697
9875
1666
-3115
8468
9521
2650
-886
9706
-6299
6147
2311
-2102
5032
9087
2804
-4613
-2358
298
-1132
-7394
6851
5792
9002
-6138
488
3660
-264
-745
5146
9710
-4381
-966
-9256
7
1490
2394
-9484
-700
3541
5150
-541
6949
-7997
8131
-5266
9257
-1573
-2123
-6906
7960
-4308
-3413
3284
-7316
-4720
-9956
-8274
2909
-5389
-799
-5210
-8056
-4622
2793
-8899
-9477
-6210
2099
1748
4671
2271
-5461
6979
-6077
7253
-4732
-6526
9089
-2758
6574
6020
-8401
36
6869
-764
8612
-5178
918
6616
-1052
5430
9054
-2718
-3958
4649
8416
-1402
7314
-8742
4467
3093
-4320
9738
4134
-6905
9616
5378
5345
8360
-2917
-12
1625
7849
6658
2847
-5521
3895
-2310
6480
1991
6313
-4491
-8730
-864
8274
-2487
5294
-9132
-8777
-6945
2605
-6643
1691
-4902
-1604
-4478
2549
5473
-4627
-3411
-5661
9451
-7284
-7605
9688
2182
2145
-9233
5136
-636
-8238
3011
-7035
8259
-5466
-1828
-4102
-2345
3172
-40
3284
-5513
2873
-4745
6537
-6560
-8744
-5325
8432
1290
6299
1534
7672
-6299
3496
4279
-6667
1295
8176
5960
-5611
-5931
-4655
2591
1968
8771
-8230
8966
-5058
5034
-2354
-5791
546
-371
-8606
5316
-924
-9592
5825
-8946
-9923
30
1264
-4698
-9013
-7554
-5109
-1487
2468
5136
7725
-3539
9480
3009
-8593
-3634
9999
1929
-6552
-4494
-5407
8085
-9262
-1790
8484
-8746
1453
4135
-3536
2854
-8867
6823
6559
-9358
-8721
6107
2560
-1560
-295
-6290
8714
-3330
-3522
-6348
-2834
-3684
5041
-6396
-5019
-4920
-5359
3316
1192
-1076
3027
335
511
3718
-3682
-6026
-9295
1356
-9393
-2000
-6822
697
-1764
-6321
-9990
-967
3318
-6911
-2262
-1107
-7705
-7761
-6358
7899
1243
9238
-6410
-6667
-5188
-6881
-3689
8420
-7403
6653
1205
3473
-1128
-1597
4106
-8433
58
-7105
4498
-2839
1404
-2793
6335
-4508
357
-8321
2921
-7088
299
-5293
-4318
-2960
1681
567
8935
6596
6602
4105
-2734
7055
-2660
9632
-1428
-8950
-3329
8707
6145
516
7748
-6584
5772
6036
2227
-8793
3057
-6499
-3924
3675
2857
-9572
7951
4373
-8488
-3439
-5416
-7780
2938
-6296
-9918
6853
9180
9635
-1588
7786
9416
-9626
7896
-6294
-9832
-8674
-5040
8254
-7317
7310
7108
5491
3957
-520
-3474
-8343
6288
4197
-905
3591
-3087
-1327
1458
9432
790
7350
3301
-8730
1371
5907
6921
1745
3051
-2216
-4569
-7316
691
6417
7970
-5643
5011
-147
-2445
239
-7730
2665
-1841
1374
8161
9374
-122
-6594
-1648
-1660
2340
6752
-1668
5153
186
-6623
-2959
-8621
4727
-2263
6939
-5387
-1809
-8259
2296
6545
-9730
6626
-7735
-286
2086
-2001
-3422
6533
7859
-3379
-1343
8252
-3520
110
1211
-3906
-7533
6950
-2254
-9281
-2685
7915
9186
279
-838
7493
1723
-9455
8821
-9455
-2647
-5326
9960
6840
-8657
6500
-8290
5255
6643
-4833
6174
-5845
3218
3987
6346
-406
5172
-7053
8417
6305
2650
-6463
-2780
1686
6164
723
8342
2745
79
1343
-9604
-2084
-5588
-4439
-8956
4459
-181
8677
-4575
3754
2406
5322
-908
2347
-2566
-9450
-537
1320
1056
1112
1908
4546
-9445
-6658
9762
23
8873
-6213
4047
-1030
3900
-2636
-5911
6994
3523
-3352
-1994
-1584
3137
602
2931
7630
-3425
-4804
313
3649
-1539
2490
572
-8037
227
-7776
1422
-576
6486
8840
6113
2914
-2393
7364
-7639
-9925
-123
-6268
-2401
-4538
9650
-6267
7938
5371
6483
3895
-3593
-4187
-5983
-8280
-1582
-1214
-7075
1042
4813
-4970
5441
3262
-4043
2284
6801
9012
-5276
-7381
-7600
-4063
-696
1392
2606
-5053
-861
-9106
7487
-9357
-2164
5310
-4953
4175
466
-7867
1106
-1917
-1823
7585
1504
-3725
-1923
4623
5213
-3672
-6229
-9028
9583
-7435
4367
-7291
-600
5957
-9552
-2738
3260
-2492
4888
6684
1516
-7130
-2440
6320
8128
8503
-2488
9632
-6252
8959
-533
-1165
7273
3825
-3663
7992
2332
5170
-2026
99
9684
2529
-7321
4006
6965
-9209
-9883
-4023
369
-7621
2947
4741
7742
498
-9334
-7774
-7421
5474
-9669
-8245
7948
4082
1268
299
4253
4960
364
7654
-6814
-8082
632
1462
4133
-7351
-7152
-767
6137
2200
-8948
-7853
-7468
3710
-9241
8893
4057
9803
1030
-7062
-6381
613
8338
5050
-3523
4111
3264
8829
2558
-9709
-3150
-5939
6643
-7535
2903
1704
-8763
5412
7565
9161
6265
-8723
7047
6306
5926
1983
-7447
-7655
7809
-4090
3568
-7748
-7724
-5708
-9905
5089
2541
-7862
-5708
4158
-846
-2241
-1432
1601
1043
-6192
-2794
1070
-3720
-3676
2883
5588
-5127
-8421
-1925
-5238
9292
2354
1325
-629
-8807
-5066
-4660
-8822
3978
-3165
9494
1076
6846
-6281
-7022
-863
1565
5079
9042
-8618
-6427
3678
-9992
7643
-7070
6174
-8779
3092
3741
-3020
2028
-7906
-5461
4845
-1994
2951
-7226
1902
1694
-4214
5402
-8315
9164
4743
-4683
4554
2527
2843
-927
-8815
9907
-9824
-5202
3086
3139
-1917
5704
3205
3336
3166
1000
3630
575
8370
8455
-286
712
3939
6956
740
-853
-2832
8006
-8018
-4363
8749
5622
215
6752
1887
-9596
1054
-8976
6963
-9710
5622
6394
-4389
6253
558
383
6054
7551
2972
6358
8315
-766
-7323
9288
-4782
-8657
-4437
-8587
3087
-1931
7092
3636
2076
3525
-6477
-7049
-5407
-4631
1429
-2259
3875
-5291
-7510
-9312
1910
-107
-19
-1409
1440
-378
-4782
6071
8588
1282
-9844
1690
3752
-4301
3096
-8639
8923
3272
6185
-8819
4102
-5723
-6032
-2071
3382
1108
5320
8204
-7965
-3494
1468
3323
-6551
2309
1750
-6101
-2208
-831
-572
4868
-6502
-8822
-4951
7681
8568
8795
6397
8819
5961
-1371
-2814
3814
-799
315
324
-4677
18
-7702
-7060
-2988
-7383
-6682
4450
-3506
9831
-800
4380
2984
6778
3252
263
3011
-5640
5694
9840
-9406
-3368
6860
7952
9712
8844
8015
8306
576
-9857
-6005
-1182
655
3655
5134
-2220
8775
-9785
-9315
-2994
-3843
4932
1514
-9325
602
-8126
-7934
9581
-2506
5274
-9149
6710
8160
9114
-3734
7588
-8006
-3271
1386
4814
7233
-4459
3801
-7265
8651
-2837
-9436
1685
-1975
9426
9699
9238
-8564
6293
7399
-3727
2372
-2421
-400
-9748
3203
-971
-3332
8495
8831
2035
-295
3532
7511
8195
-5093
1226
-6867
4343
-632
-4179
2738
-1998
-7631
-8317
6463
7519
3388
1485
-8449
-8115
-4036
-8312
-1654
-8245
8482
-3433
-2836
-2340
-2451
-5105
5285
-9993
-7172
1823
-3127
9855
3108
5081
-8345
1657
6206
-3007
-8601
-5201
-3752
146
6413
-6048
-8917
1191
8826
4193
7756
1581
6737
-5900
1916
386
-8489
-9692
-8934
8585
8819
570
857
7086
-2314
-8577
-628
5200
-1228
2447
-2531
-9264
368
-1642
-835
-4107
3382
-3190
-9291
8409
-7135
-9148
-4581
6451
-5347
8700
-1951
-447
-8698
9376
6024
-6126
2832
8240
9298
1678
-8800
9082
1268
2467
-1033
333
-4438
9741
4367
5660
-1116
-6784
6846
-9327
-130
-8619
-5672
-4821
814
7087
881
4469
-4106
-8087
-2593
-4124
-2022
2558
-2818
-6515
-5493
7956
429
2465
5986
-443
-3563
4135
-5816
8652
-8950
3828
-5422
-8279
-3638
-4951
-3254
-5455
-1757
-2968
-6616
-4907
2033
-5740
5567
652
-7515
-2459
-7724
-2272
-3903
-3995
-7862
-4622
-481
9130
-3975
-6677
946
464
-2371
-4543
-8220
6962
-6838
-9438
4958
-2107
2492
9311
3142
-3726
4045
4280
-8446
-3667
-9920
3616
2844
-1994
-37
-6163
3454
-6932
-111
-2082
9052
-55
9565
585
2608
-1346
-4885
-2240
4609
-6933
4816
-8385
-2019
-4901
8858
-2859
2437
6426
321
4621
-8600
20
-6787
984
-9177
-6772
-2447
2136
-3944
1077
-7258
-53
-2809
2769
-654
-9774
-2314
-1917
-2345
9277
-8604
-6285
-4824
694
44
-4930
9190
-9882
-956
-7050
-6647
9640
3622
-2595
4473
-248
8332
4506
5213
4950
6996
-6858
-5750
-5683
-4189
1654
-9315
5051
1542
8661
8325
397
5235
-3364
-5993
-423
4718
-6143
-8988
-1721
2120
-5702
-4792
2844
-3487
-6340
-4455
9412
6446
2388
-4032
6267
9846
-7295
2212
-3911
8022
7981
9761
-2760
5188
-2522
-5064
8963
-4335
6461
-1344
3260
-5784
-967
-2598
-1910
4339
-1479
-6398
-6050
7132
1637
-767
8768
-1007
-241
-5728
-3301
-5311
3052
-7849
1281
6883
3465
9411
-6436
1013
-9621
3413
9587
4322
5671
-473
2613
7101
-1413
-2774
9445
-4118
8199
9628
8609
-5380
7819
5429
7729
1945
-2177
7488
7337
6745
-5239
6118
-6021
-1651
7806
8709
-5796
8317
-5832
2752
5073
10
2768
9393
-458
3410
-6855
2426
-662
9777
793
-5352
763
836
9828
-424
3881
-246
-2506
4836
9050
9667
1741
-4330
5626
-934
-7199
-8179
-2324
-1025
-6143
-2147
3665
-6611
652
-3519
-7021
5098
520
4972
-2289
-4979
2850
4797
9310
9081
5282
-3728
1214
-3448
5578
5616
-4863
483
-1140
-6197
-4494
-7155
-2555
-6529
4767
6560
8666
-9712
-7129
-7025
-2259
6939
-4382
6474
8988
4516
7143
-960
6934
-5364
6590
-9857
6683
9951
9155
6871
2703
2185
-5165
28
-4550
-9880
-1993
234
-8737
7325
-3990
-765
6711
8828
-6296
-6668
1897
2019
6869
85
8425
4904
-9754
-1937
-1366
4779
9296
6425
-8575
-6582
7404
5947
504
3154
3012
6099
-6069
2259
-9059
-4171
-3134
4525
-6560
-3891
-6964
2503
9734
-9888
-4556
-2786
9280
-5648
-9949
-4166
-5439
4127
4658
-388
4840
5163
-7703
4404
1901
6712
2585
9456
-4825
-7093
-4621
1486
-2056
562
-8317
658
6839
-1823
3500
5043
5495
-9065
5569
-3761
-584
-9697
5917
-257
554
5266
5472
-2906
-8902
-4742
-7833
3619
-581
-5390
1767
8869
4210
2313
-4379
-3682
4765
-3803
-3915
176
-1024
-6205
-9747
-7068
-9234
413
-3228
-326
-6863
997
-1107
9371
3479
-8338
3498
3242
6073
-6806
1039
-4711
-1304
9101
1237
7063
2294
-4048
-8201
-2393
4095
-1550
2572
7372
-4910
-5031
7649
-5152
3263
886
6930
6564
-2081
-8186
-7739
-2286
-3429
-1515
-7676
-1298
-8934
3390
-6347
6491
-3446
6509
-713
617
1034
1029
-4069
1644
6993
-9443
2301
9385
-1217
-6299
-1187
-5431
8031
7430
7167
3504
3349
-9273
-8293
-6745
4458
109
3233
-2699
-9072
9530
5805
5452
-5804
-8426
8770
-6016
9472
523
6247
-5261
6506
-6422
8891
5771
-4196
-1781
-8298
1765
4416
5873
3581
-4254
-8632
6732
6913
-3233
-328
4792
-5355
-8861
-8527
7619
-7030
-5134
2138
6572
2026
-7105
-4276
-6585
1741
-4194
4347
-963
-9350
6454
4124
-7088
-7842
5301
6104
-9636
9954
-8802
6444
-1736
1900
8670
7609
604
6037
5917
-7794
-8227
4130
-8529
5328
5492
3233
-1942
4740
6748
1922
-8622
2361
3706
1839
-2001
-6091
-5513
-694
-9216
5082
-4983
-8510
-855
-7212
592
-5967
7144
-9055
-3588
2068
1030
1630
-7317
-344
-6520
-7701
-1392
2589
-2811
-2214
-9713
-1158
3090
7993
4837
-3186
-1607
-8232
901
8750
7913
-9575
-5827
3183
-7066
-6603
3319
-9054
2337
-4795
8699
1319
-3870
-8493
-2126
-1137
-4095
-2659
229
-7502
-8203
898
-7804
-5815
2180
2765
-4094
-3958
-9031
-3204
-3362
1758
-8877
-8852
2140
-6304
-7335
-9406
3218
-9388
2956
1080
-2081
-6783
7989
2754
6517
2700
-4258
-708
-457
51
-6755
-8718
-930
-285
-8950
-6165
9974
-8649
6833
-6285
-2075
493
-2653
4676
-3861
7494
-2617
-6192
3396
-7974
-8210
5198
5259
-3946
8420
-7810
-6791
-3084
-4126
762
3819
7060
4513
-3556
9697
4540
6313
1254
3427
8457
8327
-5966
-3938
49
7997
-1546
-8564
5335
-2733
-5485
-1134
-7190
6443
2107
8002
-2213
3314
3612
2785
-583
595
-1555
-4477
-918
-7003
5748
594
-8856
3493
2898
302
5077
4510
5260
4462
4765
2532
-2697
-3964
-2521
9793
4510
2911
2711
8743
3891
8138
-2205
35
-9456
-7790
-10000
2675
2921
1797
7400
-3698
7408
6901
-8934
-7743
4163
4155
-4497
-8549
-4586
9209
-7708
-9154
-8935
-7848
-6647
6965
3367
3504
-3148
-4027
-886
8486
-6685
-2180
-1971
-7441
-3027
-8890
6016
7027
1891
-9985
-1982
-3059
9224
-4797
8974
4975
1578
-4640
-3452
1442
-7236
877
8018
2634
7729
-908
7327
520
4887
7946
-8715
-5094
-466
992
-4023
-1795
2499
-4174
4839
3187
-1394
2940
-9890
4031
-6588
-8371
-4442
-2580
4730
-6765
7081
9741
-6057
-7658
-5899
-8512
-7596
577
9149
300
8946
-9638
7462
-6678
-104
7891
-1163
8672
4840
-5063
-4749
-2265
-7171
-150
6842
-9938
-252
-540
9886
3159
-2893
9176
-6725
-5792
5130
-7139
-9386
5692
-8443
-5856
-9549
3712
1147
-3975
8275
-9062
886
-6311
-6808
6874
-2449
-8320
9175
8469
-7739
-2900
7527
8094
-2246
2155
-5172
8053
-2582
2673
-1429
6076
3401
9381
-2390
-5244
-4552
-1162
-650
615
-4700
-1429
8079
8622
9723
-9449
2612
-6318
-7253
-693
8775
6879
-6087
9414
9244
4149
-1317
-4472
6019
7208
9523
3524
2896
3624
4008
2003
6819
7931
8738
1861
-4679
-9339
1954
-3245
-7122
-4278
5724
-80
-1331
618
-430
-2466
-4713
8331
6542
4124
1163
-2123
1723
-323
3447
1238
-8863
7764
6300
9829
-4997
7563
5687
-7196
9719
7027
6513
-2337
-6135
4086
-2555
-5710
7276
7688
-5495
-8410
1302
6012
-3525
-69
5847
-6253
4137
-2974
-7506
3407
-2947
-8799
7176
7526
-4733
-838
-5866
5745
-3655
-4795
649
-3900
5234
1241
-8851
-9224
3846
74
-5761
7716
8314
6540
-8787
5707
7111
-4779
-4664
-9394
-8054
1729
-7864
-9758
8039
2991
9565
9212
-4869
2473
-8147
-1527
3933
-1407
-50
4858
-5873
5686
7938
3741
1063
2230
-8502
-697
5748
-9667
3529
4589
9712
8316
-9226
-7375
6977
-2955
-4963
7737
-6741
-2302
8851
7356
3382
6422
243
2774
1623
-2405
-5574
-6053
6749
2458
7643
8104
7771
6970
-1248
1941
-9651
7231
-4161
-1466
6536
-1484
-7948
3745
-9725
9923
-4608
-3366
8956
4128
-7586
-7671
9096
1958
4286
4221
3227
1849
8064
9035
6256
843
-2034
-674
1622
8986
-9354
-3150
-1577
-6570
6499
3708
-6267
-9152
-1225
97
611
1710
6055
5191
-7826
2700
3539
-8152
7719
1916
6464
7490
1565
-4130
-5612
8332
-1637
-6006
1806
4260
-2772
3290
8543
-5149
-8986
2341
1833
625
-6086
-346
-1326
-5547
2391
5083
-6619
8645
-5771
681
-7515
2684
2085
7549
8175
5609
-9230
9230
3627
-444
-8397
446
-6674
-5413
-5711
-4354
-8304
-8981
6672
2545
9157
-6646
-3589
-8247
-7559
8321
-2832
3694
2605
-616
2661
-6723
-9687
-5591
-6730
4301
-9987
-8138
-7411
6284
4376
598
-8148
4648
868
-9046
-2055
-2934
9244
3918
359
4829
-7702
9323
-7683
9133
7745
9482
-8699
-9046
4756
7779
9971
-5717
-3534
-9357
-5969
-8081
3327
-7860
4738
-6370
9008
7750
7673
2031
7714
8659
5753
547
-1225
-9455
-7649
-9042
-5170
-7368
4370
9334
7902
6227
8968
-6829
-9681
-8149
3410
-5641
-7244
9503
6660
5575
6057
-48
-8507
5223
-762
2233
-6289
-4076
1597
-548
-412
107
9494
7862
3277
4359
3907
8789
-944
-5592
-8510
1760
-4082
-8050
2672
-652
-203
3460
-1596
-7504
-7511
4154
-8145
4710
1738
-2069
-4690
-4782
-638
-1122
-9015
2182
9581
8295
6284
868
4421
-6643
3711
8357
-4694
8519
4867
1526
-2358
-1761
3820
4194
3282
4536
-4874
1802
7697
-8692
-5819
658
5605
6638
8989
-7083
-6267
9487
8474
-8680
-9718
-228
-3251
6300
3483
5380
-3340
397
-6476
-8586
7381
-8361
2865
-1783
8823
2649
-2948
9494
7740
-6830
-5711
-3616
-8897
7447
-1301
-8460
7462
-7130
4941
2795
-4572
5269
8847
-1236
4558
-2524
-7230
-2514
-1993
-847
-2302
-6756
-6869
6602
-9481
-5391
8996
7356
-1880
8322
-5043
-8214
8317
-6341
-464
-6886
2894
1345
-4354
9482
6510
5271
8187
1728
3694
-5636
-8830
3006
1903
5042
9021
-8524
-4056
-9350
-7271
2704
7440
-2054
-5239
-2416
-1240
5888
-8102
-7176
-5656
-7744
-9810
3167
2148
-5799
216
-188
7419
-2186
7538
-1858
6012
8881
-8834
-8079
5782
-9646
-104
-7780
-2214
-2955
2548
-8465
-3025
-8503
8889
9113
3730
-9868
-4359
8608
-3097
-8332
-7924
8554
3936
8992
-7960
-3272
7241
-7475
-8609
-4333
2670
8493
-4043
-5314
586
-6894
-3203
1995
2573
-431
4783
6601
7240
7905
5063
315
5080
6050
-1155
-4956
-8979
8090
4765
1503
-9834
-9286
-5885
4203
4107
-6144
-3755
4579
5623
-202
9340
1451
576
4407
5791
3846
-780
-2606
5950
-1019
8529
8551
-8695
8826
-5488
8366
-2789
-6262
6223
6103
9526
-6111
-2501
6348
-6820
-9088
4119
-8366
-9081
-5039
2731
4878
7654
-9349
-725
-1019
-9900
7825
738
-2212
4438
7972
1308
5694
465
-2887
621
7292
-2138
6069
-1471
-5874
-4628
3477
-9343
-5320
-6680
2203
-1953
-5048
-2678
-5630
-4930
-8549
2855
-6798
4160
-9025
4239
1647
8205
2579
-9045
2668
-1218
3563
-1579
1341
9219
-7024
5203
-6102
1463
-3964
9393
-4609
3390
-9725
-1350
5088
-9449
5093
-173
-7462
8356
-5760
-6284
6933
4787
7914
1347
-5211
-3191
-4101
3567
-5248
1930
3985
-793
-7222
4775
-6962
7573
4940
6820
6556
-6918
2403
-7579
3281
7046
-4876
212
269
-204
3997
-1838
6016
-9120
6599
-5448
-4439
-2458
-2280
5928
-8487
6457
-4956
5333
277
-7428
-8316
459
3258
-2144
4767
9981
-837
923
452
4457
7847
-6911
9018
-7926
-4250
9666
6798
5594
-5663
4640
2380
-6942
-4607
5802
-5431
-6945
-337
1498
-6019
-749
-2693
-8952
2670
-3387
536
-5111
8071
-5963
-3995
-312
-4313
3489
-793
-5378
2902
1005
1329
6769
2803
5010
-8410
-9913
-632
-3418
-6891
-411
-9057
-6365
9730
-5496
7598
-8457
7110
-3265
-8275
5928
-51
-1309
-1687
225
8445
-6476
-559
-3330
-746
-5934
-9203
-3248
1365
-587
-2290
-5235
-78
9705
9184
2103
-9430
7753
-8484
-793
-2057
1462
283
-8746
-134
4085
-4347
1640
6651
4867
4871
6357
6919
9749
3907
5781
-3687
-304
-4094
-9368
-4205
1761
-6396
7423
9355
-5029
-2825
-7990
5123
-4341
-8986
5119
5488
7673
-5207
2980
-2404
4029
3994
5145
-697
5404
8456
-6683
-7640
-5794
-7068
-8005
-2958
-5620
-6823
3912
5618
8267
8408
-644
-7340
-5424
8913
-2221
5189
8415
-3265
5727
-5741
-7580
4442
2900
5104
7885
-8400
7567
6454
-9470
2381
6852
5988
-1982
-8266
7970
7014
9819
-2602
1477
-2540
9606
688
-9383
8017
-9156
5107
805
-6893
313
-6485
6331
-6878
-4532
-5548
5595
-7
-104
3690
-193
3498
4266
5628
134
670
3222
8094
-512
3546
-2831
-2978
-7277
-9155
-2651
6766
-8504
5606
9813
1216
-6027
9778
-6195
9424
-6456
-7230
9220
9115
5228
8988
-5167
-4787
187
-4568
-8153
4472
-1087
7003
-3985
5184
1960
9776
1536
4468
1253
2674
-9986
3191
-7809
-3434
-2132
-868
7671
2917
4431
7536
-1256
-3624
7168
-6479
-1539
-3972
-1043
-2851
6937
7349
-9970
2373
-8921
2846
-8417
4096
-6482
-9810
30
-7844
-7247
-3722
6083
5167
2673
5895
1111
-7381
9247
9809
-9998
7376
1857
9895
-107
6524
5376
446
-2207
6302
4620
2611
-8974
-5336
7885
4748
-2373
-222
-7833
-8970
31
-390
2600
398
-3351
6682
6610
-1348
329
-4238
-384
-5382
332
-140
-4618
6290
3702
-7969
-4343
3141
-7329
-5261
8232
-5816
3911
-4733
5926
8360
-7017
-2391
-5083
-8786
2902
-8301
-9279
-5506
1252
7547
-3562
6457
-361
-3884
-7506
-1693
-3505
-8096
-3957
-6945
-3304
8703
7501
6486
-6724
-8223
-6175
-5418
-1278
4445
2663
3447
3047
1498
2878
-1863
-1257
7946
-1938
-6839
3464
-3401
-3055
-9182
-7500
8981
5247
8656
-7471
-8297
-3180
-6352
4078
1630
2592
7764
6124
-3444
-7668
8035
4374
-2249
-9180
-2116
-5921
2745
1029
-4262
3063
-668
-765
5939
-1271
7346
-809
-5829
-364
9082
-7643
-4410
3140
-3489
8230
-7765
1580
-3934
-4426
4452
931
3160
9915
-495
7512
3319
8208
-5636
-2989
-5111
-1586
-4169
-1047
3459
-1194
8929
-8997
6128
-8003
7752
7980
7142
1460
-695
-6275
-4454
-1773
8691
-6329
7727
-286
3977
3860
5385
4228
4038
-9413
7520
9952
7162
8246
-8912
3149
-333
-2463
-1843
-39
8151
-7406
1780
-7178
7053
-4017
7389
1058
3708
5456
4589
1489
4203
8114
-1337
-2119
-1976
8533
-2302
1786
3908
-9133
7190
-88
-8517
-5442
-1456
-4042
1009
2164
-8443
7777
248
1857
-4893
7158
5999
1842
2659
-3679
6308
2801
2875
-3757
4441
-7518
6192
4302
4964
6745
8680
-5231
9745
2325
-2467
-4677
-1725
381
4398
7581
1335
-9130
5200
-2303
-599
2334
9857
-5391
9648
1736
6909
101
-4700
1524
-3735
1421
9536
1610
-9907
7991
-6814
-6701
4991
6365
-8784
-5195
-4358
-9362
-7307
-7959
4206
7543
8296
-6598
-975
-7058
-2067
1499
8914
1595
1973
-7259
3438
-6076
4737
4525
-2692
-397
-5404
-9345
-9021
-3995
-3802
-4039
-4757
-6350
-4540
-9339
6992
7413
-203
-1164
1875
3959
-8280
-7948
3980
-1796
-6743
1902
1178
-4663
6626
9406
-422
7823
2558
5456
-3018
281
-8631
2739
5172
9327
-429
-2243
8047
8069
-3277
4091
7556
-381
-6232
3763
8547
5649
-7941
-4712
3813
2270
1088
8265
-4580
-8243
4667
-409
8038
4637
-3424
7472
-1253
-3916
9619
-8739
-5594
-6841
1421
9812
8081
-8312
-736
6987
3352
3245
-5518
5690
1984
9881
-4571
475
-1056
-6839
-3113
3329
-2467
6429
-1883
6674
-3404
-4032
-8438
-2941
6161
-4202
-9402
430
8380
3362
1081
178
2675
113
4303
-9688
5746
8614
-1450
-1539
6799
-2173
-6198
4113
-9534
4209
3569
-9398
-7007
1324
-4382
-7211
4331
-8339
9697
-3493
3738
6709
-3547
-6820
-8805
-7149
-4101
491
4666
1171
-8125
-826
-6762
644
1240
6864
4243
-7997
2734
1036
815
1577
3795
-8744
1772
-5522
6071
1252
2668
2712
2120
-4754
-1445
900
-6250
-8101
4294
5071
-2826
4979
-3287
7554
3202
5306
-3834
5336
-5251
6823
8242
5070
9653
323
9033
-9978
2177
-8417
-5182
-3465
6953
1778
-6211
8628
324
1582
2392
-7241
-1796
-9826
577
7306
8687
-3650
4454
8882
1615
9591
-1016
6233
6409
4213
-7122
-7498
-2077
-4441
8246
7515
-7938
-813
-6074
8315
2362
307
-2496
118
3929
-4944
-3500
9634
-933
8185
9616
7544
8009
-5024
7603
-520
1166
-8943
1663
1433
7839
-9264
6124
-7151
3228
4526
3129
5150
-6002
6088
-6819
-9329
6832
4444
-8036
689
4778
-7960
9621
-6438
-7976
-8063
-2440
236
8649
2253
-5515
166
2979
-6787
-6737
-9299
5796
7467
432
8338
3972
-7572
2294
-9375
2550
7729
-1749
6309
4141
-4736
-4590
-3717
5531
-2646
381
1553
6197
-5751
9084
-8038
-558
-40
-9264
-4238
6578
9551
-2531
-9559
9499
5337
9565
2125
9407
755
-3790
-4872
-6278
9028
-5325
1203
-9737
3796
7304
-7002
3761
-5462
241
-8323
8855
3237
-3136
-4008
4905
1911
-3033
-7985
-7521
-8071
-4436
-8672
3177
6255
9593
-4105
-7279
7130
-6449
7448
6269
-973
-6117
8908
5648
3050
-447
4614
5008
-8676
-939
-1487
-8606
1738
-3384
6744
8113
-5572
607
2833
5294
8945
-4032
-1465
4274
2785
710
-3198
7262
6994
-9484
2421
1859
-9292
8197
-252
2718
-4455
-9247
4560
-2309
-1773
-7028
3457
5850
-500
-6695
-5905
-8977
5468
-6948
-4820
-957
-9173
4989
-5519
-5832
-6940
-5015
8420
9610
-879
3842
7427
4401
-1415
3702
5871
8099
7315
-7571
5912
6167
-6715
-5124
-7359
8099
5501
-8842
6640
-8090
4331
8290
9557
-4446
-1094
-6936
6067
3490
-3862
-603
9264
-3398
5675
4223
-7595
-8821
-7721
-1678
98
1829
-7988
1800
3954
103
-9148
1831
-1243
-3006
5876
3908
208
-1765
-9986
1301
-5378
-5616
1618
-6844
9025
-750
6120
3168
6137
-8912
-2157
-1170
3328
-9804
-6590
5052
-7473
-4921
-392
6550
1361
9295
3718
6834
-2206
-6983
3586
1541
-893
-6766
-4313
760
-9763
-6193
-6808
-7114
-5265
-4500
-7759
-5156
9654
-3759
-2083
-5901
6487
-6895
-6130
5946
9996
6476
6124
-101
-7703
-8843
5757
-5216
-6677
3693
9245
-4481
-1156
-4082
3578
-9423
4389
8868
-2897
7872
-176
4053
5019
-9154
-8136
3874
-7651
594
3535
-7419
-2577
7598
-3060
-2918
-2980
2140
5488
-1766
-3042
6487
-9837
3107
4632
9557
-3824
-5069
1389
7490
-6743
-1261
-7780
1512
3640
-3983
2841
-2454
4180
-6683
8553
1648
860
5973
-6375
-3683
995
3956
-6502
3292
-6504
3813
-9251
-5863
-4272
-1827
2760
-9364
-1133
-2426
-1709
-6961
2464
7360
-7230
-3087
-4323
-9437
-8098
1156
-4353
7839
-6382
7600
-6510
5412
7775
-3190
-7419
3198
-2115
-4001
-2666
-3401
-1714
-693
5206
7136
-8416
5703
2648
5387
2464
-9346
2267
-6480
-3467
-4736
49
5583
-6112
-1681
6091
5269
-8754
-7817
1444
-7689
-4105
-389
5703
-8293
7318
-5046
6333
-2729
2341
4305
3479
4945
5077
4010
-4684
6789
1735
6161
7599
8677
3082
-4585
4521
-9958
6993
-9008
-4146
745
4240
3559
7911
1969
3027
8242
-7269
-7119
3003
-4384
-1118
9383
-2794
6030
72
-1038
9018
-7687
-8453
1689
-8706
6253
-655
-6588
9428
7196
2808
9032
-7065
139
-4069
1793
8045
-6266
2574
5271
1161
-6508
2167
6435
-1408
1349
9241
8619
1845
4967
6238
9673
-2333
-4168
-6912
-9558
-9961
-7050
1396
-2158
-2392
5939
3315
1596
-8364
3716
9286
8351
4312
4632
-9586
-8563
-2357
3653
4974
2293
-4936
7965
-6539
6408
-938
-1439
8716
-1800
6917
-2516
5080
3837
5639
-3856
-8340
9841
4953
-4674
-6962
-1573
-5139
-4642
-252
8649
-9083
-7585
9307
9622
8750
7400
-7052
5771
7447
-6963
-4021
-958
-3028
-4867
-8955
-4827
339
2872
-362
1077
-7998
2142
-3987
-7225
-869
-5021
7772
3272
-7066
5471
-7801
-1727
-6103
-6111
2152
-6538
102
1699
2013
8713
-1967
2744
591
-8708
5677
6786
9792
3571
4290
7201
8272
3383
4508
9222
-1781
-5578
-5885
5541
6674
5160
5683
6665
-7067
2381
-520
-3199
-310
4466
-7769
8696
4029
-2669
-9381
3362
4116
-7302
-3893
-6349
-1682
-7899
-4091
7946
5079
-2650
361
4842
-7334
2020
-3804
-5143
-5116
-2146
-568
5248
-5871
2864
-2908
-9789
8661
1870
-5243
-7764
-7543
5997
3817
6640
8911
8481
3259
-7341
7236
6209
2064
1207
802
1223
-5059
-6609
-5169
-4333
5651
1649
-315
-6097
2680
9770
-1505
-7699
6115
9708
8892
6061
3956
5123
2067
-1317
-9074
-59
-172
8405
-4750
-441
6999
426
-3400
5708
-1533
4573
-9556
-7112
9277
553
-9789
2051
7306
-3265
7705
-5206
9795
-1590
-983
4575
3029
4692
3528
1536
-2895
1761
6174
1093
5558
-5959
4866
2483
-5543
4835
3120
5069
-9297
-3699
-6646
-5077
-1097
-568
5001
-4478
9735
1936
9214
-2045
1777
2442
-6231
-7488
-3055
6950
8628
72
-6634
2691
-6130
7060
4426
-6958
-9408
1722
-320
7346
6893
-641
9722
4282
-6742
-4566
-4621
-5258
8056
-6381
-4177
9289
-9318
-5862
7453
-4623
-4649
5364
-7193
-8537
5934
8415
-7498
5477
-5263
151
-9084
4515
7424
8226
-8673
-9926
1474
-3067
-6569
3337
3202
6842
-9179
-8906
-8636
9913
-425
7628
-8734
-6126
-9444
6306
8296
-1251
7401
-4931
6024
2281
1061
-7988
7995
-2895
-6185
-4943
-7307
-8051
5930
8831
4452
-9980
9627
-7042
-7676
-2626
-2049
3627
1953
3704
-1741
6813
-1237
625
6273
3075
-3441
5537
6763
617
4504
-1430
5400
-5222
1569
6534
6168
2239
-3979
5280
-2506
1317
-4923
-354
-7207
-5700
1798
8220
7862
-421
9445
-7820
-5002
2529
-9689
-4071
4288
6999
1729
5796
-3101
242
-9968
-6139
5921
4500
-5738
5723
-7749
6994
6291
3614
9237
176
1148
9849
-6554
2471
5882
-9546
7199
-5239
3777
5426
2005
-868
8203
-9265
2861
8898
8433
-2936
-29
-2342
-6203
-8417
-106
-9090
7951
2130
819
-3027
4514
-4403
9309
3811
9530
-1607
3734
-2043
-203
8977
-7187
-7687
4683
-6475
-764
-9263
-3733
951
-9380
-792
-845
-6189
-4353
-6779
-1397
1820
-7350
-5059
9983
1426
-2731
2581
-8168
-561
-4191
1252
7701
9600
-8068
-8425
-5397
2577
4212
-1745
-4074
9217
6518
4005
-6885
-7179
6817
6701
-1988
8968
620
2488
-8714
9792
4657
-9613
59
-8708
-5227
-8851
-7417
7273
2260
-7114
-7295
3700
4142
-7773
-4752
3706
648
-2577
-6825
891
9088
2811
7727
6988
-1775
-6955
-8897
-9812
-8482
6710
9210
9678
1567
5925
-9034
-8362
-4730
-7974
-5724
-9953
8749
5245
-9007
-2792
2173
4525
5624
-1969
6813
796
-8895
2885
-5035
-1737
-7974
-190
-7266
-2140
-9455
-7359
7753
-5052
-9909
-1940
-1752
5912
8388
-6718
5789
5216
4515
3157
669
-1859
281
1840
-4192
9208
9495
-9003
-217
-6788
-1271
3429
9259
-6689
-9742
6873
-8514
-4034
-5051
6669
-4000
1766
-3971
1756
385
7758
9978
-5881
6381
8225
8344
-82
5977
7483
-3122
-7423
-6871
9801
5728
-4080
6203
-2126
1250
-2817
-5101
9044
-1943
3765
1220
-9465
8175
-44
5432
5727
-6557
7171
1821
1741
7147
-9082
-8372
-9884
8087
367
-7242
5977
-4157
-338
7117
2051
-4247
36
-6580
-4158
4608
-2827
-6044
-3459
-5195
-5412
3396
2083
-1820
9272
-6235
8755
-1837
-3388
-2289
-3433
-6581
-571
-8949
-8949
-5452
-1284
8935
3292
-8788
7995
-7105
7851
-7388
-9676
5582
-1328
6552
9581
4432
6748
-5400
-528
7187
-1098
-9513
-545
-3238
7367
-5345
-8219
-8339
7250
8207
4839
-6079
-133
-8477
-8327
-3233
-7096
-2
2221
-9580
2756
5895
-2842
-8331
-320
5117
-6678
-2356
5909
-9353
9846
6531
3205
3517
4524
8556
-8065
413
5864
-6998
-2080
-149
5936
-5152
9975
6264
-1879
2324
-1343
-1043
-4314
1472
-1069
4484
-5796
9557
7414
675
-2927
-1620
1741
23
-8238
4586
594
-4983
5348
7182
3358
-4705
-4366
-6277
5063
-1327
-6843
-5283
-8605
-3098
-2222
5146
6123
6891
-9619
6550
-3716
8144
-2085
9186
1399
-833
2853
-3421
-4857
-7206
744
-1286
-5566
8463
5673
-7178
-471
-9382
2151
946
8522
9304
457
-6773
8421
-1469
8630
-4413
-2805
-5681
8163
-3797
-1919
2207
-4026
2705
-2619
-5691
3530
-7387
8200
-2123
-2724
5577
-359
3268
1057
-8747
4611
-7614
-5014
-123
-9908
9361
7424
-8640
702
9889
8634
-9404
7843
554
2029
2131
169
-4315
-8189
4660
-8795
-9017
8516
8680
4884
7707
1105
-4182
-7428
-4101
8048
-8222
-816
-6805
3425
-5818
-7405
1874
9678
9101
-4620
-4938
3617
-1070
-5608
5330
9488
-2687
-6154
-6570
3348
-4607
8539
5852
3512
-7970
-1010
7074
-980
3442
-3443
-599
-6440
-7761
9430
-1591
7406
4139
-2398
1486
5048
5801
875
-6924
-9743
-608
-9617
538
6096
-9494
460
2534
8894
2027
523
3605
-3319
7836
2074
-4771
-8687
-4397
-7407
-6303
8031
-3375
823
-880
6390
2215
3516
5210
737
-4218
6182
2512
-7444
-2430
2762
7575
-785
4226
6960
3849
5381
-3130
-2022
-2264
507
9429
-1379
-2433
-2749
867
5805
-9224
-3000
5307
5463
6675
-8388
6287
-1337
-6679
-1971
1177
7370
-578
-6601
2892
-4978
92
5587
-3716
-3194
6674
-8148
-921
7882
6953
-8846
-7234
2971
-7522
2888
5044
-3069
-9344
-1640
5026
-9733
-7768
-7386
8661
-7034
-3312
1761
-1867
8635
-6094
3254
-3118
-1152
5182
5471
-4371
3601
-489
5433
4672
3008
-2006
-5677
6251
-7337
-4948
450
-7204
4185
-592
8849
7994
-4858
449
-1898
9902
989
1410
-96
-8817
6908
9184
7596
9033
-126
-976
-8457
-3671
-7082
4106
7950
-5849
2881
7618
-9503
5040
7061
-4161
-4266
-4946
1073
3481
-135
8855
-7971
8340
9201
-6129
8976
7316
-1138
8283
1969
6491
5951
227
-6150
-9978
-9280
2211
-2344
7201
-9552
-2226
-8465
162
-7904
-1312
2523
3881
1543
5726
-2703
9745
-2893
-180
1219
5555
8923
-5013
6083
-3656
-1937
9420
-8129
5177
-6575
-2570
2314
-1707
6141
4240
-3812
8398
6594
-1685
6607
2400
-7275
-7537
-5398
-9793
-2757
2465
1019
-9108
2244
-3506
-9699
-301
-6921
-6122
3130
5733
5672
-457
-4247
-3955
-2617
-7723
-3080
-4656
6674
-6045
-3259
-6970
9386
-1231
5222
8560
-2493
9299
329
2773
-7404
9545
6101
1949
7471
-3664
8623
8616
4715
-5692
-6215
-8788
764
-1296
7380
2474
260
7284
8679
-7188
3875
4114
4568
8317
-5014
-5163
6614
-6427
5390
8926
-8583
-1665
1367
-6260
-2942
-6760
3032
-1241
8028
-2298
-8263
-9623
6916
-7005
-6897
-5238
-3932
5733
6702
-3097
2202
-8612
-1771
7407
6296
-8057
-8377
8713
-2907
-3629
-7334
4132
-9055
-3279
2856
-6755
-2907
8786
8579
3271
-2776
4193
2662
5946
-513
2846
326
5882
-7076
3603
-6937
5251
9463
6100
139
5902
6122
-7144
-4379
-5053
-971
4238
-9780
-389
6499
-8098
-1397
-7568
-604
1278
2901
2083
4313
6477
-8907
-8502
9806
4752
-1052
-6988
6241
358
1364
-4966
-6047
-8215
201
-3324
6481
-9980
5320
5717
172
-5493
103
4277
5027
9116
-2973
5881
5154
-207
-9807
-9360
3760
-5154
9004
7820
-3275
-6963
1965
267
5846
1011
-2631
-1310
-101
-2386
-2124
4645
2322
-5666
-8941
-2635
-51
8126
9615
4422
-5018
9854
4181
4716
4706
-9699
8347
-5502
-4685
-8952
-5587
1718
-4456
-8503
6629
-5644
7551
2446
-1479
-1170
8107
1816
3087
4293
5393
6620
-7765
7158
3259
-4838
-824
-2492
-7953
-4521
6085
-2371
-7158
-3655
2967
-2228
-5466
3742
-3075
3003
-9189
-2982
8817
8387
-6142
-2261
-1158
-46
-3020
986
7038
-2345
-5168
-6639
5012
5900
3964
-525
-3241
-4031
2979
7772
6231
-4031
1693
1559
-9430
-6653
-4756
9110
-9760
-4592
-8766
-1071
7572
-4469
3680
-6146
-1858
9602
-774
-7831
-2971
-4208
-9514
-5136
4274
6316
-2253
-2914
-8353
-1039
-8602
-4478
79
-949
-4929
-7765
3863
1947
1866
5602
-8166
-2169
1490
-796
1650
-3871
352
9818
-854
3346
1857
2359
-6935
-5373
-2075
-7058
7176
8904
-4509
-754
-1595
-598
-3973
-7493
8496
7183
404
-3543
-958
7559
6371
1015
-8754
-4138
-83
966
1776
-8871
-5949
-907
-7422
8407
9292
-9221
-9651
8869
-30
7488
5531
7350
2514
-3625
-7253
957
9126
-9412
-8289
9377
3872
8678
-4016
8892
7804
1129
-1631
7279
152
3500
304
-5626
9680
3362
8265
-5245
-8607
7622
-5483
7594
-9264
3384
8848
-1303
5475
-7762
5047
-607
-5204
9721
-5088
6069
-378
-9258
-8604
-7282
5496
5133
3991
8776
-1225
-7255
5657
-1603
7401
1460
-252
-692
-5277
3822
2629
-3034
-9357
-2741
8904
9300
-9318
2631
2093
2792
-5487
-9754
-1865
-4289
-3348
363
-2430
6896
9564
-2923
-3436
9364
-7569
-7247
6988
1074
1458
-1216
-5097
6789
2390
-2841
674
4620
2320
-5427
-1366
-5266
-8165
-4876
8239
5447
3608
2231
8615
-108
7061
4988
-7666
-4841
-7860
4245
9595
6759
-6462
3705
7151
2008
7888
-869
-58
9090
-3010
5860
-4113
7536
-1717
-8047
1720
2760
5514
2507
-5181
4146
-3258
4255
-811
-4026
-6267
-422
3661
-2761
-3989
-8445
-270
3286
-9930
-4651
484
8836
-9498
-1225
-1259
6711
8607
-1447
3697
-184
-5081
6349
-1864
-681
-2005
-4608
8940
-6468
4318
-9804
9285
-9845
-4127
7899
3586
-317
-5059
6386
9915
2867
-8787
-7593
-2862
4329
4953
8521
7175
-5767
2269
-6533
4074
2054
-7159
9300
7820
-9712
-3839
-5946
-9330
3994
-2107
40
6427
-1962
8427
-3213
562
-4336
-1433
8630
-261
-3404
4396
-8106
6682
-7652
-2579
-5659
-863
4218
3165
-2371
-9248
-5729
3540
6265
6648
6246
7858
-2447
302
9439
-2530
9521
-2373
1851
-4280
4980
8287
-6287
7213
-8830
4501
460
3608
6851
-8094
4721
-507
-6849
519
-3088
-575
6260
-6634
-378
-6643
-2574
-4990
8556
-6366
8438
8719
8545
494
2017
-7768
9903
4508
-715
-7025
6396
-5070
7339
-2321
3279
1780
3764
5549
1436
-5979
7306
3677
-9746
6446
-1486
-1999
7888
-841
-5519
556
-7080
6163
264
3253
-4111
7192
-4371
7239
-5564
-5237
3655
9925
482
-4838
3398
2251
-2255
3
1116
-8193
-6480
947
-9412
8231
-2552
6888
-8466
7956
7985
6743
7980
-1029
6942
-2582
6108
-8892
-4378
-1311
-1943
4316
9840
-6343
896
2053
-1862
-3606
5285
1774
9094
9867
5136
-3811
-2398
-9680
-3576
7752
8498
1267
-5383
-861
-1508
1073
-3947
3507
1648
7979
-4699
2049
3250
2284
-5366
7275
-5211
-149
-8940
-4972
-9578
-1210
1213
-1572
8514
-1970
-7901
1898
325
6242
-9567
4549
4832
8820
5226
-9598
-1978
-9944
7457
1592
547
9626
-6953
-529
-8278
-1442
-4767
3959
153
3811
-4842
5301
-1845
-8495
7714
1752
9722
-5134
650
-1654
8910
8941
-7491
6818
1415
-4691
8754
-682
-4509
-3488
-1404
-5203
4524
-8165
-8089
-1965
-3423
-6117
1637
1541
-929
-1562
6394
-7956
5228
7472
584
-1049
-9727
-3718
-264
-287
753
7764
-5970
-6238
5594
-1597
-5273
5602
1990
5566
6738
3991
-9378
-9262
9704
-1265
-3668
7462
2697
-4967
-8148
3833
-459
-3554
8207
2502
9283
-2354
-309
2313
6561
6580
-2590
3132
-8087
-437
-84
-5541
-3236
5514
804
5638
8159
-5798
-2515
100
-9682
-3927
-8193
-5277
-9919
-1481
3858
4254
-3110
8558
261
6328
-7417
-9810
5036
-5691
1914
-4154
-2508
6824
-7614
-7521
5203
6647
5318
8370
8081
8507
6942
-614
3053
-8077
-9170
8068
4462
-5705
1824
-6877
3879
4634
5053
5280
-4955
-5559
-2328
1390
-4008
-3823
-8010
9947
-7813
-5251
-8403
5635
-1470
3420
-8648
9567
8000
6625
3301
-6053
8786
2980
6140
7429
6380
390
-4484
1344
-2883
-718
-4365
-9768
8545
-4610
2393
1425
1987
-239
-8886
5432
3341
-1954
-8642
6459
-8530
5743
4807
-3468
5894
-8739
-3801
4288
-5743
1659
3531
-9842
77
-8397
-8953
3667
-6742
-1624
4047
4891
6286
-6533
816
-7014
8834
1449
-7159
4352
-6788
3152
4425
-9366
-407
8178
3878
-6923
3159
-2925
5495
-5586
7580
-1027
7471
5317
-857
-4061
-522
1408
1985
-7934
-9690
-2036
6751
-2205
4767
-3538
-3545
-9796
9255
-4041
-1315
-9929
-8606
3766
-2231
3339
-8215
-3321
2822
9286
-4438
-8567
553
3532
1629
7630
460
-4103
6878
5611
8854
5058
-7413
-4913
4617
-486
1403
2033
-3864
-2224
-1479
-543
4323
6902
-5700
2017
6593
-8868
837
-4083
-8632
-6373
4085
-3819
-7541
-2962
-2520
-3221
-4495
-2918
6033
8408
-1250
-242
-6350
8649
1152
773
-4199
1574
-9256
-6968
754
579
5411
8113
-1811
2480
-4444
5835
-8851
-917
-5008
-3819
3018
-6379
-5066
8325
132
4962
-6775
-4887
8676
5962
-3957
9896
5488
-8548
3608
-2649
-6773
5715
-5653
-8824
2151
-5248
6193
3533
-3192
-4090
-9816
4443
7606
-699
-6124
-3047
-4194
2958
-5442
-6665
-4794
9238
-1783
2283
1931
-5178
-9549
-9994
-7751
-3954
-4700
261
4678
4346
-1418
-3724
1899
7740
-2848
7438
-3040
265
-4223
5423
7827
8928
-5466
-8566
-2427
-1531
3800
2694
2241
-7732
6149
1699
3386
3376
-9463
795
7807
1539
-5320
-8893
-6146
3104
9227
-1456
7346
988
-5211
-5161
1706
3899
-287
5229
-9736
-2113
7354
493
-8429
-8197
9686
-6536
7146
-6746
-2000
-4234
5924
-3157
-2495
-582
-1159
7837
-3958
-5468
-7194
3432
480
-480
8433
-7325
436
-5908
-2374
7553
1310
-2088
4122
1158
5989
4613
8731
-4041
-7282
6735
-2476
5386
607
3783
-2465
4541
-4305
-1511
8056
-734
-2548
6189
-4492
-3272
-4216
1193
3900
-171
5216
-5997
-956
5311
-1654
-7501
-595
6554
-773
-8137
-5837
-7525
1491
-1679
4467
-7333
-1146
-5861
1693
-1080
-3929
6331
1042
1014
-4270
-2079
5499
3826
-9994
-8051
-9595
8854
6750
-5331
1852
2456
-4261
-8412
-8381
8126
6352
-6009
-1234
-3220
-423
832
7100
9598
4984
-42
3796
4177
-7235
-7804
7866
6715
8530
-7067
6862
-7653
-1823
7537
-94
-1941
-4350
-5536
-9354
6770
-1820
4174
-9870
7030
1463
1528
-4097
-2418
820
-4670
-3582
-5290
1450
-5126
-9258
-7140
-1850
151
-2651
6295
-7234
-5476
-3421
6551
-9030
5081
1575
-2345
2815
4400
-8186
-1393
3033
-2187
6702
-90
-9531
-3794
4956
-5595
-6888
-7654
-1894
-217
9936
6862
2105
-2292
-3627
634
-2970
4813
-6326
-597
-1556
5993
-6762
-9655
-601
9054
5706
4288
-7360
-1932
-8209
-9571
5802
9203
2317
6030
9111
-8939
-5638
-8340
-5225
7381
-675
-7948
-9201
-4985
4478
5136
9458
-3839
6572
917
-7170
9399
5514
8998
-7562
1637
-6473
-1259
-6345
-9051
1784
8873
634
-800
-8860
3068
1797
7137
2348
-1253
-3762
-1339
-26
6737
-2899
4975
6581
-3203
1340
-1288
3830
-3137
2606
1923
6792
7474
-5591
-2130
9497
9683
7009
9893
1866
3359
5394
8625
5470
-1509
-1702
142
9476
-7315
7314
-3206
446
1128
-4057
-3607
-2610
7781
88
9333
9020
-84
-8754
5746
2182
-398
-9485
5088
3109
-2244
8080
3513
8471
-4062
4200
-213
-2705
5743
8714
5536
-6699
-5627
3799
-8520
-2149
-5059
-9871
-6216
-1091
-148
3099
6780
7348
8993
-2893
-9464
-8297
6474
-2872
-8164
4878
5655
9466
6117
3637
6742
-9171
4240
7370
4605
5161
-1638
2771
679
9490
4612
5231
-8907
-4930
7074
-9993
-8394
1720
-6671
4880
1473
7185
-184
9488
-8737
6141
3720
-7286
6822
2801
813
8120
-7617
-7689
-5785
6724
7977
-5909
1826
-1517
-8265
8662
9728
-2034
3924
388
-9143
-1778
9031
-156
-1383
-6748
-6351
1499
-904
7779
-5549
-7962
3814
1035
-2291
-2582
8757
7282
-5183
-199
1361
1712
4022
-2812
3002
-7705
-8551
8791
-78
-2771
7421
-2506
850
-8136
-925
-1998
-3817
-9531
-9035
9799
-3622
9445
7660
-1771
-259
3269
-6223
-2215
2720
-616
-6560
6824
3156
-2973
2921
4808
8199
-923
-9903
5898
3998
7040
-9323
519
1793
-5784
1006
6678
5871
5287
-6096
648
7826
3531
716
704
-9970
-1267
8918
-334
-7917
-5121
1985
-5065
2035
9553
6277
8938
-3731
9695
7555
-3518
3910
1083
-1249
-3251
-295
-78
9964
3365
1766
6878
4614
-6223
5126
5672
3545
-7301
2431
2199
511
-7767
3218
-263
-5818
2971
1234
3821
-2641
3040
4399
-3861
7667
4916
9520
8529
4416
-7718
192
-1109
65
7762
319
-9347
-9188
6584
-8487
-5744
-4107
-9671
-2957
-393
-2096
9842
-6943
-2660
7060
3846
4437
1964
-9526
-9284
4563
3292
-8635
-813
5439
-3081
-3749
-93
-8904
6021
3346
8146
-322
441
-9450
-8817
-498
-1257
-6234
-4402
8686
-2720
-5362
-2943
-5596
5083
-5361
6703
2817
-1086
8475
8435
5147
3782
1053
-8844
-6440
3232
4917
2204
-1498
5750
-799
2232
-6329
4934
-7497
7499
-2582
3729
-9138
-8689
3157
2823
9629
-311
-7330
4139
-4261
4712
2361
-8030
-2490
4377
6891
-2402
-9089
-7542
5662
5537
-3406
505
8845
2416
-5869
-7272
2399
3191
-6652
-2272
4656
5171
5907
2415
5419
-5889
-9792
32
1524
9470
-4163
6597
481
-2367
9902
7683
-8695
2198
8463
-6839
2773
-4466
6485
4494
2611
-5495
1164
1159
-631
2657
-5696
4130
-7642
-8593
6744
-8861
-76
3485
604
-2024
2794
-8887
8439
8154
-866
-973
7927
2883
-2152
-28
305
-5818
-4575
-9957
6786
4143
-4102
7412
-1359
-104
-6647
9751
-6864
-859
1742
1883
-6976
2078
-8076
981
-2444
-8954
3396
-4287
3214
3964
-5485
-1173
-2394
-1491
6427
-9221
9097
-6604
3367
-5925
5534
-1488
-8185
1158
-2268
-4704
6916
-8658
2359
7869
6093
-5814
-2447
2964
-6384
9242
7853
191
-1595
-4327
-8121
-897
3396
-8162
6911
2519
-7689
7375
-7172
3624
-7350
-7965
-9139
-2171
-3906
3665
266
-9198
2237
5018
-7910
-9794
-5945
-5680
-1074
6330
-6837
-4542
-5110
5429
5618
4101
-2812
1045
5910
6720
-475
4724
688
1204
-2772
-2859
-7954
3334
-1038
2561
-3006
-4533
8936
-6141
-5448
-7057
988
4380
1984
6241
-7173
-2333
-9687
-4898
-5808
-7203
9903
-4519
8746
2388
-2325
5604
5724
9688
-2455
-3266
-482
-1585
6967
-3175
7345
-2598
4153
-3546
7808
-2619
3961
-8064
8066
4714
-3205
4497
3675
-6332
-5105
7301
7266
3723
8224
4841
-3490
-3408
5801
-7265
5161
-1610
7367
-2206
8951
-2165
-2006
4368
-8209
7778
9701
3800
-1256
-5905
7301
7009
-7281
830
-3202
6261
-8716
5072
6496
-1783
2533
4883
2569
1834
162
-4516
-2252
8421
-9584
-5052
-5681
-1070
-8615
-9988
-1078
-6786
1424
-3186
-2485
6644
-6222
-9038
-5953
-6168
-2616
-5430
1387
928
-9303
539
-8512
7007
3645
488
-4691
-5874
-3812
-2228
3118
-8119
-4844
-8844
8610
8772
8905
4151
2939
2808
4663
-6253
7567
-8050
6932
3653
-5013
-7929
3825
387
2246
-9947
-3906
6074
1363
-70
8525
8704
1649
9355
8110
8629
-7907
-5056
-4102
-2021
5287
-1717
5228
2511
-2622
2418
-4823
-733
-4556
8891
96
-5255
2093
7539
8525
-322
7061
-7846
-9545
5344
-8066
3247
3097
-5043
857
-4428
-9218
-2550
-6044
-6306
3653
-5267
4673
-7909
6148
-1896
-5982
-5057
-5879
-4973
-5601
8045
4828
-9788
-9654
-7489
-4768
2221
-678
8659
-2344
2978
3844
626
9382
-1435
-6359
7421
1486
-9664
-7736
-9034
-1638
-5602
-5709
-9880
-8681
-2905
9599
-3980
-324
-9929
-139
2778
-9078
6937
-9243
-1504
-4209
-3835
-3941
-5150
9381
6867
425
-6890
-6312
1658
-1692
5402
-9500
-6550
7403
445
-4900
1218
-9438
3110
-2713
-6993
9309
-7867
165
482
-1769
-1867
-3696
-1619
-189
-5526
9886
-9478
8953
6428
5282
2503
-558
-1936
7410
2370
-8689
9920
4003
2044
-5965
-5690
-3408
7949
-5198
-3318
8346
101
2241
-4219
8937
-6742
7212
146
-5359
-3181
5638
2992
5776
8096
-9317
118
787
-8141
-6750
-7564
-8552
-2513
-2610
3009
4559
7659
-3260
-1978
-7911
-3661
-5594
5767
-5006
-4836
8878
-343
8364
-2014
5942
1733
-8432
2912
-5740
-3673
-7223
1738
-8188
6371
-1028
9706
-8227
5941
7951
438
5989
8499
-3349
1803
544
8529
-1092
-856
3748
2865
-1675
-7191
-4856
9765
-4400
-2787
5723
-5598
403
9831
-3920
3203
-1745
6574
-6025
-5769
-9791
833
-7865
-8600
2843
-437
-6376
-9335
-2787
-5714
3437
-2149
1277
-3809
-9618
3964
7558
126
-1517
1068
-8068
-4431
-4035
7485
-6243
-3396
-7425
983
5539
-2689
-6503
998
8455
-8949
7589
-4191
1087
6178
5226
503
-7160
9802
-5554
1975
4543
2926
841
8412
-5688
-5966
500
-2381
-590
-8784
-96
-1269
1938
-9260
8644
2200
-9173
5168
4942
1348
848
-4419
8378
-6029
9216
-7761
-320
5905
7536
-2733
8424
5946
-7898
-5113
-8264
-9083
9217
-266
-6610
2510
4726
9711
-5398
3231
-42
3458
-2141
8186
-4405
-1866
7929
-4155
4897
-6199
7434
1107
5057
-4219
-2146
395
8088
8476
-4547
6967
6871
8192
4225
5612
-4748
4576
7526
-4176
-9747
-7101
-8483
8173
1325
3386
672
4464
-7418
-8346
-6240
-6626
-2914
5030
-1990
2612
-1625
6906
-8696
4826
9030
9401
-7629
-2525
886
-9461
6
-8573
-9403
-1564
-1634
-1106
-3909
-738
8798
-1111
7738
-2543
-4480
-2289
-127
8178
9893
-8798
-3637
1733
-7508
908
4245
7072
9825
-1424
-4771
-6498
-7443
-6606
-5146
8221
-4724
480
-6249
-1195
3452
-740
5635
-2443
-5039
-3993
-5373
-7973
-763
1771
-4032
8911
-8467
8965
-4595
-3651
7751
-9619
-80
1645
495
5475
2177
-1247
5136
472
-8629
9194
-3785
7638
-5488
-1497
4260
3693
5674
-4452
634
3899
-3765
-4213
7670
-169
2949
1713
-5284
2043
-5946
-1761
2476
-1525
3612
-7085
7444
-3482
4982
2899
3391
-4888
3499
-8922
-7573
8633
1811
-5425
-3624
-9834
2835
134
1820
-582
-2506
1013
-1708
-8120
-425
-4212
-1739
3448
-4868
-8319
-703
-8773
-4996
2855
1364
3789
8576
2442
9758
-2377
4295
-1947
6507
-6051
4580
8992
4414
-6710
1858
7177
5564
-9962
-9144
-7859
9381
338
824
-7596
-9123
3344
-1359
214
-1112
-5871
-6092
-3650
2325
5516
-669
-8263
8273
-5448
4421
923
-2212
3831
-3225
4878
-1927
-9409
93
2712
-9090
-411
3557
3496
-564
9896
1836
9820
-1928
6008
-5174
-9741
2504
6497
-6519
-2326
-3911
6104
-5629
-5131
8189
-6432
-247
-8645
-3070
6489
-800
9262
-7059
7655
-7003
2918
-9498
7034
2546
4474
-7795
3775
2776
7770
-5782
-4510
-4372
8395
-4446
-5314
-3010
-5120
-1786
3651
-7836
6705
4101
9059
3542
-4229
9153
2841
3475
404
-385
5878
-9535
-5335
9112
-9047
6321
-2602
-7219
5130
3744
-4672
7127
484
-551
8723
-9444
-4707
-7207
-8108
2590
1507
-4597
3202
-1939
404
-9647
-2003
-867
-3798
1988
-7534
-4206
-7135
370
7379
-6121
-9145
7015
6480
7662
5695
9543
-3548
4130
2353
3511
6718
-3463
8145
3803
-6087
5061
3659
4346
-2885
9273
-9976
4414
5095
-2503
-5952
5527
-2401
6826
2588
3071
1977
-4056
-5946
-9672
-4068
-9641
6992
9906
-4744
-5679
-2915
328
6816
-8547
-9904
2346
9733
-1343
-3953
2326
-2448
238
-493
-7297
3835
8730
9199
8528
1708
3563
1851
7594
-1585
7439
-7908
2184
-8241
-9175
-2287
-8412
-4559
-5818
-7012
7314
1774
6605
