10000
9405
-8783
7629
6675
1707
-9564
-4014
316
3166
-9229
-7158
7114
-5198
-3002
-6864
4805
-532
-8433
5416
-2677
-2874
1392
-8935
9385
2644
-5030
1097
7749
-2446
-3695
-9389
-8
-9396
-5333
4583
-4039
-9623
4215
6399
-1228
3669
6906
3482
6330
-4118
1684
-1769
6194
4378
-4255
2255
1613
-4
-324
-2578
-6665
368
7198
9840
2154
4689
-6748
-5387
3740
-6922
8430
-4384
3000
4036
-3068
-558
-7350
-4300
2227
-3235
2964
-1060
7765
-408
1214
8445
-9489
-4994
-2006
7625
-6252
-2573
7525
8559
9158
7253
8282
-2172
6620
4298
-3039
-6705
-4672
3084
-300
-4208
9455
-2114
6817
-1202
-8381
-471
348
-8291
-3826
5207
6028
-5015
7644
-1365
-378
6305
-5413
827
-6313
2658
2359
-852
6714
7615
3166
-7831
-3671
-4598
-702
3551
7408
7874
-9859
-1001
-7970
1849
8782
-6448
-1643
-2400
-6335
153
-2496
273
1517
2281
-6076
-3239
9271
-8613
-1233
2112
-7788
-2167
-5042
7542
9452
5475
794
764
-5446
3180
8274
8044
1744
7410
-6524
1190
2263
5544
-4380
3705
1012
-5343
-4897
-4726
-8154
-5109
-8438
8963
1291
-314
8275
7355
2626
-3488
8505
7038
-5236
6510
-2248
4697
8204
-183
-3556
7268
-339
5250
-6697
-692
9603
1475
5005
9084
8105
-9756
8556
8999
-9046
-2361
2490
1685
-6885
2480
6022
3144
-3899
-4828
4448
4937
-9920
2013
9445
-1676
2075
-6040
7155
-5091
-7623
5180
8699
9949
-3051
-4106
-8364
2461
8486
7925
-3445
6397
893
5071
824
1570
3627
3022
4237
-6566
-6272
5195
-5240
-371
1038
5
4935
-7646
6252
6558
-1765
9770
-4874
7987
3828
9229
-3214
-5483
6076
208
9837
-7287
-7007
-1312
6148
2360
330
-5762
2527
3219
7370
8006
4343
1800
-5166
-4195
-6952
-9671
-4063
-8618
-8318
1919
-6729
3138
5770
8475
4743
-3182
-8867
-4428
-7253
1034
-7036
9234
-1199
-2717
-3806
214
-8462
3965
-5925
9588
4387
8064
2639
-6674
3589
9773
-2044
-3858
5656
-826
-3614
1087
-6452
-9514
-4361
7817
9911
-4066
155
6183
2563
8253
8621
-4441
-7841
9339
-9188
5885
2197
-7309
-7741
-3420
3932
-7493
-3572
-3406
-6716
-4975
-7275
-9001
-5938
3
5327
466
2462
-3045
-2813
6896
-5463
5062
-9297
-7902
2696
6879
6478
-8358
-977
-6756
-8266
8321
-2537
308
-9029
-7368
1495
5068
-6191
-7255
7250
-6339
5070
-9463
7113
-9148
1998
-2868
7889
7846
-4336
4229
3327
8605
-7842
-8487
-4032
-9821
-5494
9759
6
-4390
4211
-9770
8956
6165
-57
9122
-8646
359
1250
3621
-3468
-6522
3957
-8490
6061
731
-9982
-6015
9737
-1591
8548
7707
-1057
-4392
8555
4000
-2642
-2595
-3835
-4214
6759
8328
-2248
5232
-89
2665
-2421
-4295
8744
-289
7109
5115
6190
3615
2445
-9035
-4708
-2915
-720
9829
-87
8538
-7359
-3674
9581
-9877
5307
3658
3797
6401
8834
1648
-7050
9018
7592
3682
4606
6436
2379
-8754
-3322
-8407
1467
4575
2275
1403
9050
-5481
8380
-2434
1980
-7189
-5098
-6772
-6611
4795
6955
-1303
-2382
-1811
-2566
8324
7207
-2332
-5385
-9658
-1016
-3582
7523
-7334
-757
4791
8534
-9255
-470
709
4953
-7760
2271
1138
5360
5233
489
7977
-8428
-3949
-5301
9069
7071
-4953
9842
-517
416
4536
2647
7035
1583
-1506
-4005
-2014
5979
-4065
2735
-9752
-1058
9186
-7594
-1503
7698
9842
-7998
-8390
-8004
7371
-7461
881
4647
5700
5438
-6991
-6036
7256
-5214
-5271
-627
-8973
9270
5576
-3615
-1450
-3482
2392
-3991
-9432
-6660
5812
1249
-2983
4962
4582
-8301
339
-3322
-1086
2853
1247
-1065
-4679
-3406
2833
-6260
-4166
-9994
-1486
292
-7445
-221
-4056
4104
-7296
593
-7356
-2548
-5322
1715
3143
-5804
-3953
6116
241
-9869
-5718
-2721
6760
-5393
-8514
8238
-3678
-7647
3475
7291
-8240
-136
9885
-9054
-2329
-2467
2517
9895
6411
-7792
2390
6884
1466
4210
-4975
-6597
-6670
6492
-4946
-4246
-4064
-9587
2592
-9476
-6170
-3423
-9053
4955
8808
-2276
2868
7044
4308
-3258
-819
-8845
-3957
2128
5979
7293
1296
9524
-4002
5821
236
4859
-1315
9190
5244
-7495
-284
-8009
-4744
2994
8571
-7668
-6976
8864
-796
3633
-1916
2764
336
-1551
-6063
1914
-898
-2739
1331
6017
-3311
-1271
-3220
-5673
-8371
-5408
3663
-7636
8430
5271
5369
2701
3909
3631
-1747
-2391
-1552
4564
2538
-4112
-3627
-5549
-9812
-3434
-6245
3496
7451
-4745
-8411
-8011
8723
277
7211
-4818
7057
-9123
2614
593
-5705
-6776
-9864
-6572
-5603
-7619
-2618
-1417
5716
5172
-7212
5912
2104
-8747
-6517
3909
-9807
3614
-2999
1260
-5626
9987
-555
4494
-65
8816
-7523
4018
-9451
-86
-5714
-331
-5544
-6732
8047
3551
-8708
-4914
9243
6098
6465
1047
3449
-2564
9886
4915
-9415
-8117
5450
5991
-9907
-3744
-6202
-5119
-7358
-3556
6730
-5227
-6342
-3817
-5237
4994
-6456
5551
-9243
2548
1543
2333
331
9186
-9418
-8796
-3864
-6313
1908
7011
-239
6030
468
3370
1353
-6282
7037
-6135
-4752
-1195
-9919
5539
2505
-439
9976
5121
-377
2026
-3304
-637
7475
8459
-5837
-2766
8476
1247
1837
-4527
2364
-4936
8057
3570
-8381
-3606
-7505
-5019
-4861
-7666
5196
-886
791
-4349
-6650
1000
-16
-8913
3785
-4682
1085
4644
-2605
4918
-7370
9597
-1271
-1758
-6971
-4729
1044
-2722
-9358
3773
-5732
-2707
-1718
3211
-1729
-1984
2347
9556
1549
2409
-4498
9711
1347
-7026
-1134
8140
643
-8392
-3135
-1803
9196
9611
9281
3375
-8933
1264
-2151
-1280
-5058
7566
-1795
-4534
-1136
2424
1913
-2955
-2569
5343
-586
-4469
-9642
8744
-2452
-323
-8498
6617
3364
-509
-872
7180
1639
-8543
4568
9094
8585
-5627
7135
4033
-148
5356
159
8646
-7629
4068
5803
7926
7044
9100
3499
-3257
-6600
2168
537
4812
9314
-9743
5499
8205
5785
-8135
6589
6934
708
9644
4874
-7733
8065
98
-3961
-3783
9362
-8783
3596
-2328
549
-625
8352
-5715
-9729
-8203
9872
635
9860
1471
8907
-1479
-2907
-8401
-3939
6991
2022
-1966
4518
-3174
5707
-5766
1398
-4545
-4705
2891
-24
9340
-9952
113
5592
-8742
4586
-4434
-6558
31
1278
7858
4921
1696
-8625
-573
5984
-7117
-6166
6332
-1624
3426
-3265
-6095
1735
8443
7152
5968
3697
4069
-8620
-765
1142
-2738
1769
-5038
-5000
-1569
6900
8678
8263
7121
-1482
-6488
-70
-2440
1389
-280
1164
-387
-9693
9818
2449
-3094
2071
4666
6388
-8417
-5561
-3600
750
5473
-3913
-1009
-923
9298
8288
-1225
-2017
252
-9992
-2182
-5183
-3962
-7303
-4260
-1016
-7767
-4687
-4301
-1309
5213
-1466
5326
-8021
-3764
8100
9106
-8959
7336
-9212
-4641
386
1912
-5222
5426
9577
8365
6267
-2300
6017
-2349
5961
4399
-2459
3396
3165
-7312
-7497
4118
-5072
1352
3961
-6891
9030
1468
-4885
-8629
1239
5693
2113
7419
6587
-222
3392
-5363
-430
-9167
-554
-125
8173
-9924
-9677
7818
-4356
7816
-2873
1965
-3563
841
1785
-188
4638
8650
7778
169
-5225
-2616
5252
-6581
-9241
-8578
-8406
3195
-8671
-3461
3069
-8124
-398
111
4703
5784
-6358
-7739
6312
3397
5157
1034
-709
-9498
-5771
9004
-9019
758
-3442
-5155
-2575
-1665
-3571
-6281
2890
-7856
3270
-8519
-5266
2574
-8759
8464
6764
-1311
-5297
881
986
-1553
-8761
-4254
-811
3750
-9704
728
-4971
9651
5266
923
876
-9872
-6315
-3866
3804
-9383
-323
-8661
7538
3743
3529
-7501
-9853
7670
1863
7139
1089
3625
3453
5210
8217
5037
-4042
-4361
6733
-1773
1768
983
-2167
-6953
-578
-4452
2820
7158
-7033
-6967
2677
-7780
8281
8681
-7569
5051
-5949
-2320
2235
-5192
783
5242
-8175
-161
304
-369
-8750
6358
-4883
1384
-4060
-9457
-3383
8843
1323
-8200
-1649
-431
9057
3468
-969
361
-2606
-1268
7511
-4106
3894
-88
-9783
7283
7787
6231
4501
-6185
1967
6663
-9381
5012
-1705
-4722
-8001
-1159
6031
-4833
-7727
3415
-7921
-2184
-6153
-7808
3189
-2089
-294
3531
-4155
-2323
-5782
-8876
7162
8331
-4049
2753
-9561
-3143
-3603
928
9999
2118
-7117
4715
9917
9561
-9408
14
-3871
2117
-9550
5887
8424
7804
8236
-5109
-1993
-8614
3139
8370
-2173
8898
2694
-6263
-1393
487
-5112
3485
-2589
-7264
-4948
9751
4550
-6146
2603
8027
408
794
-7452
-4918
-6097
-9881
3553
-1368
1580
7879
-3039
696
-6696
-1574
3880
-733
2176
6545
4479
6967
8074
-4576
-3287
-3572
-8589
-847
-796
-9150
-4505
3061
-264
9158
7836
-7946
9823
4787
8876
2633
2001
-8554
2765
-4801
-8565
-6134
-2450
-4774
-2021
-9279
2544
700
-1590
-6268
446
-934
-2906
-5455
-4245
7600
4011
-700
-7609
1263
-2322
-239
-7171
-8207
7654
2413
-6004
3309
2167
652
3616
-6970
9500
1796
5901
-6626
6928
3569
-825
-6553
9337
3762
-96
-5798
1970
-9999
-7233
-191
-9708
7776
-4167
-5458
8608
-3105
-4785
7407
1579
3418
-956
1497
-3001
-2898
-2855
-6335
-4663
-6196
-8889
-4438
3324
-8906
8505
3640
2370
6727
-8349
8035
8962
-9201
2690
3239
-7757
-6340
-7630
4440
-2301
-2668
6566
-6861
-9916
-4513
-7577
9872
3732
-3903
-9876
-1580
-4089
-9755
-9197
4290
83
-6667
-3943
4209
4024
-5338
-4484
2521
5962
-688
-2230
-3545
3676
3867
581
1681
843
3669
-4810
1315
-6012
-7296
202
-2345
1459
5385
-3987
-3582
1577
274
-8734
-2037
6665
3154
5277
8312
-8273
-5838
9597
-3135
-7747
-200
5897
7717
-4444
992
8006
7387
427
-6874
5266
-3039
-6529
-2687
-1056
6768
-5033
-5047
2960
-6831
6755
2777
9514
-7320
-1967
5936
-3049
7886
923
-8463
-3267
7390
2224
-3126
5653
-9243
2749
7185
-6294
1852
-2664
-3734
-752
8593
9833
-5210
-8674
3713
-4394
5030
585
1571
2057
1341
-2849
4254
-320
1971
-4483
-9766
9840
294
1133
-9612
-4617
-4342
224
1067
2205
9329
-1852
2423
-890
-8762
7106
505
3127
-1741
-6345
6957
-6046
-9661
-3700
-8227
-7985
-4894
6260
-7857
-9207
-4832
417
-289
1731
-44
7716
4231
8837
5725
6239
7482
-5065
7364
9544
-3632
4456
4285
6269
6619
7355
6221
-2881
-6183
-3185
-2843
1357
-5598
9546
3660
8061
3745
-9087
-4581
-6472
-4448
8423
-6559
-4749
-7428
8783
6599
-2170
759
-9761
-3250
1163
-2676
-8909
244
-4427
-1315
-5877
4214
-2709
2728
4947
2031
6431
2648
5325
4287
9807
-4936
-6340
-7321
7991
-5054
-3121
-7760
-7792
-362
4585
4331
201
6374
-9911
-9709
6977
366
7227
-6097
-5634
-5855
1146
6963
4654
7838
8064
3302
3287
-1343
-8117
1247
-2723
-970
9486
4712
-3376
-4247
7889
3685
-8050
8377
-9082
6126
7484
-5557
-2358
-2121
-4547
7962
-4429
5936
-2356
1995
-7012
2825
-3908
-1953
5866
-9234
6922
2306
-902
-1520
-6373
-2495
8202
-1565
-7176
-9992
8704
7908
-7614
-7543
-325
-1389
1043
-6135
7796
7358
7219
3604
-1040
8766
-141
-735
-763
346
-7190
6480
-6362
9769
1898
-6529
4397
6102
5726
2684
-2172
3036
1858
2485
6865
528
2143
299
5467
-6658
1122
5349
-2019
6828
-5481
3617
-3130
-8549
-3481
-59
-503
4427
-661
-4524
-6008
3582
-5300
-6980
-2119
-619
-4103
4075
-7726
7638
4644
9090
-5546
3151
-8550
5666
-868
1365
2588
-8637
1240
8325
4414
3940
-1976
-5365
-9060
-8996
5821
-7039
-204
-6353
-1532
2895
2980
956
-6768
-2959
1153
-2413
-4666
8854
6513
452
-6587
-2172
9286
-654
-8945
2297
7671
-9497
-7751
-9075
7548
-9503
7531
883
-4859
8074
-4396
2814
632
-7771
813
9952
8934
5988
712
-8082
-5815
-1705
2709
3007
9276
8863
7632
-3373
-1929
-5312
2635
6129
-859
5141
4564
1576
-284
893
1058
3991
3064
9107
-3487
7368
-9236
667
-5288
6166
-1242
1304
5939
-9744
-8154
-4549
-7086
-938
-645
4054
-9171
-6720
-3486
1519
-5278
2238
-9508
-8400
4573
-8166
-1942
6171
707
3002
-5593
-4998
1754
-255
2659
-5676
1304
-5643
7992
-9988
8999
-7845
7275
-1660
9042
-7426
4480
-9425
2831
9935
-7430
-7965
9737
1127
-8850
5501
5736
-7673
-2654
-1761
-5601
2368
-7448
-8092
-9806
-5233
-1903
3189
1154
-9984
-8816
436
2039
-6381
332
-4684
9417
5884
-4351
-4244
3530
-4828
4691
7905
3475
3374
4912
-8608
3178
2996
9953
-6035
9677
2223
-6899
2197
9534
-3275
3947
-5536
6954
-3876
2849
9187
8951
-8483
2622
1938
-7382
-8908
4944
-9774
-1101
4292
-5054
6507
6934
-4105
-5514
-6915
-9674
-701
7803
-9782
-1825
328
-2549
6193
9744
342
3556
-69
-2972
-5588
865
8686
-7268
-2693
9876
-5153
-6582
-8023
-7870
2660
-2628
-7247
6779
6631
-9469
9895
-8044
-905
5088
7033
707
6521
9226
5905
9686
-1764
-322
-7848
-7247
4361
-3133
1941
-4126
-1191
6680
-6190
1762
2176
5661
3295
-9109
5192
5595
944
-3472
-6695
9297
9761
-8418
-5677
-3812
2043
-5203
542
-5982
-2034
7554
537
2874
-2242
4037
2351
3228
-3174
-6055
-9721
-6719
-6553
-9187
8762
8758
9019
-5345
-5056
-5469
-603
7704
7491
1394
-8918
4999
-7755
-8258
-8629
-7122
2014
2522
-2846
-8637
2317
2074
9515
-9900
7151
-3742
7520
3355
8542
5162
1276
9593
-367
-4150
1601
-6990
2577
-6008
-204
-8284
4107
-1573
-3354
-6651
-4895
8122
2958
-8775
-2276
9222
-3182
1549
7804
-6127
5509
-6349
4271
-5686
9354
3802
3840
4551
3158
-9240
5607
-9139
-1708
-8649
-6689
4830
-6142
4202
-1580
-9025
1688
5323
-7013
-6363
-6999
66
-5060
-2980
-3358
-5965
2090
2900
9071
-8971
9779
5736
-771
-3893
-3502
3052
-4806
-159
9058
9106
-6920
-9820
-8691
6841
5169
9566
6307
-1389
4421
6732
-3834
-1966
-3426
6046
1314
9934
-4620
9803
5850
-4683
6765
2255
-6627
1551
1212
3394
-2664
-3731
-7382
-4523
-1051
-9554
9330
7627
-3455
2446
1606
2866
9243
2443
-8784
3294
9991
4116
6739
7424
-2189
-5071
4527
9544
4401
-6390
-9438
7572
-8301
7029
6636
-9005
5173
638
-5300
2394
-8428
5045
8038
-126
-7683
8911
6246
-3587
-1440
7546
-227
-3309
-7774
8706
7850
317
-8238
5240
4597
-3011
-5453
-2011
2132
-2408
9944
-2325
-432
-399
-4177
-9612
9090
9956
-1324
-1030
-3209
6555
-7450
-2830
-2093
-1840
2678
-1131
7890
6688
1979
-6867
-4535
4968
1059
5528
-4950
-3489
-3164
-1860
-2330
-880
977
-4024
-3091
-6510
2760
-8574
-9838
-1979
-7768
3346
5162
-9589
-2145
2826
6546
-5183
9953
-9328
-5200
2745
-7146
-2454
-366
-2346
-3286
-3227
6963
1154
3720
770
7676
9167
-1696
-3778
-729
3880
-3547
-6532
-6594
-652
5780
6865
-4478
7463
-1330
9291
7336
4996
3558
7551
7998
1810
-426
6509
-8853
-4678
5612
1107
3796
7643
-3358
75
-4742
874
-4373
-8159
-1759
-7223
-2743
4502
-9012
-1662
-5956
8330
-7132
5889
-1899
1225
-2985
2475
-728
-4523
6397
-9921
8832
5835
-8970
-6968
-2836
4629
3024
7356
-8009
-1269
5860
3156
-1674
5415
-33
-4409
-7494
7268
5119
2693
7365
-142
8307
6382
-1799
-8135
-379
9517
-8340
-1114
3444
-5420
-9224
6935
5017
5205
-2673
5567
5995
-4902
-4149
4375
1054
6849
-3869
8482
1478
4248
-5798
-294
-4582
-4943
-878
-4612
3444
3906
-8642
781
5557
3931
-5900
5896
2916
7909
9441
4293
1143
-2220
-9833
-6745
-5942
3016
-1566
2146
-7316
-954
5976
3910
1434
1774
-2482
-2451
-1437
-6088
2311
-6371
-6294
9168
9703
-5413
9098
-3797
7206
-7475
-3436
-2875
-895
7753
-7693
9593
-4022
-9569
5617
-2276
-7969
-6337
-686
278
-456
-7223
-5442
-8034
-9286
-2768
7453
-3631
-9943
-2743
-7302
9614
-2118
-3818
1002
369
-794
-1559
7142
2410
-294
7799
-3437
2905
459
4731
6755
4329
-2296
-9948
4917
-8218
1128
-9027
9687
-6756
9377
950
-6517
-6291
3514
1012
-9912
-2577
9113
-8462
-3977
2240
-1642
-46
446
-250
3601
-9628
2362
-504
-6721
1617
4549
-9854
4415
-6460
-9321
5609
-2646
-6026
4072
-7012
-4951
-3499
-9773
7074
-5343
1457
-5961
678
4745
-4029
4471
6796
-2532
1946
-2527
7855
-4150
-8158
4236
-3144
-535
-4461
-2278
9789
2568
5556
-9059
-9773
8164
-8662
6838
7954
7092
1153
-7080
1444
7263
8469
7179
5193
8046
-7587
-1203
-726
-9701
-363
-9965
4759
-1208
-3769
-7507
9823
-1715
-4619
-6489
4524
-4599
5286
363
4377
601
299
-6716
8817
4359
7596
-4290
-2266
9146
-8909
-7351
-4150
-4053
7413
7868
7309
-3560
-4360
-9033
8531
-8335
1766
6176
-3919
-6673
717
-9073
-2524
-2652
-5136
-7483
-6161
1966
-5491
8215
5263
9414
2987
-7991
8860
-4587
1472
981
-9634
-2267
1021
9802
425
3605
-7625
-4783
9431
7463
-4909
3563
3457
2643
-3891
3063
6874
1343
-7004
6192
-25
4966
2821
5650
-6562
532
2771
8957
4731
4724
2224
-4014
-7303
864
8747
-1990
3155
-8904
-218
-4602
9943
-2449
226
-5839
-4445
94
-9303
2146
-8640
5787
6296
-6194
7543
-603
-441
4858
-6988
6262
8535
-2306
8374
-6117
2807
-7452
-4913
-3552
-7886
2160
223
3396
-7144
-2598
3431
2444
6119
-9866
-820
-3116
-521
9045
-4757
-7777
-129
-7740
-6541
-2289
-2457
-8174
-6109
2480
7947
-4016
1249
8943
-664
-4815
5300
6313
-2362
2352
9823
-2370
6370
-464
2555
-348
-5513
-6434
2927
3223
4457
1875
9455
-6386
9261
-2345
5646
3465
-5512
9759
-5568
934
9539
-4297
3089
-6989
-232
-2438
6140
-8386
9819
-7202
8969
-6007
3064
-2867
-985
2969
9765
3405
6625
6669
-9805
-3647
-9441
9675
823
2441
4732
-2698
2031
-1339
-9056
-3364
-3949
4439
-6247
1388
-5606
1029
1915
-9660
1606
-5058
6929
-3735
-2867
8916
7518
4368
3941
-3769
5461
-4007
-2646
-3805
-4399
9179
-1265
96
4882
7578
-8096
5831
693
-2187
3439
-7916
4206
-4836
-3005
3158
4484
9055
-8295
212
1674
8130
5782
8842
8502
-5363
-7446
-4112
8735
5375
-3838
-4740
-7016
4834
7883
-6018
6531
-6887
-9858
8969
-268
-5418
-6964
-1294
-1565
-5015
9671
-112
-2803
-5645
-9814
-1436
-2872
-7719
-3930
-3950
2241
1075
3819
4237
-1292
484
1519
9616
2151
5956
8766
-2487
-6204
-2120
6558
-4272
1521
2883
317
-1643
-9843
-4970
-7207
4856
-8887
2340
1868
-5230
-7520
-207
8882
2993
9012
2184
2553
7936
423
8522
9796
-3932
-9068
-7228
-2660
-8925
-3512
-4070
1427
-480
1311
-7328
-6954
-8543
-9665
-8248
-8658
-1198
875
4149
5299
-318
-9467
-2994
3726
1674
-3004
-4242
1705
6478
4333
-6184
8214
-4932
7217
-4057
-4871
8498
-5085
1092
-3502
6236
6740
-8623
4395
-5126
-5107
2
-4454
1568
-1592
2091
7635
56
-9172
4308
-8530
-6398
-5533
7626
-4016
-3877
9081
2767
7673
9147
-4397
1233
9673
-3368
234
-4168
-4081
-887
8771
2425
-1040
-4827
-2036
-8664
6832
3241
6260
-3446
7937
1592
5448
1608
6149
1372
550
-801
-2335
4267
7903
-7403
-2656
-8730
-818
-9658
8896
-9989
-9584
3260
-1218
-86
-6689
-4483
6457
-9500
5199
-418
101
-3889
6883
8918
-9169
6886
5005
-6995
6472
-5091
2145
-6093
-1840
-3933
-8460
-8787
2720
3168
-874
-4055
-6893
9438
-2007
1811
5234
-9853
-3043
-9919
-7909
-4484
-5622
-471
3885
-1514
-6551
-4878
8595
2950
1904
8967
-1718
-7831
-3288
-8504
2577
549
-5108
2747
-5652
1838
4831
-8864
2677
8356
-2934
-4222
1504
6714
8690
6825
3528
-8558
7154
2060
-8581
2979
2010
4547
4543
-5412
-3516
-8517
3072
-9277
-2546
4867
4632
-74
-7239
9635
5689
-333
7261
9421
-3814
8691
2215
-405
-1637
-2416
3120
7064
86
6440
-6501
7691
-8508
-5254
5194
-1523
4841
-7251
2333
1996
5566
-6193
-919
8424
-7207
-3493
-2415
-3286
8827
3540
-4316
-2763
-4938
4462
-8045
-7692
-4072
-2548
-2196
-3501
5816
-9949
7159
330
6428
-9314
-7219
-2476
-8379
5083
-2000
3390
3832
-1678
-3220
-9286
-8759
-4362
8136
-845
4710
4052
-7928
6203
-4963
281
4226
5921
3659
3280
5754
414
2914
-7320
-9699
-7858
6326
3059
-6313
-2180
6277
-9333
8817
-8075
-5311
6224
5770
-8577
6651
8013
-5327
-7581
-4979
-5480
5244
6949
-6717
-617
9128
9332
-601
-6400
-2578
6845
-9079
-6407
3742
-9606
-4153
4062
3067
-2072
-4034
-8607
-2989
6870
-1875
-2132
1369
9817
-1150
706
480
2396
4804
-1661
2806
8085
4125
-6034
-4550
-4653
-1791
5825
-228
6835
-4705
-9668
6256
-6350
899
4003
-3633
-67
-2427
226
-9014
2916
6066
3467
-373
-4211
8244
9466
3626
-540
-447
9786
-2840
2288
3133
-5887
-7316
8545
1997
4470
-584
6182
-5510
-5133
1351
-4645
573
-4283
-7995
-513
4749
2608
8298
9219
-8094
-9168
3893
8703
3461
-9446
5922
1631
7510
6689
4039
6586
7097
660
-4111
-3645
830
-3292
821
1432
44
228
-6891
-8648
-6422
3657
1010
-2670
5258
-5391
-2199
4056
4530
-6880
-6165
-1166
-5177
-9691
5756
5423
7384
-1445
-4888
-8489
4260
-6741
637
-8069
9514
5999
-9399
5742
4363
-8015
2225
-8851
-1026
8274
-9174
-2119
5040
-3897
8312
-7546
2965
9342
4033
-3381
879
-5858
1773
-6886
-7782
908
-7971
-2710
3954
-6806
9860
9167
-2270
218
-5018
748
-9558
-9664
2028
2174
4108
9541
1473
-1511
-8365
696
-1779
-7855
2816
-9841
1259
9903
9682
9739
-6872
3907
4081
1561
-1669
-6632
-8904
-7787
3483
-3069
-899
-9303
8770
-3595
5757
-2957
-7172
-3984
8745
-5051
-9525
1974
9735
9734
-8517
2493
-185
-1674
-4899
9119
-6749
494
8834
7054
1265
-1370
86
3205
-3576
-9168
-5450
3545
973
-5055
-9681
6030
-5543
-5392
-3627
2118
-5496
-7945
-2692
-7340
-5663
-5993
-3433
-3665
6781
-40
7275
-6942
-6858
-4947
-914
-2880
3597
-9770
609
1461
8088
-1121
-2808
-1257
5958
-4442
-1182
3771
-4528
-4038
8489
-3708
5087
5502
-1496
-6057
-332
8589
852
-7094
-8521
6680
5096
8090
4607
-3861
1089
-8932
4858
-7475
402
1867
-6693
7398
-667
-6976
-386
-9893
-2417
8224
824
-6443
-4497
3855
8159
2239
9571
7330
-5229
-2738
550
8274
-8471
6811
-8118
-8371
-8142
-1812
-306
326
-2228
7569
7516
-6036
8804
-8151
-1950
3673
807
4645
8842
-575
-2044
9924
-1992
-7830
4383
-7842
6624
7738
-1484
9949
-6494
6860
-858
5700
-5789
-9187
9220
9811
-8407
6435
7990
-6045
-8750
-4068
-5974
6668
5202
-1820
-3659
3463
5351
1985
-2200
3981
186
3353
-1903
7742
5781
-7037
4907
-2851
-7077
-7781
-2365
-6792
4361
7310
7975
8582
2439
2613
7821
-3542
-886
3455
-5122
-6988
-7927
-4857
-3491
-8346
794
1477
1336
7859
2825
8960
-8502
4675
-6924
-3423
-6774
916
3974
8099
9523
315
-2290
-8186
-3727
4424
3995
-4734
-4571
-5177
630
2105
3093
5027
-4900
-4603
5843
-9723
4311
-5615
6472
5018
-1768
-572
2365
5106
-2317
4183
6726
1061
1334
4168
-1844
-9808
5319
6535
-683
-8451
442
-3186
-2575
-3039
-3700
-2483
-4956
254
-8322
-3965
1963
6089
-2543
4009
-2931
4294
-5605
8328
7040
-3665
6596
-6901
5204
-2093
2304
1071
1056
2044
-9336
2806
-5497
-5463
-1513
7643
5862
-1415
4350
-1856
893
-5911
-6716
-5340
-8488
-9643
-6594
8048
4985
635
903
-8752
5060
-547
9788
-4609
4359
-4316
-4554
-1605
5731
5762
5061
8567
-2341
2960
8390
7503
2392
-5450
7105
6742
-1386
5545
3265
3820
-9457
6702
9520
-564
-318
-9987
4239
-9567
128
-4704
1423
-8488
-7437
699
-6129
-5328
971
-5242
1842
9070
581
-7146
6908
6957
4122
5690
-1207
4435
-5438
-9280
2890
-6209
1988
9783
413
9791
3675
5616
6599
3229
-6458
-6946
9777
3769
-52
1916
-1379
2994
-7639
2445
-7133
6526
-198
9439
-8724
6394
161
-8055
-5142
-5541
3638
5811
7474
5666
-2422
-3211
9783
9773
952
-8264
-4156
1579
-4277
-296
-2314
-8664
6790
2795
6580
-6746
2356
4059
-8917
9452
5581
-5073
-6774
-4776
8097
-888
823
-5295
-7644
-9465
5357
5368
502
-8468
851
2876
2062
825
-6311
-4564
3042
3188
-4655
-5977
-1451
2572
3208
2703
94
9427
-2816
-932
-5039
-2422
395
5805
-4243
-2598
-6394
-4390
6785
6494
-5872
4453
-2085
6751
-1595
-7410
-6769
951
-1573
-58
-7264
-9130
-1768
-9573
9518
3
-2098
2194
4828
2970
8661
-3662
8700
9364
5059
7549
-6278
804
7786
-7878
-3646
5150
-178
-5459
-3921
2674
-6911
-2519
273
-2634
605
-9828
-2407
-1919
2782
-9624
-3356
4532
7705
-79
4514
-7245
-6915
-6766
-9630
-4047
-7035
-2358
-8644
-5270
-138
-4396
7802
-9399
9723
-4299
-3837
-7030
-2821
3279
7334
4474
4180
1394
-1280
6554
7190
-271
5611
-2781
9310
4370
-8349
6787
9069
4767
5685
6117
5029
8314
-5466
6223
6528
-3698
-6755
8453
-2932
4128
-7186
-5877
-921
1124
1508
2727
2259
-8500
-5430
-8955
-4490
-4037
7095
4628
-720
6648
1716
9293
7930
1598
490
-6540
-1000
-2128
-9587
-8488
-8262
3722
-2433
9492
-7691
8115
4194
5848
-8936
-2706
3102
-1247
2094
8943
2507
8676
-9616
-2006
-7428
587
7972
9320
-7768
7894
3030
-5773
9782
8515
-3183
-5231
6724
-1048
-4775
-2291
-5740
-7972
6152
-3856
-9804
4117
-2364
7311
7176
-5939
1018
-8098
-1610
-9058
-9031
-4286
-5106
8204
9101
-7260
8212
7938
-9354
-7646
-1908
8564
-6300
-1857
-5536
-7165
4273
-6213
-1039
1056
924
9629
-3145
1448
7933
-5748
-1833
493
4330
-5155
8832
5717
1253
-9753
-6302
2459
-6177
2482
-820
-2156
7694
-2290
96
-276
-7066
4096
3221
-113
-9417
-8105
488
9603
-2526
477
-9439
8978
-295
7785
8349
9798
6834
-2863
-419
3693
40
2972
-8758
-1412
-1425
-9386
6084
5264
4626
2877
-9306
5807
-8438
8440
9079
5805
3100
-4249
399
-3093
-4176
-1163
-5053
9466
9226
5642
-5072
-6404
3623
8221
1984
2251
8502
7975
9308
-6380
-560
7122
-3729
2235
-8587
7217
6258
7554
4357
-4823
-3079
3556
535
2893
-8071
7003
9466
-9049
6644
6529
5349
2994
-6333
-9836
-4547
-3387
-642
6323
4803
-8502
-5237
8421
-1737
-5620
2817
6809
6125
-6610
760
1479
-8470
-7591
720
629
-3813
7246
2042
-6794
690
9209
-890
6702
4223
-2906
7498
1616
1479
4526
4011
1288
5603
3881
9835
-4524
823
6215
-8080
2733
-7059
-2662
4013
1796
-2579
-7925
9295
3719
4220
3053
-9018
-638
-6641
3119
5454
1378
-8342
8874
9913
6966
-4231
2778
-7590
-7954
-9271
7562
9169
5
4996
6376
3822
-8165
2632
599
-3324
7355
-7069
6308
2635
-8580
-5267
1584
3985
-9374
8322
4235
-5377
8740
6171
1570
3204
-8888
-8953
5807
-7104
4811
5803
-7857
7119
3165
851
786
1680
6472
6259
-2005
-7344
9905
1631
5734
-9960
-4840
6500
25
9680
8314
-9119
8499
-6002
-7946
-4795
5490
6207
4172
-4602
3313
-8591
-4672
4379
-7171
-6405
5758
-2793
5417
3145
7256
2147
7640
-1593
-1813
4214
-5609
9898
6400
-2317
-7923
3350
3342
6432
-5718
-177
3356
-6210
8861
4063
-1372
3498
-4350
9888
-7597
2511
-5960
-1625
-5843
-1755
2673
8942
-914
1610
-5566
-5795
7115
4731
-6118
-3436
-6185
5168
9232
2294
4674
6257
-5803
-2315
-133
-7271
232
5591
-8714
-8379
-8600
-1086
4200
5657
-9020
-1559
-4209
-9776
-6738
-9485
-7537
6077
-2225
-2396
-2729
4355
-8556
-1942
-2174
7149
-9211
9702
4474
-3893
-6442
9077
-6922
-3479
-4809
-2597
4932
9070
-4154
-501
-3678
-1170
-3611
-684
5894
-7156
5637
-7093
6750
-6096
-5503
-3695
-2414
-1311
6312
-2782
-3259
-1
2802
-3846
-8902
2079
-8333
7875
-9422
-5532
7342
9151
-1548
-1226
-5663
2766
-154
34
-5698
1181
3832
-1170
-4359
235
7776
-5065
-8419
-4103
2111
8009
-3654
-3634
8483
-7142
-5191
5860
-6746
-573
-2960
-9678
-4045
-5796
3600
-841
-8888
8915
-6021
-8640
-5225
2473
9940
9942
-4729
-3607
-3697
7463
-5320
-8890
-505
7823
8100
3888
1198
1795
-6880
7314
5631
-6631
-4350
4075
9103
2103
-3972
-634
-5310
2135
6246
-6279
-8966
-6540
-9254
-7369
6603
-3275
281
8978
1481
-9006
1099
-7887
6115
5063
-8188
6857
5609
-2700
-3743
-1413
6824
-7698
4050
-7542
8310
2566
4402
7799
4424
-972
7345
-9317
7458
2048
8691
-8288
-4954
9484
-7312
-9412
5197
9217
1948
8011
-6700
-5611
-5310
-1304
1262
-8010
4298
-3736
-8457
7126
-70
-6732
-3512
-1134
-6024
4833
3366
-5503
-1043
-339
-8491
8661
1380
4023
-1077
7761
-3694
-8773
223
-1656
-5456
-8598
-2433
-9203
-5436
226
8641
2557
-1314
-2513
-559
-8315
4542
-8963
-3574
-1104
-4910
6297
-4256
-1711
-1891
-1469
-1671
-4886
-4940
8466
-1764
9431
-7582
-2204
1409
9018
-85
5600
584
-9596
5453
7371
-8090
-8164
2018
3331
-582
-5713
7170
-1893
-1954
-2092
-8442
9171
-7367
-2118
-5689
-8462
5393
-2191
-6395
4387
-5730
4242
-8573
3339
6521
7276
-7088
-8349
371
-7188
-6783
1909
-9598
-184
-7815
5751
1366
-8568
-6262
9247
-8886
7569
-3083
6562
7446
-8624
-5458
-9458
898
-2561
5531
4192
-5708
-2409
-2469
-6366
-1846
5458
-189
-7931
-2397
-3589
-9245
9559
2872
5525
-6072
-4032
-7063
-6492
-4165
6559
-4527
9532
1414
-484
-9605
-4699
470
-7382
-2290
8455
827
7483
-5788
-4456
-7859
-8929
1273
6527
1193
-2949
-6434
1380
3641
8962
3084
-9450
-8878
-9293
8950
-872
-3433
-274
-5832
-4919
826
9364
7148
7278
-3933
1498
-1509
-673
6985
9385
6416
235
-9667
8694
-5336
3752
-3354
5785
6854
1979
6118
6380
6275
9664
3644
1634
9474
-329
-6813
-5343
-1438
2123
-200
3389
-9076
1696
-3367
9011
-8084
-3656
-1496
-7969
29
8130
-9490
3418
-5635
8385
9469
915
-5568
2900
-3282
6696
-352
-4089
-311
-990
-399
6933
-5341
-6037
1875
9079
-8510
-4499
-6623
-3410
-2724
3880
9126
-1911
9245
1295
6479
9747
4518
8351
-1829
3645
4019
-9059
-3025
8547
6005
-6357
5639
-3554
-162
7719
7079
166
8828
-5119
-689
7873
9948
-8842
8909
6380
8208
-8403
5740
6276
1899
8462
2890
8594
4488
2522
4007
8465
1291
7659
-4263
29
7583
8360
3677
2714
5631
2917
8807
-3906
2640
4437
-7173
3132
9771
-1747
1429
5678
4089
8823
-1310
1726
7478
-4753
-4751
3185
-9864
3486
-3324
-3408
-3799
-3184
992
-5867
8528
7860
-2460
4206
9071
8880
6135
-5199
4677
8414
8026
1181
7410
-6938
9948
-8216
-7109
5209
1452
4010
5700
7528
-9527
-4155
5626
-8321
-586
-9008
-6893
-8766
-6103
-9986
-4212
194
1090
3856
-654
-2405
9017
4948
9917
-9619
6640
-7465
822
-2314
-3384
14
6106
-3768
3023
3517
790
-4052
-6474
9859
9458
-4110
2753
-2750
3018
-4748
1688
3406
2007
1286
2427
7826
-2355
6908
-9134
6617
-6019
-8295
-3455
-1089
-165
-7442
-869
-9579
-582
8727
7182
2603
-45
-178
6268
2461
6756
-5749
-1686
3101
-4587
-8359
6288
-647
3669
-8011
-8175
-4824
-8796
5573
-7867
-6506
-4854
3507
2770
-8279
5668
-5083
7354
7472
-5409
1211
6445
1991
-7204
-2076
2302
2665
-5420
-7428
4500
-8461
4565
5382
-1033
-3887
555
2466
8106
9223
4378
1644
-7176
3614
-5114
5009
1574
-8439
-4106
1518
-6648
-3597
-2643
-3097
5360
8838
-1192
-4736
3426
4922
-8602
-36
-6653
-5351
-591
-8465
-6065
7595
7387
-6974
3369
3235
5299
-2365
8333
-5019
-1097
-9818
-4478
946
-7116
-6339
3883
-1934
9352
-8593
-5156
-8068
1225
-1352
1258
-8859
8766
7452
-5189
-862
6155
5641
9757
-2916
-2134
-5016
6034
2416
628
-1793
3273
7743
-5088
2663
-2968
1689
5122
-2715
-4635
-1311
-9611
-3128
8564
4093
-3629
-4610
9531
-5924
-7552
3762
-1439
-3772
7271
-26
6053
-3465
-6532
8105
4266
-5183
2113
-6315
1328
2305
-3676
8039
1982
3761
-7995
-9092
9531
3540
-5098
-1083
-9507
-4772
9243
8103
-3848
20
464
1265
504
-9456
-1494
-5093
2602
-816
2870
1591
9332
299
-4163
-7561
5797
-1539
9993
-3845
8263
5967
1377
-9484
-6671
-32
2384
-9958
-2919
-3763
8228
-7225
-5017
-7262
-2125
-7954
8580
4317
9687
-1861
-4495
-7813
-4678
2601
-7820
1121
8685
9114
-7346
-7639
-1102
9974
2504
935
-9319
291
1259
9879
103
-548
5198
2758
9715
5490
2794
4121
-821
1308
-1174
-1315
1683
-2852
-2370
7980
2637
6544
-3697
5176
3028
5362
-2195
-104
3490
6220
-2845
2733
6258
7707
332
-2865
1696
-9697
9279
-6727
76
-3908
-9466
4205
2173
-9232
-5779
6661
-7454
-7791
-5771
-553
-1100
9378
9224
-1852
-5961
-8046
7815
-322
1631
6226
-7778
-2956
9903
-8239
2745
6011
8861
-1226
9649
-7398
-1646
6968
8959
-3982
-3283
-2243
-9711
5096
-3705
-4659
4730
6385
-271
-1965
-7837
-2631
4281
1392
-4225
6223
-9300
9499
3581
4913
5333
-8199
-586
7407
-5532
-6731
999
-4834
-5431
-1348
6552
-2788
1184
9719
-3814
-5349
1703
2662
-2192
-1395
2793
-4330
-860
10
-2593
9311
2395
6240
-627
-740
-9342
-7433
8392
9607
8519
1663
3351
-2672
-6203
4569
-329
2426
-7113
2752
1240
-3821
2413
-4878
-5339
-3826
-68
-4258
2465
3167
3440
7564
9004
-2670
477
7011
-7610
-2008
-4013
-3301
682
2895
1264
-192
3451
5372
-5905
9311
-5379
-248
8734
-3728
-3814
-252
621
-9472
549
-2789
-926
-3590
5723
8163
6218
-9806
-3451
-6370
-9974
9646
-5958
-5037
2355
1361
-5758
-9691
8052
-9275
-8875
-5139
8969
7523
-6975
-9544
5266
-6558
2219
6495
-2914
4155
6541
9311
-5530
2293
4093
-7787
-5770
3601
-2418
-8552
-3258
1716
-2513
2002
-8985
8300
3410
-1220
120
-6079
-9560
7637
1304
-4870
-2521
-6721
-4458
-6135
8781
759
7461
5236
-5154
-3601
-3733
-4767
3049
9001
-5703
-3299
4970
3538
3028
5705
-9112
4760
-2639
929
7486
9546
2528
7274
1111
9579
-6273
3032
7570
-6702
7664
8761
8070
6497
-219
66
-9634
-7841
-1609
-7213
-3355
-940
-1227
-6295
-5827
-3807
-3142
-7743
5737
-4934
5911
-3804
6251
8417
7888
-3149
5960
1184
5667
-5936
1607
-3709
-9662
-4698
6808
-3025
5922
-3497
1169
-4349
-6004
544
-9452
810
9392
-7574
-5236
3001
9498
-3472
246
-6773
6397
-2744
-4675
-5289
-5589
5232
-7587
-822
-4089
-73
-4471
6343
-9071
-5979
-7063
7096
5088
327
-4741
7311
-6673
-9925
-9831
3645
6830
9684
-517
-9138
-8775
-4309
1267
-6689
7269
7010
-2089
-7458
-6378
-8906
828
-9059
-5489
-7647
-4579
6738
2401
-5368
-6245
-403
1028
-536
-2786
-9066
2275
-808
986
6403
7697
-6117
-2451
-1548
-7878
-6812
4804
-8917
-9547
7718
3806
8203
-3019
-5545
8616
-52
7615
3425
-7257
-6857
-6442
6821
-3852
-5980
-8591
5452
1377
-1810
6990
-4053
-9830
5168
1727
1042
5383
5183
-8189
-3151
-2931
323
3376
-2169
-747
2482
3116
9673
-5980
7563
-6597
-7156
-3191
6572
-2765
6735
5558
241
-1781
8327
1126
-6550
-6222
-472
-4868
1047
-5380
-2003
3596
-7518
-7498
-5307
-5997
-2663
-9509
7738
9472
-3641
-5217
-5089
-6186
-6738
3656
-4843
2698
5796
9213
4666
-3769
-6873
-4393
-2193
-8943
-9795
-3180
-7804
5958
812
5674
-7294
-8736
-7949
-9960
948
-2312
-4381
5720
5427
-539
830
3857
-8755
2401
5674
-5335
8657
-3604
8594
-2344
3162
-3574
9882
-2888
-3882
-7321
9820
-6120
689
7451
6692
1903
8067
2825
-9916
-6323
5170
-6879
5045
6157
6469
3685
-9077
-5017
7303
3209
4755
-7165
9524
4435
3532
1512
3491
-5918
6623
-6958
2416
44
-4612
-6399
1637
-8321
-4622
-5778
-4444
7784
9291
-5223
4404
-5422
-9598
3165
2981
4999
-5214
-859
-8351
3122
-3332
-8616
4114
-4636
6788
-9616
2538
2869
5065
-183
-5486
-29
-4913
-3916
9011
-1066
7947
-7989
3323
-5180
-9478
-2913
5612
-2257
-5666
-3635
679
-2964
-9386
-4945
-7280
-2560
-7495
5518
-802
2051
-6833
-8522
8993
-5786
5612
3234
304
3152
2666
-9418
1935
2020
-9118
8811
-8614
2335
8678
6628
-8848
3325
8798
-9312
2078
-2405
-4995
2153
-2810
8823
-289
5865
1165
6771
-2303
-100
6334
2297
-387
-2656
-6338
-4872
5537
1064
-3571
-4563
-8341
-2799
-4235
4349
-4605
1516
-1709
-4514
-11
-3814
-9505
-3563
8201
-5802
5081
-3238
865
6731
-3054
1593
5870
-5850
-1260
2449
8143
8071
-3473
-1729
-6488
-9327
-6143
-3179
-7397
4001
-2047
-2685
8709
-485
7049
-8233
1783
3615
2077
3137
5359
6363
-7524
-849
5427
1818
-7038
9784
1770
-6790
151
4276
-5577
7035
56
-6360
6227
3092
2368
-1184
-6107
191
-9390
4148
-4960
5524
3974
4173
9945
2900
5934
-1471
4708
-804
-3741
2617
3178
9209
-687
-4780
-7863
-8486
-4676
-59
8168
-2591
-6419
2904
-683
4692
5981
-5038
-5026
5488
-9636
-811
7208
4093
3422
-4606
2959
-6404
-4188
2425
-5574
6972
-7998
-4099
3322
172
3058
3763
-2625
-8116
2261
7304
7351
-964
65
-6222
-3420
7254
-629
8847
6745
7767
-9518
-9622
-1583
-6376
-890
796
3755
-8933
-4589
-5874
3718
-7871
8462
-4483
4597
-9928
6618
1686
-6913
3634
-9705
8097
4471
-5359
-631
3643
-4654
-8674
-9696
-8261
-3254
-968
649
-3178
8622
-8854
-4816
-3651
643
-6283
2544
5540
1660
-1459
-3015
7294
5393
256
8093
-1212
319
-1360
6711
6484
-580
-4574
-2120
-5898
3381
-7825
-8592
8890
-7450
-1192
-7851
9117
8629
534
9330
-2133
-7093
7695
5039
-3842
240
7237
8473
-7100
3106
-7000
1167
5022
4561
-2004
-856
8069
-3141
-5067
-6621
-5464
-3713
-8338
3245
5392
-9408
1370
-9975
-3996
-6952
5890
2559
4296
-4522
-1812
-9916
9824
-9290
-1747
-287
8595
-8261
4725
579
9803
1579
-5144
-9954
1176
-8057
-8659
-2914
-8940
-6395
-5408
-564
-6719
-5587
6882
-7462
9999
44
-816
-4245
1498
8408
-5455
-9278
-1361
-5055
5864
-3547
-9265
3216
-9622
-7283
4141
-9761
4233
3405
-5199
-4844
-9137
-7171
6495
-4452
-1722
3074
5489
-32
-5516
-2405
6785
-9242
-3163
-7221
899
5286
7392
-8674
3375
-6233
5371
2201
9980
1526
9867
8003
-5624
3106
-5613
1642
-6444
-1801
4989
-6733
-1684
5590
-4345
-7518
3877
1293
4693
1890
1695
-8008
-9563
1265
5929
-8013
-5825
-4373
6435
-2438
-3094
114
1311
576
7292
-1481
-6655
264
-5654
3815
102
6276
5181
-2987
320
-9944
-1114
-9024
-6017
5129
-5304
7136
9004
343
-8077
3635
-8433
-1036
-6959
-4514
4848
-7888
8089
-4926
9914
-8765
8706
-4451
5019
1029
6545
6842
-7319
-8562
-4941
-842
4287
-5371
-5370
2320
4804
-3289
4849
-6644
-3444
9591
1972
-6909
6136
-7204
6907
7755
1465
-6117
-884
5343
-3342
-7919
3615
6955
6459
-4755
1133
-8458
-7838
-2263
7329
-1077
8748
-4157
-7348
4774
-2823
-7236
5237
1272
6853
-9524
9197
5239
4458
1407
-7649
2822
-5821
-3120
-6010
-1956
1196
-1599
8538
8915
-283
-2124
-8254
4527
-8779
5673
9037
-8216
-1173
-4971
2428
-9162
8000
-5285
-6569
5273
7928
6441
-9217
-3550
6888
-1454
9507
-6174
-3823
35
8781
6797
-6294
4069
-9228
-599
-836
8590
9300
-2375
7750
-2493
-1030
-3167
-1407
-7218
2969
-7243
8606
-5352
-7557
-9918
-7412
-9180
7473
3513
9590
-1720
427
-5965
1512
-8568
-3165
-3034
-1134
-9263
-9549
-3037
-3931
2063
9959
-9688
5818
5515
-3091
-2327
-7406
-5180
4425
-2506
-2920
5000
3397
-2008
-8925
1872
-1658
718
-4585
-4074
6681
5839
1579
-5037
204
-1541
-4250
9785
6586
8403
-5053
-5910
8414
-1135
2611
4756
5033
7732
7329
-8823
-4402
9228
4720
8287
5690
-7489
6561
8320
-4799
3766
-9519
-881
6259
-5880
3391
8408
8846
-6560
-8277
2642
-5907
13
-1894
181
3582
-9594
1174
1490
-5998
-72
-7277
-2253
6765
-563
1996
3407
-8131
-7429
-3093
5450
455
-3354
-5945
8967
6172
7731
6056
171
-8437
-6646
8614
-6128
-8015
1350
-5329
2786
-6869
-99
9128
2457
-2580
-4665
1643
-5324
7722
-8083
4046
-850
-9998
-2257
-892
-3712
-708
-5743
8733
-5133
-2119
1699
-1079
-7840
2024
1804
8410
2502
-983
5266
-9498
70
-1335
6633
8587
1694
-5253
-138
5902
5345
-8184
-4738
-6212
7920
-995
5776
-8911
-7593
-3037
4491
2039
-2362
-4276
1997
7110
-4214
1801
-7718
-6998
8008
-1383
4133
2594
6965
7035
4574
-6043
-971
-4828
1688
-6049
3150
748
-2411
4697
8552
-5021
1137
8758
-189
-5950
6056
4793
4565
1947
229
-4924
4927
-6798
9736
3452
9130
2213
-1326
3560
-7773
-1337
-2352
9976
-1999
6410
-5054
-4125
-1137
890
-9401
-7992
9226
-9369
8711
2294
-4616
-5765
3868
-4633
-3725
5418
8990
6599
9425
-7226
9002
7890
-4543
-7214
2990
-9541
612
1039
-9229
-598
-4538
-8238
4168
-9923
-680
246
-6009
3599
3243
-3474
-8922
-1355
8426
6291
-1572
-6587
-1644
-5637
-19
4690
1909
7179
7892
-3886
2785
3043
5837
1952
-8948
183
-3396
-3523
-2231
1023
-8675
-9902
3164
-8476
1929
-4240
3006
-4582
9185
-9575
-83
9517
-7238
-2281
-2483
-4492
-986
-8535
5023
-4733
-6501
6591
-6051
8540
-4606
-9253
7119
-6363
9022
-6313
3373
724
1750
-8763
-1135
-5913
-959
-9711
3223
-5103
-7859
7491
-5707
9743
-1236
-2815
-6703
8984
5660
-8303
-6140
-1934
-7662
-9028
-215
9890
2050
-1169
-1919
-5893
-5811
-294
934
7288
5479
-9989
5066
7428
-5181
3893
9611
-1610
-2434
9401
7061
667
4741
-6905
-5547
-4820
740
-1906
4342
7550
-1012
3727
-1607
8024
8320
-6464
8725
-7106
2813
8748
3017
6668
6531
5303
-8422
1631
3780
-8384
462
-9042
4711
4191
-9661
6582
4249
-1715
3596
-4526
210
131
3977
-215
6943
347
-9245
-4030
-1327
8147
5057
6674
9058
-7824
-8343
4342
-3329
3166
-6474
-7812
7798
6102
-878
-5604
29
9912
3409
5028
7900
2072
-6325
-4144
7833
-5131
-4141
-2311
-289
4068
9240
-9148
-9047
-9365
-9353
5819
-1936
-4022
-4133
-3751
2639
-7500
2483
8159
4207
-5350
4878
9700
6324
9673
-7979
-1879
-5437
-7926
1892
-2871
-338
6599
1383
-5361
7646
-7762
-2930
6051
-4996
7885
749
669
9052
-1379
6418
2778
-5914
-6564
-1949
-6261
1474
8466
-1741
5322
831
-8683
5537
-1720
256
9096
-9938
6242
-7163
6590
-1895
-5134
3409
2141
9720
7234
189
5213
3285
-8773
-3784
3951
-8254
1947
-7591
9306
-8965
8581
9699
9569
-2409
83
5811
-3039
938
-4538
2665
7958
-5030
-4034
-6639
5565
-9220
1989
-627
-12
-5429
-7803
-4479
-2146
-2268
-1670
1562
5411
-3456
1986
-1605
2260
-7537
1649
-3066
-2677
9966
-8255
2788
2576
2788
551
-3951
9625
8959
5697
1031
6025
8486
2571
-1755
5721
3322
1872
-8485
6805
2638
1886
-1771
-2115
6880
2162
6178
-2133
-4045
-5357
-8737
7092
9674
-8677
6469
3911
8419
-689
-3508
8339
-7730
-9393
-4902
-3514
2217
-7703
237
1103
-4519
5960
3584
4741
-6265
6122
5757
993
-108
304
-7521
-4731
2427
-4690
8579
4864
9441
4674
2315
8682
-7397
4385
6478
-6295
4669
-6195
-2912
3799
-9670
2691
1561
-966
1917
1616
-6364
-877
1635
8260
-506
-9998
7314
-7777
-4311
4422
-102
5863
6245
-461
2631
-1796
2026
-6660
-8096
-2141
-2900
-3168
-5633
8606
7050
3616
-4595
-2372
-6883
3326
3002
-7699
506
7138
-5291
-5938
6533
5366
3438
-5821
-7886
-3823
1990
-7902
7864
2001
9199
-980
4437
-2943
-9466
9975
-1224
-8582
7977
-1722
-6545
6
-7402
3226
-5843
-6528
1410
6721
8471
4182
-3981
-8467
-7988
6352
3387
-2752
5711
5003
-2127
-6845
6642
94
8973
8246
1633
-7010
-1536
-639
9480
-8259
-7634
-8439
9089
3085
2121
-7073
-6562
-5662
7755
7250
1071
-1227
7184
-1339
-9679
-9532
5837
-9861
2164
-6537
-9903
-6258
3495
-3266
2326
-7425
1409
5815
5636
-3289
-6642
9099
4707
-2708
-1163
-5960
4154
-6736
5347
1801
9929
7492
2070
-6303
2911
2009
-6169
758
9561
-5961
-3436
2170
-8968
4294
-8951
-3370
-1826
1545
-3285
-9809
-636
-2740
-1248
5162
-1797
-1550
-993
-8181
-4003
-719
-8368
9657
6095
4601
-1921
6302
-4138
9487
-2654
-8534
-1806
-5160
-1852
5143
-9157
-3696
-3955
-216
9367
-453
-4912
1034
8662
3891
-814
252
-2230
32
4754
8971
9894
-187
-3655
1526
8817
-2633
4670
9617
6759
-9815
-3306
-188
589
-5182
8503
-9357
5966
7472
-1560
-5447
-4585
-5642
2375
8237
940
929
-4362
3815
-6843
-9320
5539
7388
392
3377
-2670
-3132
5540
-4735
5097
-5635
8615
1228
-6281
5321
-4259
8858
4258
-9070
4517
3786
9037
2893
-1998
-8640
6434
-9508
-5317
-3207
33
-9106
7551
7328
-4155
-4095
3193
-4454
1743
5512
-869
-6725
-7502
-2649
1482
8859
954
-3109
2358
131
5945
1271
8564
481
-1712
-7544
-6982
6172
7830
-6310
8151
4513
-9176
6196
9037
-2757
6765
4159
-3637
-4703
-3643
-3708
3147
8618
6477
-2094
5092
5724
-9070
-5153
9485
5857
-3248
4230
6031
5467
7269
-6417
-6490
6478
-2185
-9940
-6892
7451
8030
1343
-7870
-7858
-1745
5593
211
8269
-1754
5277
-1081
-4047
-1296
9891
-1751
2385
1394
-6567
-1067
7929
-7142
-5980
-4054
3386
9824
-5916
9127
-2182
-360
7413
-8122
6668
-3274
-9230
7570
-5701
-5986
4020
-7642
-2911
5800
-264
-3581
2740
-1715
-9186
-7411
-1441
5296
9101
-3933
-6386
140
4373
-5863
-6910
4181
-4724
5683
7621
-6483
1018
6721
664
2695
688
5842
3784
-6480
147
3222
-2208
798
8983
4244
-2473
2520
6502
-6908
-3990
5728
2080
6986
2884
-4839
9180
-2321
5753
-615
-5140
2846
5906
-7796
-4546
-2056
-4189
-3486
-5057
8949
6745
4790
3547
3064
7791
-3524
-5249
-9331
-7009
-8921
5600
-3519
1973
8340
-3564
2174
5951
-298
-4163
-1022
9089
5663
-3418
-9701
-6586
5639
-1722
1633
9296
8060
4866
-4081
3056
-9337
8239
4032
-1839
3958
8309
2882
-1745
-7156
-6737
9210
5189
4129
6126
-2508
-5404
-3945
-8771
-5052
-2368
5146
6624
3806
9923
-13
22
-9298
2629
-5142
6845
3861
2323
6741
-6284
-4478
-2516
-8287
-9253
4584
5963
-9221
-7081
3329
7871
-6532
-461
5279
-5354
1263
-4992
-1462
-3465
-9824
-3108
-9444
2831
-7229
4113
6389
-5052
-6466
2132
6395
2757
1908
7694
-7215
5410
-1905
-9033
-2829
-7720
-6198
1694
-9940
8517
-8680
-4571
2804
-455
2131
-7191
1705
-8691
-1819
4096
-1816
3086
4428
5019
-6936
-5679
-274
715
-5196
9483
1466
-3809
7907
5080
4214
6827
4822
7993
-9430
4837
-3219
7963
6409
-7927
-122
3186
9175
9469
-8333
-3515
-7493
-6162
-5162
6914
-8638
3609
-5444
8594
141
-1626
9396
8295
121
4398
4971
5266
5289
3997
8581
-1102
2866
7474
-167
6151
5219
-6908
3817
6660
-1362
-6881
9437
8578
5239
2380
-1669
-2383
2585
-2098
6373
-119
-5041
3209
9936
9791
-7930
-4195
-7940
-7692
5852
3376
9748
4583
884
-1943
4388
2251
-4518
-808
9106
7795
-1139
1044
-5
-5783
7598
7069
-9077
9502
8932
-3425
-8809
-3268
-4087
760
-7365
-3625
5524
-1520
6635
4481
-4541
807
-8552
-9859
3653
-7218
-1630
-9076
3554
-1397
-1132
6499
-4344
3711
-6335
6206
6227
-7452
5080
2829
-617
-4848
8614
8044
237
-3977
-4727
-623
-2024
4077
-9555
6975
6355
8072
-5083
-5609
4889
8067
-4793
-5362
7504
-7649
3748
-8871
5682
1509
-4510
2053
-5766
3879
152
-989
904
2116
2662
-5216
7601
-2422
-7473
-2573
8614
-2251
-4076
-8688
7870
8054
-2386
-3431
7747
1295
1575
-5996
-2954
5530
-7275
2296
-9408
-7639
-3116
1377
4343
-919
-6209
-2237
-7319
-3104
1643
-2085
-7225
-1387
1312
1280
-1231
6222
2261
-6631
-4262
-1644
-3129
-472
1240
-396
3029
8644
-9174
4351
2971
-284
4710
-6192
4201
-3401
-2946
-7891
4288
-3599
9294
-5881
-2359
7776
-7643
-8996
7153
7069
2222
3932
-828
-7683
-1990
-7256
-6267
-5081
-1621
6006
-1721
-288
6079
8241
7307
-6334
5239
-7554
-1225
8043
8900
921
-1521
5554
5581
1502
2035
9684
-7362
-3709
-4843
-2100
-9167
-2558
-3179
-8190
1298
7509
5851
5018
-2255
858
7695
-7859
233
-6730
5976
-523
-344
2294
8336
-4031
-6053
-3344
-3903
-7576
-9576
9544
-6657
1915
-8601
2414
9312
4819
-4563
-3003
5212
-8982
2806
-5409
2333
-9819
6782
643
-3997
-1586
-2531
-9519
1559
-1471
-8019
3228
-918
7836
7289
1686
8745
4249
-6813
-1622
1087
4376
-6318
-8062
-5497
-5771
311
-4600
5132
-5478
2682
7050
7776
-1779
-2298
-4233
-3627
7593
-5363
8389
5499
394
825
8469
-8169
738
1649
-5809
-4676
-2583
4484
3847
3752
-207
7029
5089
-2210
-1673
-3454
8624
-7653
4629
-3373
2106
-9993
5077
-5956
-8937
-358
-7776
6607
-7848
-5063
4181
-1919
-2587
-3060
-2699
-8489
-2049
-7923
8538
-1363
2500
-9810
5448
-2142
8752
3351
-6116
5220
9152
-6788
1601
-9293
-7118
9719
-8127
-6379
7209
8583
5912
1910
-9459
4932
-2491
-2375
-2353
-4803
-3366
-5985
7850
4624
-6926
3314
-7964
-8667
-7966
1775
2291
-4248
7560
1487
-707
8130
2784
9136
-4040
-7949
-6858
228
-6095
-2706
661
-2186
-2168
-5488
9150
6420
5015
-770
7924
-9923
-1421
-102
-6796
5321
3628
-991
355
687
5551
-6779
-1249
-8009
-4662
6434
-8585
-8451
7631
5471
1687
-4610
-3342
-700
3931
-5245
-5683
-9998
4708
9287
1923
4674
2729
4038
-5280
-3458
7717
-9148
2271
-1162
8782
-874
9094
193
8966
9553
-6420
1809
-6614
5006
5019
-8336
2600
-6537
-1007
-1124
8173
-6159
-32
3933
8796
5253
980
3487
6139
13
7541
-2895
-6968
9207
2658
920
-3320
-3431
-9602
6224
6848
-591
8935
4673
-7139
3735
-7744
6490
5805
7587
-7151
7564
-8976
-8044
-7867
4069
2953
2852
-399
-7448
-4049
3941
4116
-8730
-4703
9079
9561
-4325
-3178
-8342
-2311
2279
3377
-8213
2718
-8665
6675
-51
2466
8175
459
8181
-1129
-1625
7976
-9247
-1728
3295
880
-9227
7227
-4624
5993
4228
6818
8177
9972
-8872
-985
178
-3527
-3105
6909
3513
2845
626
6677
-9769
-527
7810
4806
229
7877
6753
4070
-9408
1113
-2165
-7275
-5665
8595
3823
-1895
-8211
4748
7134
6883
-89
-5627
3950
2256
-4941
7480
-9109
-6260
-8805
-1655
3099
-3823
-6011
-7909
4012
14
-5584
-5441
5085
-8861
-3955
9511
3718
4744
7095
152
-1308
3852
-6575
-5378
-5595
-6117
-2405
7577
3628
-2119
-9872
-395
8130
-6772
2879
-2248
-135
-7658
-9660
-139
3262
8319
-8029
1853
-3109
-9455
-2272
-9835
-3738
1629
-7395
-3742
-9431
6171
3569
-927
-7986
-6258
-1342
7059
-1433
-2554
4095
-9962
-8168
-5537
7260
-7665
-3870
-3001
-6550
-3134
-5972
-5091
-9582
-9692
-1489
4405
-2930
-6712
5599
8536
-8539
-5066
4978
3944
8321
8634
-2514
4544
-4113
-1896
5075
-582
-6862
-67
-6495
-2549
-28
1264
-5625
233
5034
-6360
-1750
5996
6738
2423
4911
3954
-6324
964
997
5149
6978
1558
-5902
2231
-8011
332
3864
-6410
-6122
7114
-829
9274
4510
6990
6418
3154
9483
9825
9663
9791
-2345
2825
4141
561
-8330
-5318
-1779
2445
-2644
5581
7277
8208
6632
5289
-8035
2957
-5119
-4131
5792
4946
7404
2415
-2612
9705
9687
8719
-5187
314
9477
6917
9308
-8658
4167
1802
-6233
-18
-1517
-8366
1598
1642
-3837
6086
585
-9227
-6516
4048
-2199
-6163
7897
-4913
4122
-8103
-124
-6581
-799
748
8209
-3550
2584
9094
6727
1921
-4749
-7655
9452
-7666
7374
6184
-772
5602
-6955
8332
-5051
-3148
-5585
5712
-4927
-9520
7272
-996
4113
903
-3718
7184
-5453
4448
-7081
-4698
-7168
3436
1334
6905
-4539
-1033
7031
7717
2651
2715
9781
-4348
-4411
-3442
-1113
6199
4518
5307
-3950
7558
9596
-6354
8239
-4834
-3651
-471
-4012
-5511
4044
-3756
5218
-8004
-9224
177
5067
2009
-79
8685
-1603
-7243
-888
-365
-1072
-5212
-1149
-5893
3687
6768
-9639
7455
5958
-3175
368
-9139
6321
5814
4304
-2311
-1155
-519
5475
3754
3062
-9391
-8180
9365
-6549
-3415
5314
-2521
7353
8686
-9881
7963
9331
3981
-4471
-2261
-1941
-2277
1044
-4060
9376
-9874
4049
7986
-6941
-2679
9568
7706
-953
2229
-851
3495
-4378
-4214
-334
9691
7114
-4307
-8599
-3961
8767
2867
-1428
9431
-4206
996
5643
6500
901
6395
-183
5997
5426
1545
-2028
-1088
-5159
-6918
-1569
-8527
-9912
-7313
-5250
8141
3302
-2102
6621
3049
6109
-3351
-7268
7155
-3102
5161
-4725
7338
-6207
5899
-7810
-4022
-7511
4404
-2226
8415
-7918
-881
-4180
-6501
8071
2253
-5662
-2174
339
-1491
-7928
-5790
-6196
-6986
2368
-351
-6889
4289
-3889
3694
-458
9907
-2472
-775
2005
8968
-7690
8351
-5427
-6996
1045
5918
3122
-3774
-4882
2951
512
3015
-98
5969
3453
-4079
9217
-1015
-9046
5554
6064
2887
1547
1240
-4619
-1283
-8847
-2314
1030
-7959
-255
5533
1414
-4695
8611
3908
1427
9262
-9880
3368
9421
6344
2520
-3348
-2267
2305
-3656
7521
-195
-2425
-9547
-4544
-3711
-575
-9649
2196
-1694
-1662
6757
-938
-2261
-3909
2777
-4304
-2622
-6133
-4385
-8093
6461
-5134
71
-8669
1501
-3645
9989
-193
844
5208
-2471
4895
-465
9343
8384
6279
9608
-5583
-9065
3192
-7606
4963
-1626
-5546
3385
1494
3217
5444
1086
-2998
-4106
-694
-3419
-5009
-9372
-7015
1107
-4677
-2951
4037
-3673
-4104
-6955
-9135
1771
6357
-6880
4969
-8425
2908
-1099
-3224
8226
5156
-5878
-4006
-9050
-4707
-4899
-7364
815
8072
-4068
2976
9024
-8791
-655
-7316
-5342
-2315
-1272
8002
7785
-4634
6239
-4262
-1178
-3507
-1079
8107
-9054
-2682
-2018
-3352
-5314
-6841
-189
-5305
8388
6483
7569
-3714
7561
-6421
2341
7814
1506
7716
-2301
-3806
8703
-4428
-7448
-1288
9160
-3387
4331
7645
4947
8684
6702
3472
927
1907
-9401
-9924
-1263
8370
-7706
-5119
424
765
194
1645
3135
-7401
8484
-4349
9950
4292
-881
-8131
-7523
-165
4427
9198
951
-4389
3437
-4864
5062
-1771
4612
-164
8897
5223
-6653
5193
-4657
-6264
838
-5941
9190
8735
-8670
-9780
-9723
8142
878
-8743
4106
-5492
-2680
-7645
1521
-4943
8197
5094
-279
6634
-6119
5606
-9292
-9396
8479
-9676
-3044
-4123
9926
2417
7469
-6354
120
-886
7986
-1732
8615
5729
-6352
-1258
3670
-3252
-9959
3713
-5118
3895
398
-8009
9484
-6812
-6476
-3657
2212
-4013
5233
-9131
3954
-8836
-1757
-3694
5476
9945
-2018
5446
9487
-1119
4832
2234
1540
-5841
4595
8434
-7918
-4319
4990
-7865
2257
-9380
-6232
1043
-590
-1107
-214
4101
-2848
-4246
1776
-8555
4882
1431
-3348
3506
2001
6885
-4714
6806
5729
7509
6436
3099
-7347
-2246
578
-4921
2035
5532
975
8706
7017
8472
-5197
1544
-1845
-7163
1824
-4486
4963
-5231
-4123
-8977
-1229
-7350
-6615
9512
-8575
-5895
-7382
5889
-3424
-1207
-4526
-5372
3415
8646
946
-8329
-7600
3648
7934
-2699
6111
-626
-59
-9829
1229
-9841
523
5848
-320
8971
-5468
-8153
-2456
-2504
-3217
3450
9865
-7142
-6099
1708
7712
-6814
-4291
9656
4212
-7114
-2506
-1304
7067
-2191
5760
998
-570
7745
-4305
-9426
-6455
-6609
8285
9508
875
-36
-1886
4482
2822
3078
2771
618
-5060
-9014
7732
3898
5111
8355
-9701
-9635
-2726
8464
-7805
-1475
5993
-9740
3017
-3145
-8207
-9769
-889
7687
6358
-4662
-1845
8322
-2760
3400
-6797
7299
3649
-7752
-1561
5853
-8403
-3090
2514
2543
-74
-1103
-6530
-6315
-3684
-9801
-2996
-6309
-275
-819
-851
-3987
-1994
7507
-800
-7703
1990
1892
-1143
4118
6875
-5101
-9015
-6546
-5844
4080
-7392
2039
-910
-9622
-1220
6479
8724
-4049
-964
-7963
-4434
-433
-2683
-5627
188
-4609
4320
-7445
-7192
2137
-7857
3001
4942
-8800
1354
-9757
8681
8289
7643
-7416
-3492
7925
593
-6981
2943
-8189
6309
4479
3555
-5918
9447
-7279
4580
6812
-6397
6111
9418
5551
2614
-7849
124
9453
-9817
9370
-830
1955
9572
9007
3285
6102
-4422
7283
5541
-3511
-7824
718
-1114
3003
9377
9378
6424
7246
7220
-9123
-270
7042
-2118
-9491
-9909
8832
-8765
-3245
-7260
-3757
-6659
-3856
-8395
6960
7914
9948
3314
2262
3932
7957
2330
-7376
6480
-3468
9084
-9928
-1435
-7620
-857
-2570
-2153
4748
6892
-7739
8252
2388
6706
-1801
-8006
-9020
9526
-241
-1532
-545
7260
8652
-8689
-4082
2134
-1083
-6283
-3086
-6896
7727
-2523
-9295
-9674
6812
8932
7601
1091
-5858
2244
2627
-4601
6570
-1857
-5481
1267
4343
7985
-4659
4708
-9115
9360
-8500
-5654
-9158
-7927
9867
8404
9927
-5193
-3636
731
-2390
-1022
3273
-1849
301
8274
3142
6017
-9653
2575
-4122
8598
4467
-1545
2458
1508
-3067
1594
-2476
-3292
1273
-8618
762
-2667
-9473
-5462
9557
-4543
7680
-551
-1623
8718
2692
-8803
9215
-6109
7853
1060
-8546
1460
1825
1260
5273
-7028
-379
6871
-6686
-169
-668
-5941
-2053
3497
1935
-23
4333
5294
5918
-9689
-2543
9199
5621
3020
-1268
1566
-7167
-9432
-9287
-8834
5282
9486
8126
-5743
3107
2414
831
2112
-8668
-9805
1905
-4127
-1127
950
-8665
-728
3915
-8195
6729
2924
-6404
-5996
-8733
1780
9512
-442
5434
-6018
-7033
-2760
5496
-1876
-2546
6690
776
-1204
8598
-4469
382
-893
-7724
-6144
1677
4245
7079
-5392
6364
-2221
8657
-2937
-9197
2241
3900
3205
6095
-1757
-6402
4539
2069
-3677
-1225
-1215
7587
2786
5559
-9257
8258
-4999
8381
-9226
-264
6634
-9574
-1103
-5926
7656
-2925
9805
-9634
-3169
-8603
-9221
2446
-3038
8835
-4690
793
-5520
-7333
-4066
-5117
5377
-3177
631
-8451
8594
-8736
1598
-6385
-3765
-7012
5570
9010
-4534
6712
-2789
-3814
-4658
9185
-7295
-6128
-4991
-5877
8939
7262
-6078
-9899
6691
-9468
4527
4548
899
-7065
-3220
139
-2002
-5463
4018
6636
6253
5460
3415
-9031
6340
9487
-4875
6867
-4111
-4077
-7718
-4396
-3296
9400
5900
-8312
1838
8456
-138
-7531
6968
7189
-4492
4859
606
-9914
-6281
4726
7514
-9076
9653
8257
-4201
-1357
-9200
8117
1776
5813
-6079
-1808
-1945
5576
8193
-4976
-2082
888
-2764
1950
1173
2095
-3790
-8249
-7903
2320
979
-6043
-6587
3715
-6377
-2243
7503
6602
-7921
4386
7153
-2190
1643
-489
3707
-1274
6657
9425
-3406
1022
6487
-2726
4847
-3436
7565
-9038
-906
-1001
-7126
-2832
3249
-5704
9217
-9273
-55
4450
-7105
-6012
-3935
3975
2516
2547
-1554
-8811
-4484
-320
-9417
2183
-1111
2971
5989
4728
9359
-3978
-3257
1522
-4885
3944
-891
2244
6385
-9804
4638
-5613
-8208
9507
2752
2503
-4828
-5075
-9341
1222
3993
6775
5443
5502
-1802
3575
2201
4668
-1139
-717
-1996
-70
-4450
-1209
-199
-8172
547
-1403
-8364
-6949
6107
-9482
-9222
-4765
-5738
-1665
9757
8663
3034
-9441
5483
364
-2096
5972
-2845
1939
-9458
9438
9620
-1464
9762
-2885
4660
1320
-5769
-5774
-9701
-9761
5543
-6741
1434
-2177
-7906
3867
-5542
7341
-9210
-5091
1333
-4331
-3115
5724
-2485
-2979
-9969
1101
-9406
7831
-1864
3417
1982
-6447
346
665
6809
9606
4272
-8870
8127
-1961
7053
6591
-5752
5332
4652
-6554
-4909
6996
1013
-8829
-4229
-5883
8232
-5432
-2216
4253
1353
-1914
8373
2095
-184
-4979
1098
217
-5749
687
6358
-1063
2459
163
-710
-4352
-7096
6566
2644
6815
154
9468
4119
3166
-7531
-6285
-5277
-2196
-5401
3176
7527
-16
7378
8483
4496
7325
-4783
-1922
9291
1061
-568
9667
4095
6437
-6676
-3501
5024
-6051
9420
34
-9070
4579
-5221
4160
-9189
3117
-1893
7411
-2142
-8980
-9272
5824
-2198
-2311
-6786
5160
5829
2951
9415
4303
5143
664
-9243
9336
-600
-1748
-2888
1483
3525
-1964
-4179
-4615
-7915
-2140
-9020
6775
8755
6054
6652
5797
8556
5164
-9539
-5197
-7754
2301
-959
7385
-3766
8561
9312
9668
1536
9176
-5258
-7887
-4570
-9708
4755
-3918
7485
-1977
3328
-5299
-5263
-6330
-8119
5700
6386
-851
2507
-4497
8691
-8115
-7781
3877
-6849
-6848
4848
-2598
1779
-6179
4270
-2974
-3109
-8153
3536
-5100
909
-7104
1937
746
-2244
-7718
-6121
2788
7418
5838
-7139
-7412
9038
-5722
-8644
-3372
-946
-7148
2453
3547
-3784
8486
3805
879
6035
465
4037
2349
5309
-2518
4005
3268
-2736
-6156
-3483
3287
5654
-5901
5320
7456
-1467
671
-6091
-2894
-262
1748
-8477
-4744
-3858
7814
9856
8057
-425
-4878
2206
9788
9982
3440
-6245
1000
3416
197
-9461
-3068
2371
8820
7748
4126
7615
-7372
5254
-5209
4422
-8931
-7323
3707
457
-9860
3860
-9826
9065
6567
-9616
-5790
3247
-9366
2502
-1659
1992
9663
578
-7912
-2111
1851
117
2106
-7525
8453
9794
6018
3210
9859
9605
-7844
7600
-4755
2080
-854
-4239
-2270
-1660
-6516
-5294
6521
3032
4763
8275
1616
2089
-7953
3367
-9472
-9778
2848
748
7922
9463
1481
4235
-3542
6098
6440
-7315
-702
-8391
4290
-9481
2130
-2469
9060
-4732
-918
-4603
9061
7582
-5822
3597
3495
6425
-5527
603
-8164
7596
-807
-6635
7461
-2100
-8788
-2011
5557
-6809
-1048
-3703
-3660
6906
9717
-8010
-4609
-2384
-9424
-7510
1901
1911
-7720
2221
1389
-8512
-7803
9315
-1493
371
-6888
2961
9425
4237
-147
3721
-8566
55
-1938
7411
1730
-7644
1090
-2502
-9271
-3033
-5854
4849
2390
-1714
4171
-7296
-9144
-4513
5103
7567
9288
9485
4838
3245
-2678
-9193
-5309
-9091
1394
-5251
5441
-6850
4884
-9472
-6532
8918
947
3573
4059
1882
-1781
-3930
9579
4860
1515
-3611
5384
2290
1369
-3410
3476
5855
-679
-552
1834
2240
-855
3223
-4084
-9675
-5500
113
3672
457
-5914
2714
-9671
-9344
-1394
9007
-5062
-2275
-3009
-4340
7221
-9811
641
4330
-86
-2189
3942
313
-4661
1681
-8730
533
6036
8304
-949
-280
-4488
-2036
521
9596
9622
-8322
2053
-5541
1386
1959
-1578
-8251
-5120
-6090
2537
-4275
4388
-9769
-4258
-3631
-5163
8537
-2064
6675
440
9145
-366
-199
-9560
-5520
3797
-7746
74
5718
4358
-5998
-5921
4881
-5452
-747
-6605
-4002
-4049
203
-3341
-6597
9004
9213
-7524
142
-1339
-4436
5197
-2474
4317
-942
-6338
6060
-3615
-6601
8042
-9515
3210
-4371
9608
7975
-5760
9128
1944
6581
-8520
-9187
3992
-1767
5213
-170
9718
-4259
429
2512
-2592
7366
-70
-5455
-201
-7458
9393
-2391
1570
-9731
2327
-4796
127
-782
-8561
-5496
1044
-685
-9415
9234
-4540
-5569
-5323
-2808
8093
588
-9756
4890
-7443
-9869
-6065
985
3445
-2348
-8159
-2796
2742
-7738
-4273
-1364
-3864
3551
-9224
9075
-726
