10000
-8916
9176
-761
7991
-3450
1920
4445
-3276
-3163
368
752
2113
1212
-533
-7038
-6633
-3411
634
-1891
5868
-4982
4449
1480
-7974
5172
830
-2180
911
9445
-5731
-8463
4337
6889
-4069
2705
1867
-3706
-7595
-8242
-2247
-8164
9579
-7537
-4756
-4985
1911
8453
5850
2914
-7420
604
-123
-442
5453
9422
-5274
-5231
-1484
-8367
1654
-9439
-3589
-2319
8633
5727
-606
-7432
8743
-8488
-258
-695
6744
-5306
5458
-2612
9036
3406
-9556
7299
1940
5155
-2114
5371
4384
8424
7800
8895
-9658
8882
-1345
3815
-6388
6603
1228
-3027
-3566
-749
-6845
-3200
9919
1505
9614
6129
-5402
-8472
-3818
1259
4660
3733
-8034
-4000
8921
5108
2939
-9954
-8303
5713
-6028
-5920
2990
-8772
4690
-4863
-316
-3033
7236
3563
3376
-6263
-4206
7437
6950
-8603
4379
3276
85
1124
3725
-2448
-4903
-6338
960
-2305
4926
9240
-7312
9863
1259
5992
8726
5493
-3246
-8268
33
8003
-7053
-5992
4470
-7379
1160
-5658
-9919
-6236
560
-5433
-6025
-5028
-4997
9664
-9174
-5984
-6801
2096
-1368
-3291
1973
4341
-8336
-6372
4867
-1073
9009
2977
2407
-2276
225
6321
-9460
3011
-616
-5832
-3860
-4980
6759
5704
-9613
9548
247
-1242
-1077
-2498
8194
-2434
-7670
-8115
6248
886
-844
8366
-3025
4448
1741
2954
-3813
2890
-897
-2566
8678
8175
3877
1227
-9732
8560
-9134
5504
-1515
7357
9953
9559
5296
9773
4986
-5308
3496
-4274
-2115
3353
-7243
-3498
4398
8743
-5982
-232
-7427
-2786
1575
-2222
-80
-2544
-9213
546
4976
-9484
567
-1959
8749
-3353
-8927
4392
-4817
8525
-3116
-5065
6106
5044
-7664
-5323
-5092
-8487
-9052
-8087
-2569
8580
7805
-7482
5190
-1265
1576
382
-467
5220
4460
-3858
-5471
9060
-6467
7126
-7375
-2717
-641
1708
-912
6897
8824
-5082
-9408
2452
1967
2901
-707
7729
711
-9870
4867
-6839
-1102
4272
1084
-3872
-8460
945
7754
1913
-171
-9739
2573
9372
3010
2701
914
-6758
-8574
7533
1881
-6040
-9008
-9505
-191
1286
9689
-4907
6962
-6812
4499
1078
-1626
570
5783
-7782
-4683
3125
-1603
-1967
-9509
-6894
-973
8957
7112
-6365
-5382
3072
-4091
3150
2750
6031
-5570
-8171
-17
-3194
8080
-4592
3168
1654
4752
598
700
8185
-5995
-3621
6432
2726
4579
-557
-4456
768
-6955
6069
5146
9929
-9114
-6565
-7879
-685
-6692
9221
-4825
-7305
-2862
-7843
2923
-5441
-9951
-6987
8027
7517
8458
-3380
5685
-1697
3682
-4016
-6400
6042
4986
670
2042
2691
-3766
-507
-1443
-8931
3386
-7640
3379
7468
1997
6721
-1486
-7160
5002
5603
-5385
9293
-7832
1977
2875
-1553
-6603
-1942
948
9611
-6621
9245
139
8377
8976
6297
-3243
9054
272
5317
9712
-6371
8185
3823
2300
-6995
-5749
-6296
-1261
-8058
-1094
-1524
-1210
277
2457
9151
3510
9360
8485
-269
7148
-9853
6155
-3578
-9131
8776
983
-4983
5886
8308
5242
6491
8360
-1682
8343
-973
3207
7932
-8406
8605
1629
-9162
-9611
-1509
942
4635
-4663
-659
3487
-5406
2957
6924
6896
5129
6350
-880
-6476
-2839
-4125
-3599
7305
7979
4604
5194
7352
-3725
9831
3001
3786
283
-9858
6339
6532
-7109
-7344
-8651
8769
7587
9322
9990
331
9387
-8926
-7656
3510
-4958
-5824
-1123
-7399
-6622
5226
-1226
-6295
3781
842
6870
6644
-9039
-2498
-3003
4215
-7538
-3813
9440
8413
-455
1407
6430
-2956
7921
-5742
7310
-7283
4238
3928
1180
4848
-6671
3350
-9230
-1350
7414
-8130
9947
-3788
5959
-328
2019
-9999
-5077
9199
-102
292
6587
-9674
-4073
4475
-268
-8907
-8455
5500
-8664
7892
5545
-2374
-593
-9694
-6501
-2284
2140
-190
2899
458
-6550
-9581
8741
-515
6037
6267
7444
7298
8548
527
-2116
1795
-3100
-5343
3980
18
9425
6279
7626
2891
-4627
7268
250
-8571
3379
-8171
3802
3700
-1371
9146
5349
-9090
-7743
-3938
-1705
8247
-4622
-9019
-7441
6012
9923
466
2160
6729
1902
-2542
-2878
6167
6931
8552
3415
-4842
-6844
534
-2457
5410
-6787
3493
6972
-9019
1073
3217
3274
4809
7423
8499
-2410
1656
7811
8044
-2153
882
-9687
4939
5754
-8374
3421
6460
4191
9534
7390
-6866
8321
5040
6961
2622
-4525
8742
4273
-2331
-7674
-6885
131
891
8519
-7873
-2648
5798
-7131
-4558
4876
-7197
7440
184
8060
3120
8509
3258
7413
5139
3590
-839
9366
8075
5166
1327
-8585
-1487
8674
612
-8973
7978
411
-5398
6273
-2836
9953
1461
2721
2698
7273
-806
-143
-9826
8446
-4413
2687
5202
4798
-883
-8423
-4405
2331
7294
640
-5645
8514
6854
-8069
6850
7000
-8431
8040
263
-4800
5317
-4947
-1032
442
-2849
7949
-4940
-4090
-2235
-2986
8817
-8315
8487
-7178
-9784
8352
-7050
9294
-9895
-6174
-1631
-7553
1147
-9952
-5751
5729
-5212
-9959
-4224
7571
-5614
4441
-1918
8556
-1324
9847
-9873
-7280
1464
-2882
-3131
542
8401
937
-9002
-7546
-924
-56
7179
376
9135
5055
757
9400
-7209
2253
5963
-2163
-6931
-4246
-219
-8168
2173
937
500
3874
-430
-3459
6076
-9778
-5271
-1512
3759
9678
3536
-50
7078
2066
-1637
6777
-449
-3749
8035
2486
-2194
2189
3899
204
9217
8867
-8496
1293
-4971
3740
-3812
-4492
-8178
-2381
2664
3054
3799
-916
-5892
-2826
-6026
3530
2564
-6503
875
7038
416
-2696
-5211
3034
6664
-8981
7041
-5660
-8550
-9406
-8288
-3994
9282
8807
8515
8674
5604
-7233
-506
1122
-5335
6608
1718
-3507
7396
-1507
2096
-9834
-4288
-1108
3448
3759
6856
-3064
8723
9723
3922
-2910
417
-6496
9609
6162
-2342
7547
-1739
-3748
-8092
142
-4407
5870
8014
8148
-4599
-2586
3628
-2154
-746
-9168
-4944
-5386
-7304
-1268
3201
-3352
8295
-9874
-9893
-64
9813
-2369
-1725
7622
8827
1953
-4604
6982
-7841
2224
-4021
7396
-6177
3140
9243
4109
-6307
-2605
-7282
2985
-8794
4115
393
-7123
4288
4221
-5445
-8179
9488
-5843
338
5006
-6650
2118
2458
-3304
-571
627
3698
5227
-4109
-4185
-9204
-9399
9529
-6330
-5791
4145
-8265
-9795
-2577
-3732
4200
2828
2353
4864
493
8772
-9671
-5374
-2152
-9750
-3604
-4792
4343
-3045
-7686
-7043
8667
8651
-1416
4173
8101
2246
5820
-9344
8876
1143
-939
-5404
7117
9894
-1628
-5022
7439
-932
2234
-4781
-3663
4899
-2096
-7252
2803
8265
-6563
3284
94
-9757
-3912
278
-6927
-2099
714
2961
-8855
-8241
-722
-9779
-6293
-3364
-312
-2199
-4079
9940
7168
9808
7888
-5495
-838
-7063
1698
-8609
-6445
-2227
404
4941
-9383
4212
-3090
6048
-7385
7528
-8422
-7266
-9412
-9829
-9389
-2873
5815
5749
-8821
5176
4273
-1467
-2759
106
4375
-6312
-4770
-1161
-1245
-8280
-6926
7420
2454
3276
8784
3162
-8844
5517
6523
-2697
-4421
-8008
6763
-3070
6081
367
2295
-2189
-8598
-9285
3136
2096
3555
-2596
7832
-9172
7582
-4608
206
2697
7754
9106
-1417
4223
5902
-7830
8859
-4427
1986
-765
-903
2796
-4631
-3287
4855
-8356
7791
9521
-9526
3797
-644
8099
-930
-7801
9842
4018
-3710
1789
4072
6892
8276
5028
-1693
4460
-9563
-7222
-9426
-2931
1288
1922
5750
-999
-3332
9956
-1915
3456
3987
-8528
-4103
3716
-6242
-2957
-5441
-6063
-1992
6146
-9775
-8310
204
-1853
-4534
-8034
1379
-1300
-1790
-614
-4082
-7293
8651
728
-4020
7236
-5722
7861
9528
7265
-7038
8640
6739
-5085
-5294
-4083
361
-3889
-4982
-9750
-9789
-476
6646
2857
9992
-1887
5079
-9668
432
-5756
-5541
-2881
-5785
2572
-3689
-4977
1499
896
-1948
-1511
-6142
-4824
724
-6995
-4726
-6791
-2097
5072
-7298
-3345
7278
-5551
-3022
-3566
8403
3219
-6036
-869
-8157
-9815
6735
8976
-8190
2337
4325
-4821
-5943
-9161
1608
185
-1082
490
-275
-7938
6576
7083
3597
-8331
-5820
-2255
8721
7797
-3775
-9174
-678
6704
-6722
6700
-8053
-6475
-7645
5578
-3053
-3851
-2518
9122
699
6850
1747
4723
7944
5683
-6626
-7189
-3443
-1211
5065
8510
1584
1980
-8314
6804
-3689
2599
6167
5817
2991
7617
1097
3608
2713
6515
7722
3841
6033
6774
745
5831
-3683
6295
8169
-5305
-5458
8436
4513
-2174
7222
7267
-8525
6091
-7642
-9103
-2425
-196
4322
-6521
3587
1699
-9532
4681
5097
5018
-9078
-9127
7597
5140
3773
-6760
-6767
-4845
4447
8396
2623
7159
4720
7069
-9917
-6767
6876
442
-5853
-4299
1444
-9415
3419
2542
1160
-3813
5529
1355
5678
557
-8046
8727
-1070
299
4415
3143
8299
-7105
6040
-5140
-3115
295
6443
-3128
-9249
7637
-9992
1981
6771
-80
-8564
-2591
6686
-41
440
-7570
8316
9798
4494
-8522
-8799
4913
5144
8467
-3898
-7731
4948
4860
-1266
-2930
7408
8308
-8301
-3957
-2530
-2115
-1262
-6594
-2668
-1750
8240
8551
-8509
-8142
8871
-8560
-6703
-5665
-398
1483
9653
-5050
-7343
6904
4271
-590
-5128
-3229
2881
4441
-4326
-7222
-6322
-816
-5938
-7397
-9042
-1638
-4805
6428
-2197
4027
8934
4421
-8741
5036
1364
-601
7226
4231
6142
1904
-829
-5503
-7919
1286
-6870
5047
-8386
-5487
-2246
5313
2661
-6506
8006
3300
-6376
-1923
9518
1092
4367
2836
5456
-8938
8424
4268
1832
-4045
7737
-2207
-7898
-6328
-5516
-9096
-213
-9078
6453
-2719
-3553
2120
-5749
1147
465
-3847
-4511
-6442
-3892
-6220
-6777
-7788
-1197
-8610
-5438
-9399
-3975
2333
-8660
-7102
-8737
-7285
-8887
-5918
5131
-8857
1288
-890
-2495
3430
6291
-4470
-5471
1639
-3565
-6459
5148
-4797
-3966
-6576
2356
-5853
-338
-860
-2352
8940
-4793
8448
3640
2549
-6362
-3510
-6285
-1223
-1191
-6035
-7653
-4952
-2513
7264
8250
1144
-9667
-6776
-6237
-6760
-6934
-3341
2063
-9691
3229
8517
-2510
8438
3937
-9487
-647
-9326
2803
7229
-6525
994
4520
-8921
3385
3968
445
774
6987
3694
-9092
-439
-4023
9156
-1721
-4452
-6726
-7071
613
-5622
2397
2
-4410
7196
-9542
-783
-9163
2750
7427
-6187
-7687
-381
-5972
6919
2439
7647
-5244
5701
-4056
7442
-2513
-4961
131
9317
-7358
5902
-9305
6253
-8933
1572
4054
4428
442
-2401
7377
1366
7967
4504
3388
-9903
8001
-8040
2862
-298
5480
-4471
-5960
-9515
-8855
2218
7951
-9707
-9412
-3875
1400
4056
1850
4251
-337
9948
8088
1127
-5709
-2594
2139
-129
-9103
-1094
7479
-2930
-8724
6381
7528
2175
-314
7099
268
-788
-9298
-7699
7003
6869
-5050
-814
5827
-3123
4879
-4378
-923
1901
-7981
-8368
6374
9036
-7953
7077
7475
6150
-389
-5718
-5740
2648
1400
9878
-9205
-9490
-7723
-4426
8906
308
-4547
-1174
-8786
-5463
-9312
5837
3387
-2766
-5092
6195
2741
2923
-9368
-981
8761
8471
7646
4739
-6282
-8936
1027
-2806
9868
2394
5108
2160
-2945
1354
-274
-2870
-201
-7227
-1703
-654
-8681
-5493
658
6604
-9385
402
-3916
-797
-9087
6710
-798
5617
1733
398
-3404
-2275
-5607
282
3228
3199
-2351
-3976
5684
6655
5398
8758
-5979
-5764
2534
1602
9206
-9624
4265
-6402
-6065
-3856
-7285
1327
6729
4378
-7366
-4620
-7723
-7033
-3810
9715
3493
6424
-6449
-3505
2011
4108
-9512
1910
8044
-2585
5671
-2889
-9456
-5297
1517
5873
-7767
-7568
-4616
7622
-2387
-7969
-3286
-4242
3857
-1348
-2538
3176
-7436
6448
9591
9451
-3546
1782
-563
8283
-1997
9430
-2667
-5673
-4016
300
-1501
-5265
-8895
3880
255
8595
-8124
9134
2009
-2297
-9890
8349
3242
-4525
9983
1069
1513
-6762
4276
-2575
486
6458
810
8637
6278
-7262
5338
417
1148
-2463
-1195
6258
2753
-6940
3245
-4150
-5649
-2641
4221
-602
7199
-1562
6262
7534
-4771
-3071
7783
1905
6309
-1597
-2583
2606
-2755
-380
-2332
4111
2639
-6071
4897
432
-2591
661
-1682
-2978
6706
2490
8423
-5350
-1325
968
3847
6428
-7425
9158
-6006
-7980
-9223
-9602
-5154
2028
8609
7473
-954
2570
-6350
-5844
7402
-3694
603
5939
-9121
-57
5912
-6822
-9362
-4398
-9844
-8045
-2588
5435
-7715
513
-714
3572
-500
-8373
-8178
5206
-8944
-2740
-2922
-830
3022
-6361
896
-6262
-1321
-4393
-9297
9000
4350
7973
38
5004
6644
2835
-2581
-1741
-4222
-5771
-9064
-9870
6722
7263
2366
2258
315
-9287
-7466
-7914
8855
-6800
-4955
6456
-6142
6598
-7798
-2255
-8607
-5367
-3800
1239
4973
-3007
8971
-3296
1803
-5693
-9895
2213
-8567
-4957
-3434
2210
1111
7814
2451
570
-5857
-7435
405
152
-2430
-9651
-9282
1232
-239
-5868
7002
6147
8133
-3226
-5049
3745
91
1357
-6047
-5879
-9073
-7953
7274
5772
-3820
-4863
51
2320
6030
5114
-3542
-687
-8884
5634
5536
1857
-4699
73
-7436
9935
5678
84
-8767
2406
-3307
-7790
3266
1164
-2051
-2484
6110
-6229
1238
219
3123
9613
-6280
8820
9123
-8864
-3908
-6082
-1771
473
-2601
1092
-1110
6260
-3180
7270
4830
6906
5869
842
4310
1083
-8122
1424
-4084
3963
-986
-6877
83
-5687
-3374
-3989
-3671
-5878
4008
-4417
8217
4949
-5067
-2217
3690
4247
-4077
1504
936
3318
7811
7209
-4979
-7245
-2109
123
4139
-8375
7083
741
7800
-1262
9354
9556
-3849
-472
-7336
-94
4639
6952
9592
806
-1622
-9741
-3923
-3287
-8164
-849
9813
-7463
-9010
6411
-2075
-2474
5590
-5889
-1565
-6935
-2571
-2543
5498
3893
-8580
8180
4222
-7259
1372
-7925
-4196
8517
8905
-7828
-5283
2349
-6518
2975
-5545
5400
1375
-1883
-4016
4819
-6321
-5322
1520
-79
-8754
2787
-671
5114
9927
8858
3686
-5724
1036
-4889
-3883
8794
9591
119
6706
-6568
2843
-4968
2666
6233
8940
2973
-4311
4008
-5848
-8674
3320
2354
-1056
-6277
-906
4445
-5209
-5439
-14
3730
-5354
-5338
-3453
9717
-7494
4974
4004
-8395
4123
7311
-4946
-1025
4937
-9902
-4940
4429
-2331
7728
3189
-5860
8809
8540
-4510
-677
-8139
1536
-4531
-7457
-7625
9279
8937
-2285
5430
-3079
-8860
6861
-4644
1709
-2050
-2980
2941
4824
388
574
-5688
5116
334
1997
-5111
-4099
-9679
1817
-4296
-5340
-3423
-1967
8706
-5466
-1337
-8389
6321
4895
7355
3843
8507
4408
9054
-9104
7812
-3448
-4265
-1870
8305
4982
4296
-3496
1450
-4580
7692
2430
-2645
-4473
8623
9283
-8760
5595
5002
9720
-6214
-1037
6457
-6027
-5335
-1497
3547
8390
-6024
-3770
-6010
6786
4072
-4381
4068
3516
778
-1428
1454
9426
997
5012
1187
9763
-6560
2035
-9852
2878
7916
-8061
-688
3797
-4783
9579
-2825
5488
-4556
-5991
3902
6910
8930
8072
-4690
-6169
-997
-6751
2584
7420
4989
6718
7433
6704
-7764
1834
-7898
-3808
-3429
6404
7621
-2835
5690
4866
-7737
-9109
-5827
-6319
-9835
3986
-4892
9371
-8842
7985
1324
-4286
-5205
9154
-7631
-5048
8936
8408
-354
5361
5359
6870
1651
-3936
2282
-8263
466
-1441
-2108
4053
-6490
-1254
-3228
3390
-8688
-2966
1191
-9027
6159
-5745
-2630
-8446
-8981
-9641
-6863
-9128
6975
7995
2887
7252
-4224
-8407
3922
8519
5742
-1988
7522
-3981
-7689
-4505
1334
5466
-2302
-7535
-8902
-2926
-7906
-1223
-1407
7765
-9336
-7333
4187
5813
-8429
-8885
-2252
-8051
6199
-290
-1079
4114
-8072
8137
1415
-7352
-2062
-831
8386
-9935
446
993
-9937
-8864
5924
7465
-4098
-692
-7075
-6365
-9289
8544
419
6946
1360
4111
8247
2115
1256
4677
9103
-7370
-2269
-3144
-646
-6795
-2397
-7171
-4367
-3630
-2561
-4233
-3652
-6416
6562
5227
-5634
6248
-5949
9263
-2881
6764
6653
8640
-9836
8487
7274
4051
-500
3139
-7743
-4157
-487
7205
808
-8663
4281
1331
9720
714
2273
-875
-7988
2666
7461
-9991
197
7262
6950
-6864
-2978
1055
9816
3191
6694
-8357
3791
-6512
-1473
8485
-3450
1230
2034
5228
3627
-5808
5805
7434
-5494
4036
-1797
-9805
-6795
-1715
-5666
5901
-4723
9375
-7509
-3522
1167
-4633
-7839
2561
4606
-1048
488
-8269
-2744
-5408
-350
4938
6424
1225
-8911
9380
-2184
1915
-6075
4221
3329
3374
3711
-1221
-7071
-2114
9896
9860
4263
5639
-1721
-2353
2573
-9776
67
6200
7203
-2236
3957
-3412
7316
-805
3880
-3900
279
8215
-1328
-2225
5077
9418
9157
2760
-7855
-5643
1178
-5081
7065
-6260
2366
2867
-2200
-2731
-2481
1269
-8715
-9393
2133
-952
-7269
-1554
5890
9324
9542
2021
-2524
-7591
-1993
7165
-5979
3313
-5612
7329
-8705
-6418
-433
5660
1631
-1221
9233
6138
-6091
6623
-9501
-436
1205
-172
6073
-7001
-147
-491
-3588
-1172
-1373
-3755
-8654
9761
747
-7955
-5525
1630
8834
5325
-5877
-8091
-6486
-7532
-3505
5704
5506
3675
-6274
4718
-3360
5867
9293
-2064
-4882
3823
-8465
-5186
6175
6020
-4040
-9601
5740
8236
3340
8917
7088
1122
3816
-1185
2268
-7800
2956
1272
2775
-9763
-5116
-9475
-9098
-7286
-6094
-3381
-8748
-3557
-9094
-7098
3214
-6133
6506
6839
3198
-9576
5635
7565
-9839
-939
-5240
-3100
9543
6846
-3710
8195
7303
9350
7533
-7905
8573
5293
2595
-8387
-8303
3278
-893
-2379
5956
8052
9982
-1262
-2103
3500
8126
2358
6398
5269
-3406
7770
-698
-2988
-8998
-270
101
7204
4140
1071
-5097
5035
-6015
7679
7085
8296
-9952
143
8709
6825
2788
-9776
2597
1753
-1940
3031
6291
-9227
927
-9569
-1164
3071
-3943
-1207
-5729
-8148
7799
2179
29
6329
1787
-9017
-7616
3163
-2852
8122
-803
-1229
-4338
1973
-5753
5599
7305
-6112
-4343
9582
-3144
-7526
-2016
5964
-2079
437
-9869
-8741
7372
-2945
5136
9571
-8847
8155
1188
-4544
-1341
-6834
1462
-7687
-13
-715
-8768
-2511
4994
7283
-4629
4662
7238
-8855
-6841
-2153
9688
5086
-2172
883
-6120
-7458
-5521
-6324
-162
-5153
-532
-2981
6750
2590
9197
-7619
4599
6760
-564
-3798
3416
7509
9419
5254
-9585
-1714
-9595
-6480
272
591
8560
-3815
1790
-9432
210
-7569
-7495
-5987
-1155
9527
1188
-8722
5865
-232
4177
1808
1356
980
-1268
1466
9240
-6926
-2719
9340
4497
-9834
-8214
9674
-6775
-557
7449
-3434
-9093
5015
-1345
9659
8384
4100
4023
1462
3025
2526
5361
-2321
-1831
9856
-5858
-7434
-6410
9225
-3563
3304
3565
-8875
7137
-9200
871
-9402
1319
1738
-21
-447
-2537
1123
-6727
-555
686
9052
-4736
-7339
2085
-2003
7997
327
-8133
-2457
-8974
4981
-3014
-3950
-1506
-1791
1544
1301
-7682
5558
4076
-3885
6848
-4551
-1510
-4718
-65
830
5725
-8136
4864
759
-4256
-4818
-3416
103
-9030
-5466
5208
373
9747
2809
-7642
6652
-1225
-4983
-3815
2367
278
-5083
-8544
6266
4822
-6709
-3280
3892
7382
8391
6873
-4624
-769
2074
-9405
2594
2601
-1834
5514
-5729
1383
9541
-7629
7917
5712
2794
-5398
6137
-5077
4127
-2118
-8344
2326
2525
9736
7013
-6893
91
4748
-8423
-1456
-5139
9196
8985
-9199
-1523
5143
-839
-2180
7447
1403
9470
3745
9423
4804
9522
-3132
-1347
-8078
-5232
-7671
1528
-1227
6686
-1894
-9375
-5048
-37
7671
8614
-8889
-2034
-8485
-921
7886
4990
-6297
-3307
9071
8160
6126
-778
-5425
-7989
4541
1926
447
9672
-6844
4951
-5710
-3228
-4476
9177
7263
3111
8567
9524
9045
-8417
4247
-9710
3285
9302
5516
-1894
2225
5059
7414
9047
-576
-9668
3379
1111
-3814
-3351
3917
8175
406
4755
9795
7708
5790
-6501
-8781
-7484
-9333
-89
5921
6107
-8125
-1513
6054
8641
-8725
2710
-7433
3721
7019
-9332
7409
9941
4157
3696
3038
1437
-5040
6203
5415
558
3327
7191
-3274
-3153
-9270
1239
7783
-3810
-9874
9632
3115
-5991
-2746
8293
-2792
-359
-1731
-6768
-2992
6265
-6066
7068
-1205
-1004
-5190
-3808
4292
1036
8165
5606
-2242
-4281
6094
-103
5233
9588
2089
-6851
437
-2644
4667
5240
-5751
-4525
-5743
2190
-9695
-163
3262
7402
6506
-1555
687
-6664
-4134
-7175
-8052
-5103
5561
-1143
8525
-9811
-7450
2335
-3530
9948
6280
1072
1425
1936
4082
2192
2599
-142
9265
7788
-4742
-4651
7733
-1455
2882
3400
5818
-4470
6242
-8732
-46
-154
3430
-8251
3184
3736
-164
-2666
-2445
7640
3147
1509
-3154
-3257
4756
5014
-4528
-5392
-8764
-7821
-2315
-7671
7348
-4736
-2968
-2311
-5891
-9556
3923
6323
8315
356
-5851
7521
8285
450
-2626
5372
-411
-2109
-6822
4279
8546
-6377
3384
-2500
-9144
-4303
6693
6382
-9687
8413
1226
-9907
6962
5361
7535
6648
-9212
316
-5270
-8531
1486
-6500
1864
-9268
7876
-2836
-2057
6074
1118
-5382
-2643
-4095
8078
4438
-8487
1076
927
7814
-6620
6671
-9113
8150
-6429
-9347
1418
6413
-2852
6644
4811
-7429
9395
-5572
6670
-1329
240
1645
-6513
1445
8110
2517
857
9436
9890
-6088
1348
5702
3782
5362
4334
2840
5185
2136
1717
-2431
1845
2173
2830
1464
-8507
4592
-923
2830
-1439
-2109
8497
1442
-592
4486
-7725
2739
2680
-4302
8907
-5936
3404
7521
7927
-7125
1779
6074
-631
6669
9233
-9108
-8060
4803
9716
-1488
8947
-3211
-8707
-7152
-2042
-2537
-6487
-5370
-1366
-1127
7420
9789
-4957
-71
7945
9012
-9880
-4999
-2593
-9471
-1284
-1782
3603
-1870
9124
-1913
8390
8974
-534
-8289
2196
-7206
-115
-4694
4824
3960
-6813
-1348
-4641
-5142
-5812
-7624
-6264
980
500
-4484
8660
-9248
6596
9050
-1009
-6022
6469
3142
5691
667
-5709
5003
-3690
6980
1082
6041
-6040
2656
9200
-6567
-7605
-3284
-9233
-9567
1366
-4813
-3348
8418
7560
4081
3225
-802
5806
1337
8947
-8552
-687
-718
-9975
-6588
7295
-7172
-8118
-323
-7308
6384
-8087
8117
4772
-8986
-1968
-537
-2488
9904
-8322
-5016
-669
-5084
7807
-7332
9200
2327
7174
-1211
1546
1188
3561
-9129
9431
-2869
-7719
2919
-7982
-4937
61
-3711
8020
8056
-6102
5208
-7106
-3249
-5471
4440
-9787
9256
-2875
-8201
-902
-2175
9687
6570
7221
3081
-2512
4181
-5155
-7612
8506
-6598
-6185
3339
939
5587
4713
-4208
-5697
-3430
-4182
-3329
2674
-4987
-6040
4448
3639
-1809
-8459
216
-3369
-3727
-6130
1039
3401
-6288
6729
2509
-4054
4176
-3013
1118
9210
-1081
-9500
9525
8531
-9556
-9032
7244
-4922
3181
1674
2729
5364
7648
-5930
4156
7589
-2127
-4276
-9756
2569
6459
564
7634
-695
6738
-5470
-3130
2025
-100
5176
1045
-2756
8064
-9454
8844
2372
3062
-4526
4750
-316
-610
-5752
4249
3940
-3123
8350
-8025
-5023
8962
2558
6129
3886
9367
6304
-6259
-3157
4179
-8365
-8296
6784
2012
-9497
-7922
8886
7306
9813
5750
-2542
-6314
8524
7931
3727
-8911
9529
-4875
7735
9713
2898
679
7709
-1242
9247
9889
9914
4491
-635
-6267
4931
2296
-8304
8582
4931
6389
-1539
1837
-2278
-4600
-5503
6198
-7886
2799
5978
9111
-9607
-8662
-8464
3968
-1184
-145
9382
-5219
335
449
1635
-3143
6082
4986
-8200
-3619
-9884
-6811
-2130
5974
-2041
-6519
7597
-8331
-3906
-4896
8043
-817
-2601
2310
-1009
3493
2071
-3572
-8319
8798
8275
-9557
4912
-6224
-1015
-4778
-6049
-3875
8762
-9207
-6323
2746
7172
-194
9119
-5845
-2657
9918
-1172
-9206
5172
-748
-6298
487
-7083
8765
2880
-2487
8957
-8228
2944
-5069
7269
-2998
898
-9118
-128
-7766
-3002
-5070
-6092
2811
4535
9503
-778
8038
8601
-3063
576
951
-8050
-5007
-8015
-8983
9285
-6719
-7263
-2278
2912
9896
-3777
-5282
-9311
-2237
-5622
1455
9904
8887
-1528
-4447
5803
1754
-6106
9268
-7189
-463
3949
8547
8783
-8908
-7331
5145
-1657
-4818
7913
-5117
4990
3649
-4050
-4448
-763
8998
-2639
-106
3832
3346
-4171
8222
-2160
-6604
3669
-1729
3012
7962
-924
-5224
5180
-9324
-3362
-809
-5004
-3888
2379
-5369
9930
-3932
-2352
-9018
2340
7435
49
6868
-7615
-4314
-2969
-281
9946
1156
4058
4092
-7628
6812
-6597
5224
-3803
2615
2017
8876
7520
6155
-4354
-2681
9375
9089
-3396
6405
684
6584
-3078
-1739
-5556
-4221
9757
-487
-8440
9677
-3691
150
-7527
1821
7117
9227
9392
5140
-4594
-4289
-3552
7699
8337
8339
4841
7002
4703
-170
-1375
-2773
455
-6089
9792
3789
-2822
-4395
5608
2797
7047
-7661
-9201
5054
-1490
7943
-9877
-3775
9251
-9807
1113
-9888
-3390
-5175
-5462
-6156
6569
6001
-1621
-4794
-9642
-6902
-8625
-1134
-2755
-4798
-2501
5160
-1114
-6454
-9618
4652
9186
-1210
-1270
-5218
-6360
-3202
-1629
4980
-8624
466
-6845
-6813
6826
-8054
1880
-3684
988
6186
3419
-8622
3543
-5563
4766
2394
-9483
-9687
-2927
-2132
-911
9464
6544
9958
-2974
-8489
9037
-2896
1653
8671
-6987
218
-4569
4720
1506
-6879
-7140
2565
-5411
-4720
-5602
3139
621
8867
3574
8716
-3167
-921
-4832
2512
-2443
-3554
-5106
-8509
9284
-321
-8420
745
9931
-5543
3531
-7923
1494
1399
5116
-3855
-5303
-129
8650
2560
7885
5397
1060
383
-971
9533
-4666
-1598
2987
2718
1428
7004
-2628
2977
4851
5902
2973
-3399
-4957
3072
-5671
-1956
-7204
2989
-7496
-5745
-4221
2936
-7667
-639
-2134
-1379
-1124
4142
9698
2275
1638
5027
1597
-307
1682
-2079
9828
-5553
4922
-8102
2610
2398
6959
-8519
9419
-8896
5386
-6018
-8675
8003
9713
9287
-6479
5930
3426
2826
6862
193
8862
2302
-6997
-4335
4533
-7430
-5938
4783
4170
7925
4421
-1841
-9950
4749
-6112
-8201
-4817
4291
-4055
2574
979
-3133
9250
2931
9300
-5663
-5606
-1623
-8229
-4865
8331
7568
4968
-8693
3443
5391
9397
-5659
-9652
-8019
-4539
9150
-6646
3552
-4663
2108
-5103
-7300
-8305
-3269
1041
3213
-2936
-9554
-1793
-9984
-5676
-9758
-9071
-3397
6797
-1373
8149
-275
-596
-9033
-658
3648
-8517
-4983
-8403
7499
-6280
1633
-1368
8420
-7293
206
4889
-7693
5
-283
-330
8897
-2595
-9821
-2264
-4017
-1688
6094
7818
7395
-9493
3226
-4512
-5442
6304
-4184
-2735
-6807
6363
8329
-1277
-4915
-2664
9984
4178
-3583
3523
-2715
2060
3390
-9916
4965
3212
1711
9349
-1561
5969
-5756
-3391
4874
5050
8294
4362
-9814
8960
-3739
3351
5505
1840
-8404
-567
1898
5635
4502
6776
-7200
3900
8666
3998
2885
-4674
-6206
-7968
-6688
-4313
-9318
2325
-9347
-3699
7811
-9388
-488
-9932
-4697
3198
5748
-4919
-6777
9349
-4314
-5283
3920
8792
3663
-8895
-8372
1292
-2810
-4645
-2380
5032
531
1347
6531
5517
-5576
-5380
902
5216
-4149
1746
-5264
-3882
-9730
-724
-1910
-9029
1279
-4530
-569
4574
-3526
-913
9270
-9252
6717
7601
-4495
5128
7284
-6462
-6350
-876
2387
-8114
-412
4927
3250
5535
151
9979
978
-1774
-4114
-6407
5374
-4137
4499
-5644
-9523
965
-2677
-106
4227
1559
-4349
2475
-9801
-5689
1481
-7904
3152
4614
-9896
1719
2856
1013
107
-6869
-8494
-9725
6610
3322
4088
6371
-9214
-2829
2845
7784
1607
5469
2114
7168
2261
-382
2660
-4981
5052
1751
-5054
-3945
-326
3305
-644
7194
5002
3397
-3273
-2774
1914
1763
1309
7196
-9574
-8208
9537
-5993
-5968
151
4640
7604
-6615
-6612
-2717
9621
-4118
9333
-6367
-8449
-348
7509
-1023
-779
-6970
-395
2846
6258
-6355
-9167
7331
-8349
-6346
-8931
-4267
-5890
1779
7762
1104
4579
-4004
-2791
-9655
-2098
-1571
-2509
2035
-5002
9998
4899
2814
9157
32
8408
-5223
-8172
2482
-7270
5080
5443
-2013
-4912
-9935
-1422
-542
3564
5984
-4066
5634
1524
2538
-8453
585
-9330
-7874
5835
-984
-6745
-873
-8072
-9692
896
-1473
-9676
8147
1269
8430
9546
-3582
-7093
-8272
3040
8819
-394
-3132
-2516
8452
2660
1024
-6672
4746
-311
-9262
2483
7293
520
7458
-2146
-6260
-2021
563
5007
7154
224
-1688
5181
-4992
-2464
5955
-6743
-4774
-3076
-2584
6238
-6370
-8234
1473
-1787
-6978
-3943
2875
8615
-3473
-3002
3405
3615
8410
-5027
-6888
3451
8784
-3612
8426
-497
-1350
-2249
-2275
-9706
-6866
3244
3260
7047
-8771
-7199
-5466
-1872
-6230
-3835
-3445
465
1461
-6848
6131
-3529
-1579
-9217
-7842
5011
-411
-2528
9638
-8105
53
-4906
-1728
76
6401
-5831
1314
8403
8286
7022
-5762
7734
5457
4783
-7635
4970
-7302
9430
6247
-8956
-627
9099
-370
-939
-9471
-9273
6602
6211
7585
-2107
-1969
1637
6657
2468
-133
1946
-3702
9307
-389
-9049
-7658
-2054
2477
-3285
-9384
-4936
4992
-9439
4466
2303
5016
690
9098
-9936
3150
532
8630
-1549
5492
-1150
2036
1952
-4042
825
-4746
4675
-1284
-9203
-4453
9424
-6292
3462
9913
-6685
-1588
-9478
9270
-6990
-1403
-3608
2358
3377
2851
-4850
-337
-5694
857
-8504
-9064
631
-2911
6086
-2752
6693
4417
488
6683
5223
-1399
409
9366
6540
-3335
-6299
-4724
8862
96
2871
3505
-2544
3743
-9196
-4949
9859
-3189
430
5697
-9195
6130
3558
524
6534
-555
-4639
-7382
-2168
4755
709
-1135
-1085
6662
8209
-800
-2717
-4666
-6377
6705
-4641
2924
-1866
-85
-6074
-1870
-3496
2932
-5305
5237
-5148
4164
8189
-7812
-9567
-2027
-4683
7859
8105
1046
-6946
-8336
2181
8350
-1620
-7818
-6037
-6435
6473
-1928
7632
5582
-4103
-8651
-9237
553
1160
-5663
7208
54
722
-8027
2726
-7236
3086
-355
-1010
-4905
4216
4287
4400
-9177
-5414
1947
5211
4613
2294
-8290
-5383
273
-9774
-2543
-5243
198
-8799
-9634
-7382
5551
1610
3314
-8295
-3628
2007
4190
230
9804
9725
664
3232
-1130
1090
-2562
2827
-4733
5840
-2502
5180
-8086
8884
-4959
-8656
-3297
5683
6070
6185
1630
2091
6156
2598
1825
-7679
-2424
-3906
3729
5036
-1660
6425
6554
-228
-9008
-6261
-8937
-7800
-4236
-4594
-2292
-8076
-1488
-6565
9458
-5221
-9756
-5500
8876
1887
1867
-3407
-1095
-9078
6754
405
-7613
-353
2855
-6548
3892
7906
7005
1204
-568
5313
-8565
868
-3843
-3650
7492
-659
-6586
442
-1791
-1588
-6304
-9921
490
8201
4796
6602
3093
3792
-6597
1939
-4731
-6327
-2728
-7398
-7021
4502
-3202
-6032
4810
-9879
-9094
-2529
7884
2591
-4084
6967
9906
348
3095
886
-3023
-508
-2952
5939
-5480
1747
-8813
1448
-9226
-1605
7144
9657
8664
9240
9669
9093
7920
1937
-7371
-5592
4305
-5715
-6122
2762
-8137
9614
6856
7720
-1500
5487
3458
9725
3300
2710
5118
5804
-9326
2550
-908
-8915
-2765
-3739
4901
-1006
5568
6708
7182
9844
-3294
3984
-6852
-3905
-1802
-3693
6654
502
-5776
-1080
4214
-5691
3355
-3366
170
1249
-3874
2167
4919
-3682
-5445
-9498
-5371
4493
5841
2978
8309
-3057
6689
5330
-3466
5339
-9075
2567
-1256
264
-6692
2129
-5064
-7464
-6309
-4610
8953
4385
-3523
8048
-9420
600
6595
-4134
-4762
7292
1207
-8041
-1400
-7939
-1486
-2649
3804
-2105
2622
6022
-4701
4911
8501
-4821
-6197
-9896
72
-4614
4518
6722
572
-1786
1270
-4591
-8242
935
7204
-4747
4855
-9101
-2929
9723
3627
-1188
9506
175
1788
1511
-4610
-4916
-2085
2916
-5769
-3038
9822
527
-9509
-1757
6461
-1535
6412
-1846
-6569
8211
-6641
6984
-7759
3857
5309
1388
6366
-457
-8393
4495
2139
-9173
2582
-135
625
-9962
-8896
-1741
4157
4640
-3369
7818
-1268
-9401
-1845
8540
7328
6108
-5552
611
-3664
8858
1514
-3333
971
6627
5861
-2222
-483
6329
-1599
7371
7402
-9642
-7638
-3410
1719
-1591
-2043
8560
392
-9458
-8857
-8294
-9532
-2680
9376
6968
180
-5123
9876
-735
-9045
-7986
3018
3774
-6400
-1838
8094
-8967
-1738
-6546
8273
-9788
-8420
-6957
9376
1250
9968
-2252
-1998
6774
2559
-1470
5098
-4410
9864
-2491
6109
6795
-3746
8697
-3299
4568
1932
-2652
-5996
-4155
114
1328
2861
-4457
-9458
9865
43
-5299
-1450
-3724
5789
6121
7138
-2039
-5495
-4838
7431
2447
-3163
2562
-9027
5267
-8474
-6328
8962
2149
-5169
5629
4407
-3665
4939
3107
1032
2962
2901
1118
4553
-3202
-9772
-4869
7676
142
4357
120
5584
-2690
-9808
3727
-8893
9995
1277
2786
-5625
4293
2079
3268
-2365
-173
7598
2882
-8016
2787
4371
-6291
5412
4268
-9892
8164
8908
4290
-8017
2754
7697
9653
-7333
8993
7805
7399
-630
8042
-1641
-4280
-7437
-9829
7659
9520
-275
-8493
-2299
-1128
1693
-3395
-9381
7957
-5232
-3050
1578
-9966
-7324
5020
7001
-6680
8768
-810
-6886
381
-1179
7546
-2705
-9737
1052
6111
-4407
3739
7406
-576
9003
-5785
8018
6536
9933
-1496
1473
3904
-5284
-8776
-6906
7411
-8577
-1641
-878
123
1749
5157
-8020
-4950
8922
-9062
-3963
7734
6281
5346
-8504
3265
-7110
5401
7120
-7516
4876
-1026
8373
9528
-482
-3625
4734
2369
-1800
-8287
8762
-3048
-9881
-1743
-3350
1747
8869
-1780
2230
-7917
-3914
-8576
-2112
-2967
-7122
4925
6805
5029
7793
3028
-1281
5213
-9165
906
-7113
-905
-7426
4632
-5384
436
9681
2787
8335
-8744
-1403
-5069
1103
5402
9835
-5966
1890
-7452
-3823
-8446
-3079
1607
4196
6715
-476
-7265
-7248
-319
-9059
-3714
-6270
926
-770
-8168
-2930
97
-8653
-3829
-2932
9362
1130
8840
-451
8464
-5209
6914
9612
-374
-3180
-846
4048
-650
1206
-1883
-5618
3985
-5638
8739
-8389
276
270
1884
6079
-8753
205
8240
-8108
1316
9042
-6277
-9138
-2973
4270
956
-2859
-1570
-2220
-7775
1357
8200
7473
2353
-9385
4783
-327
6549
-9616
5682
-3972
868
1527
-3040
1080
-7671
1836
4752
6312
-3341
7732
9047
-4006
6425
-4871
-6839
-5825
1256
9294
-1873
-2117
-8886
-5872
-1855
-3524
-7211
-2680
5056
3623
2637
5358
6642
-1811
3766
263
4091
7389
-8869
7983
8085
-4300
-6604
7057
4300
-1745
4728
690
9049
6561
3519
7342
7576
-4000
-1423
9339
-9816
-1703
2737
-8470
-3394
-8380
480
5324
9702
6194
-657
4464
4632
4418
-5915
1162
5683
4404
-6296
-560
-1000
-587
-5556
574
2918
-6183
1973
2841
1549
1094
3659
3856
-2543
-9076
2009
-6273
1437
6771
-9022
-178
-223
-8146
5185
2358
-1014
-2965
7002
3779
3997
7628
9763
5140
-4848
5551
-7351
-1377
-5084
7113
-320
-7438
-9054
7698
-1238
-1803
-8015
-1446
8131
5515
2066
-710
-3993
5688
-2984
3876
-5343
2844
7015
-2820
-8943
-388
-4280
-4224
-2248
-4190
-8922
4387
4707
-6917
-504
-2089
8562
-162
971
1288
1828
-3091
-8773
-5338
7457
5907
-9329
-5733
7459
5902
9214
-581
-5854
-6394
-2111
-8168
-805
-1925
-1337
-1995
-4420
3453
-5585
-4749
-4690
-3020
9605
-8633
-8033
3136
9948
-2868
-4660
6619
-8028
6901
-4024
6523
-2072
-8229
267
-332
1544
340
4697
-743
-6738
-4635
3949
-9309
-7122
2286
4162
-4310
-5121
4067
9823
7952
9232
4540
893
6397
-7767
-7582
-3562
-9947
4447
489
-3541
486
-429
8765
-7951
3918
-3640
1525
4442
-9735
-7264
2437
-9092
1623
-9326
-7953
8544
-4500
-8919
-3527
-6839
-8655
-7652
-3366
-7394
-5159
7173
8205
1974
-5938
-8255
1800
8127
4953
-2781
5927
5803
9696
6805
3905
4472
-6199
-5588
-2020
-3846
-7683
-9722
1213
-8377
-7192
6179
4983
8159
5469
-8035
7557
-9898
7127
6758
8307
-4384
6201
-8643
2069
-168
2615
5996
-3717
2988
6318
352
-4099
9160
782
1510
7856
2205
5592
5919
-5125
9486
4194
8512
-2045
-3113
-1769
-8056
-543
4219
1915
2014
6230
-2808
3692
-5145
-5867
1289
7781
3713
2526
-4120
5948
1695
6859
-8194
7531
-5118
-6237
5208
-7092
-80
-6227
-7833
-6499
2835
8126
1445
-3134
5393
-4237
-3553
4554
-8253
3514
3139
9034
5908
5643
-9465
-3034
8728
-5868
4915
8526
-7130
-5679
7309
-9883
-8396
6939
-1249
4860
-3379
4535
-8569
-3075
-4270
8239
9595
4
-7958
8478
-3018
-8185
6375
-219
-9052
7063
7383
-5637
1190
-1473
8291
4225
2594
-9112
-120
-2126
7594
9535
7695
-6470
5287
1070
5483
-2754
-4254
3591
6063
-4455
-3890
-832
-6839
-7833
7382
3927
-4129
-3943
9439
-393
8676
3593
4185
1395
-4297
9768
-4921
-5649
9401
-7757
-4184
-8546
5033
516
6050
-347
4253
1477
5099
-6689
4223
1375
-1869
4378
-5374
-4624
-1679
9246
3871
4283
-1688
-2066
240
-326
245
-8089
-5687
-8370
1304
9189
-6258
-3849
-3971
-3195
9684
9663
-1402
9861
7800
-8336
-5226
6184
1814
-4858
829
4725
7400
4031
6427
-129
5755
4687
-4589
96
4687
-8496
4942
-6594
-629
-2153
584
-5937
2234
290
-3781
-359
-3674
-2579
3654
-4878
-1361
7044
-8327
9382
8360
-4718
7904
-5193
1711
7799
-6359
-5505
-1689
2041
4212
-1231
628
-4334
855
-6115
3090
-5945
-5781
4914
-2639
9304
1270
-4163
305
8403
-7595
-8048
8663
-7997
-5818
-578
3881
-9146
-6672
-221
7692
9373
-5297
3009
-6505
9788
-7456
-6011
-2445
-1855
4197
-8953
8497
-2751
-6283
-4720
2600
8414
-7869
950
-7734
-1547
4874
-2493
-2845
9235
8242
-3788
9421
2920
6977
-2787
-6638
2132
-2015
1994
127
3997
2601
-7264
-9248
-7389
-5109
-7423
-6210
-8949
6650
7854
4179
-7017
7606
6088
4070
2102
5078
5711
-9177
344
-2224
-3893
6152
1978
7047
6633
9077
7072
5394
-2499
9554
-2112
-635
-1050
1840
4347
-769
-9745
-52
-985
9135
-6191
-860
6503
3171
1174
-6505
572
5518
8376
-7048
4916
-1259
9576
-7571
-7519
-937
-4149
-7030
9061
5751
7775
9382
-1111
6663
6619
-6185
-1971
-5773
-8908
-9265
-7846
3239
5243
8146
-4013
-2051
8932
-6926
-3959
4807
4898
1737
-3891
-7179
-370
5778
9761
-7516
2279
-795
3304
-3837
7731
-6131
9916
-7421
-7517
9960
-3426
-8165
-3244
8666
7079
1013
818
9166
-9635
601
-6441
3242
-2718
5427
-4815
-370
-3545
-7837
3106
-2583
-3267
5794
-3551
-3720
1004
-8532
6206
-3140
-3172
9806
2754
7255
2065
6636
9332
-7581
-3276
-4785
-6440
4974
-7349
1354
7411
7605
-1141
4776
-726
4572
6532
-1772
-1881
-8280
7611
-1627
2397
-4551
-1931
-93
6723
-2136
-5298
-5606
-676
-936
-6838
3386
-296
6684
2499
7592
6451
4357
-6783
-5978
-9509
1702
4519
-4615
-3473
4934
-7894
-8324
3426
5377
4093
-7519
2015
5660
-6041
4991
-729
8771
-5258
-547
3765
-2143
-4467
9913
-3133
2394
-6375
-8843
1126
6056
-8447
-3138
-8397
-8687
-1508
5595
709
-1759
-4932
-9041
-6857
4329
5864
-5142
-85
9300
9799
8178
-6291
-6270
-6344
7241
7986
7075
-5825
7996
1754
2225
6010
-6328
8820
202
-2863
1545
4193
-1527
-660
-3168
-1840
-8288
-4578
3712
5129
404
4383
6677
-9499
8245
-3240
3153
7834
-3047
-9033
7156
917
-6828
7939
536
-8960
3765
-759
535
9027
-9408
-8396
-6215
-7098
2819
7132
-547
-8971
-2472
853
-7613
8380
-1578
7464
-5260
5425
1652
5470
5519
-4686
7324
-3911
1169
-9085
-505
-3235
9408
5466
7834
-1333
-8428
-554
-1891
2735
-5341
-7063
8628
335
1543
-42
-4676
-5372
-3794
-3211
1123
7141
-3299
-9324
-9724
-7010
-9566
6392
-3650
6976
7861
-1215
-8847
-3470
-6743
2603
-4460
-2779
-875
-4464
8629
-5659
8314
267
1774
8043
5329
6296
-8704
-7281
179
9208
-2609
-5445
-5309
-8784
-38
-7429
-1637
-9648
3861
-5232
-558
-783
-9083
-4092
-4025
-2088
6711
7992
-3603
3127
2077
2426
-6125
-9133
-5722
6258
7631
6592
8185
6682
-1434
-2232
4654
1902
-7974
1610
7881
6521
8785
5215
-6604
-8913
8190
3672
6103
-8455
-1234
-4348
-7401
9131
-7503
622
-4984
-5454
3746
-9086
-5008
-3063
2261
1072
4442
6698
-1763
7785
-7308
-8607
-8841
7975
-8283
1852
246
-8919
-1010
-5985
7755
-2661
8252
3477
-6159
2548
-985
-5919
-7661
5209
-1013
4625
9883
-2209
8000
9204
-713
-7347
2648
-6110
5385
9696
8916
7514
-5428
4841
1475
-3799
127
8817
-9288
-7034
-3409
-4484
-1625
-197
-2075
-3157
-1667
-323
-4056
-9572
-327
-3748
-143
-6196
7978
-330
4490
-7364
1574
102
4993
9873
-5756
59
3407
5237
-7530
-7933
9823
7932
775
1542
1661
-383
6765
5262
7517
7406
-6325
4868
-1051
-3078
8038
-3850
-6152
-5523
-254
7764
8256
-3073
-8040
-1157
1879
6047
-3338
-9527
8082
-7024
6483
-7730
7051
-211
973
3619
-6551
-116
7553
-4587
-6034
2689
4678
7418
-9251
5369
7015
3300
-5050
9447
-1701
-4557
-5201
-1988
1603
1796
-7520
5391
-6369
-7513
2059
-2788
8429
1839
1559
-3768
4479
259
6664
6787
-3112
5521
-1588
-2970
-3485
5826
-8028
-2820
4623
4585
-6899
8861
331
-7020
6218
-7018
5786
-2555
-8816
8964
-5933
5243
5837
1918
-3144
3817
8086
8275
-2927
-4632
-2356
5481
-3323
5192
-7926
5060
-6124
4513
5934
-2617
-4653
6217
-4831
629
-9180
-3682
6885
-3632
3378
-4734
3610
9763
1734
9767
-7795
3163
-8279
-5664
3677
-6289
-7273
1943
2059
-8351
9372
-3235
7229
-4803
238
4348
-6801
-5666
-4762
-8440
6776
-8720
-6180
-7628
2676
-3792
286
-2560
3507
2543
-3412
-176
5501
-4235
-493
6072
7520
-9661
-3131
-5388
248
-5807
1842
1204
4473
7606
3845
85
5404
-7451
3516
3786
260
4980
-8987
1305
524
-6727
210
1666
7663
7245
6457
-358
3763
-1294
-597
1910
8914
7153
4815
2627
8263
-4485
-5126
594
8914
-6862
-9268
1264
7719
-3040
1418
-3052
-199
9797
6356
6770
6463
-5650
6403
-3092
7009
-4864
-8735
-5752
7713
-2795
3172
2397
-7640
-8035
6120
7271
9260
-8635
-7288
698
-4645
5781
-2695
7315
7878
6515
3076
-6487
3757
7526
5661
4995
-6941
6805
-1852
-701
-9666
-4147
3128
-2368
-1827
5313
3251
8945
6998
-980
-4954
-9211
5179
-4302
9041
-2448
5928
-5788
6175
9760
-4404
-7965
-4
4910
-6926
-36
-3148
1711
7211
17
-9174
-4438
-8519
-7432
6161
-1084
7354
-228
-5333
-4713
-3185
1953
-2245
-3103
-3928
-7738
5833
-3175
4143
-3965
8977
-7716
6797
5298
4872
421
572
490
-2003
-6532
5451
-8251
3400
-6107
5511
3460
6754
6361
-8468
-215
-4000
1970
-1016
-7711
221
6463
6888
-7035
-7838
9783
-2270
-8875
6917
-3989
-3650
-571
-9252
6260
6433
9268
3996
5964
5975
4919
-4846
472
-8004
-3147
-99
-6973
4776
-9109
-8538
-2650
-6219
5040
-1602
1122
-8914
-2318
-3982
400
-5867
6719
-5363
6416
-2511
9824
-5077
-5121
-1933
-5984
-6123
-8892
8291
-1526
-6755
5320
5388
7248
600
-5147
6752
-9016
-2445
-3913
745
-2863
-5613
-3344
5358
723
-5811
-9176
-4130
3364
62
1681
2459
8135
7529
808
7142
1424
2283
-2425
-5116
1378
9628
-8104
-1942
-6055
-1531
6628
9834
5955
-7528
-4918
6553
3912
-5008
4299
-4356
-4917
550
3393
-657
5449
-1619
9968
-1103
-8737
8235
-5963
-3600
-3960
4148
-8965
-3028
8003
-252
-2068
3115
691
-9735
-7612
-3368
-5216
-4245
-2142
-2759
-2534
-3735
-3720
8844
5246
-143
4673
-2820
8946
2124
-2670
5670
3530
7748
7081
98
8045
-7262
5986
2289
2033
-5880
1769
-2814
-9374
8328
-1015
5888
-1278
-5793
3555
-6916
-2325
8562
8474
-7822
-2224
-5725
619
-8678
-4511
8912
-4645
-6482
-2611
2856
-3928
-2221
-9758
-53
-7199
-9530
5424
6269
-5486
-2556
7659
1382
-6729
-3914
7215
-5591
-6447
-3113
4958
5823
5399
-3517
-5083
6479
-9884
-3075
29
7181
6734
-9443
-5395
-3732
-4457
3541
3948
-991
-7396
1535
-9532
-906
-5941
-6811
7730
-8601
6097
1068
746
7036
4593
1277
5816
-8285
4209
-2031
7873
2794
-1297
-4871
-6008
-7722
-5776
-7288
-1204
-829
3449
-5955
-9554
-6759
3831
-848
-1327
-8889
3032
856
-3494
-6370
-196
-3913
2999
8589
-9786
5891
3772
-8236
-6259
-5134
9448
3591
-2032
-3359
7430
2305
-8826
9825
-4368
7522
1906
-7969
7821
-217
-7019
6990
-9957
-4283
5086
2514
616
3649
4540
6796
8186
463
-3883
7901
-9745
-1179
7023
-2887
-9986
-6022
-5813
7018
1148
2689
4497
5758
731
4828
8039
5038
-5011
6655
-6597
9035
-8122
-8733
6880
9671
-7521
-8797
-9355
-9571
-425
-9162
-5216
-2849
-8172
8041
5306
5402
5543
1624
4516
872
-7474
-9751
-776
6994
-2893
-6874
2298
-6017
-2415
-5995
-2675
-771
-9194
-1355
-1598
8811
-7548
-4457
-2837
1824
-9646
-2441
4845
8284
2896
-9259
-6316
8810
7080
3924
2432
-4114
-3393
719
-2627
3344
9370
-2253
8913
-8347
1054
6781
-7729
-3049
-6737
2480
8040
-5999
9978
-5005
1953
6088
2991
2885
-3009
2761
1926
3166
6463
827
4291
9731
3298
-463
2771
-4251
-7130
4463
182
-5129
976
9173
-1705
-2998
-1852
-2643
-8906
7015
-5769
2989
-3482
1513
-1252
5290
-7182
-5228
-8069
-1063
7739
-5866
2240
-7901
8445
8408
-2449
-9916
-7792
-6752
4437
1152
9001
7335
1177
-7613
4512
-2414
6706
3795
-7923
-2481
-846
7797
4908
-1458
-544
-6440
-8129
5433
1252
-2559
-685
5842
8731
8980
-1350
871
-6934
-675
3543
-2668
-4530
-6568
-3399
-5834
1906
803
2974
-7065
-101
-6691
9913
-7301
-1123
1371
-6929
-8714
5297
2567
2362
-1816
3966
7317
2960
8006
-6221
5028
-7074
7013
-2281
-4851
8462
7957
4599
-244
4713
-679
-6306
3624
-5675
-6209
-9244
-1184
6558
-8288
6621
-4781
3347
-8907
-7758
2700
-2168
4403
4077
169
-6183
-7546
9645
3846
-8274
-3130
4090
-6837
-8167
-9961
5106
-5265
-452
-445
-3454
-1529
5992
7212
4784
7887
-7871
3121
-7659
7571
9821
-9633
3400
9210
-4437
1489
7605
5200
1200
2949
8877
271
748
7356
-7657
4329
1819
-6674
324
4501
5048
-1208
-7551
8947
-7684
-5789
-3291
1981
-956
8450
-9975
2509
-7919
-4632
1239
-1467
-3192
8083
4155
-7873
-2663
3577
-4521
3857
669
6269
-2861
9916
-6439
6222
2609
5042
9056
-2019
-2881
6657
-5228
6297
-1307
6752
909
4040
-4098
-3883
-4782
4004
-9597
9569
-9021
4079
643
4041
762
-8587
-3409
4354
-7226
-5315
-1743
-3753
4727
4011
-6307
-1830
-776
-8555
1984
-2395
5749
608
-3531
-4501
7518
-2506
8822
-1119
-5500
-3898
-1520
7970
9409
9657
6991
-7133
-5836
-3060
9464
-652
5833
-7025
-4874
-1616
-905
7384
6731
1409
-6269
-1275
-952
-6958
-7709
-756
-8327
9235
2844
-8511
-7497
8867
-2900
3140
-1695
-1091
-7740
-1853
-9787
4641
9485
1459
-1865
-3139
2540
-313
6948
1848
256
2667
-1087
-2724
1607
-9792
-4004
4701
-7424
-3501
-4396
-8342
4428
-4996
-59
2927
4846
8688
-8133
1092
3121
6180
-8600
-5322
3945
-3297
7152
-5552
-5391
-422
2145
4230
6036
5046
-5183
2013
-2009
954
1471
4346
5075
6504
140
4390
-3184
9083
1570
-4966
3213
-6144
-4254
9261
397
6701
5692
-2025
1419
-9374
-7705
-4863
-9986
9915
-4720
7532
-6953
7151
5743
6426
3463
-5336
-6698
2429
-514
-4865
5603
-6534
8174
19
-2764
-72
398
4134
-2790
3339
26
-9772
-378
5976
1112
-943
-2593
5413
-7467
-2178
2358
6751
1966
8872
-1967
-2074
9259
6781
-3100
-7175
4005
-2133
3774
3385
-2711
7191
-2434
7549
1684
-5801
-6266
7954
7710
-9267
-3032
332
-6541
7040
4574
2606
-6436
3064
-3690
7442
221
-5834
8297
5621
2903
-9554
-9747
2082
5325
-9054
-7424
6073
100
7260
-3675
-8164
-2460
1287
-597
4022
-8357
7051
7400
7497
8737
5219
3238
-2830
-3882
-6244
4500
6682
5415
9357
-8835
-6084
-3921
-2066
-8203
-4306
8602
-554
-5041
6446
-539
-8747
4875
1258
-5695
7338
-6899
-9300
4631
-9182
7274
-2272
9253
-434
3484
708
-5274
7519
-6284
1259
-3024
993
8526
-851
7511
-7759
5824
5231
-6321
-8772
2157
-758
-306
-106
-490
-7237
-5040
6324
4400
-9658
6708
4390
-431
1160
8836
1556
-6333
-2056
5778
7316
-6469
4792
8669
9670
4131
158
-2861
5100
3475
-9255
-1295
9801
-9793
4355
869
9940
-3702
2050
-1164
7385
8408
9242
-8136
7052
-6719
4755
-5983
4395
-6719
-4606
-6243
-4432
3500
1014
-8910
15
-449
-9887
711
-398
4913
-1502
-1885
-1521
6377
-4821
1517
-1246
2441
-972
-8590
8684
7624
-7685
549
-3128
1950
-2859
5345
-3834
6392
6678
2378
-9882
-4917
-4839
-1326
8274
-8155
-6900
4855
-4392
-6561
1244
9769
3331
6958
1816
2826
-3755
-1191
-9468
-8722
1667
-1019
6269
-63
2477
3404
5283
7560
7960
1261
1832
-7425
-6934
-4356
8820
-4254
-4894
9082
5747
-4729
-9167
-3809
-2501
-7063
249
-7724
-1763
8575
-3072
6269
-8121
-1973
7792
4243
372
6447
3183
-8528
4561
7193
6358
1476
-4979
1855
8753
-7420
1948
5317
-1998
9314
-9240
-132
6354
7863
-2987
-6460
-4604
3997
-8402
6546
4759
6714
-5263
-819
-3383
-7114
2996
3186
-4349
-275
-1325
-2728
4405
-2272
1784
-562
9070
8582
7397
-1312
-2153
6464
-4480
-2152
-3027
-1013
-2085
3905
4250
1422
928
9318
3503
-8334
-1578
-3847
7168
-6127
4818
-3984
-2308
4488
7676
-5142
-4825
2182
-8963
6416
-2890
-6489
7202
-1258
-3962
6970
-8240
1856
2361
-7235
4676
2465
9422
-5334
-9339
1951
9052
7339
-4375
2099
-7318
-214
-2208
-8052
-1266
-9181
9473
5683
5729
-5830
-6224
-887
-5508
3625
5032
4044
-6959
4274
-3478
664
4807
-4333
-7806
-6485
851
-1417
-4557
-5407
-7312
7273
-9249
-6754
2972
5379
788
-9494
3918
-9532
-5258
-5674
-8361
3200
-9691
-6307
-2156
-686
-6901
6629
-2483
9485
-5660
-1435
2477
-1808
-5654
-9568
-3457
5463
-228
-7216
2657
-2226
-149
-7874
2984
-8799
-8063
-2450
4592
-4498
6382
1623
6621
-7652
8656
-6033
8147
8421
7934
3302
-1362
-113
-4847
-8471
5375
9528
-1200
4487
-3516
-1521
-3914
5520
323
1888
5058
-4775
-7358
-2009
3995
-4293
4454
-1498
1438
-1700
-5497
-1167
8774
-6715
-7124
-8409
7926
7922
9096
1851
8037
-6967
-3888
6032
2503
-6526
-6409
-8925
6868
-1819
-5367
1570
-5736
-3824
-2656
-6565
8183
-8265
1158
-6161
-7974
550
-9112
645
-9351
-5917
4531
-8550
-9337
846
3887
4310
-9323
-5366
-8492
763
-2908
4981
1484
-73
-213
-5837
7527
-7016
4352
-4855
-3787
-6657
-9785
2373
1668
109
5205
5499
-5674
-7078
-9889
5163
3037
3812
-6204
6526
-4682
-2556
9107
-5554
-1952
-323
507
5029
-841
7502
3085
6910
3186
-7289
2383
-1656
885
9656
-7072
6185
-5037
-3644
7268
-9761
5411
1332
5675
2050
7102
3657
-638
-2427
-1613
-8887
9685
5915
-4537
7931
9343
1206
-3732
1709
-7760
9578
8093
2482
-2375
3728
-7821
2058
-5257
-6105
-8793
1209
8730
7349
-6363
-199
-1359
8844
7689
7595
-7436
1319
1304
-6903
6734
5299
1470
4599
6597
363
2463
5272
-1242
2523
5884
-451
-6574
-5050
-5531
-3592
9311
4707
-9035
9583
8332
1986
-4306
-309
582
6669
6930
-5232
4016
-3511
4763
5191
4178
-548
984
343
-8096
8104
-4412
-6989
-699
3829
8548
-5619
-6547
5262
-8419
-2393
2764
3009
-4528
-7830
-370
-9014
5299
-5712
8540
3625
2542
4347
4551
-5617
8110
6281
-7019
-7688
9193
1599
-7419
-9998
-6065
8034
-5888
6717
-3127
1540
9662
-6806
-3120
-5189
-7854
-6363
3309
7086
-8940
1775
-247
7561
2345
5924
-304
-6895
-5552
860
7782
6225
-8501
-4531
6406
1361
9992
141
3699
-7000
-5044
3637
-4515
5064
-6309
4545
1107
1080
-314
8596
6239
1600
-2351
5880
9090
-7427
7615
3235
-6196
9716
7101
4725
6424
2947
1769
8126
-7838
147
3069
4092
-442
7594
-8453
-2750
-8394
9597
8214
2613
1688
3490
954
-4144
4282
483
4442
6951
83
5231
-9932
-6552
2519
1834
-7485
-259
-9386
8453
-7647
1262
7601
6248
-2025
9220
-1318
4844
1826
-3672
-664
8165
-157
8266
-1004
9564
6980
-2146
1715
8219
-3838
8672
8239
386
-6245
-5768
-9468
5303
9718
-5319
-9899
57
-6647
5795
616
-6539
-1430
7656
581
7985
8150
3948
486
-8186
2936
-4443
4891
-4884
-3273
-4286
9597
-2291
9406
-8088
8428
-2245
5065
5080
-3704
-2915
4521
-2868
-8824
-6876
-9196
-9792
6555
5405
-2260
-8115
9433
8063
-918
8720
-7420
-477
-2361
-2710
-5440
-6316
1639
1280
-5363
124
2018
-8381
7837
-642
6064
5194
7894
-9662
-9199
-3717
-1147
-982
4182
552
-995
-8220
-3441
8662
7787
-6856
4402
-7911
9879
-4351
740
9532
-9223
9400
2312
9469
-7179
3148
-415
6612
-427
-6866
-2618
9043
-2814
489
7937
-7959
9407
-2609
-2237
4385
3426
4046
4456
9064
7215
-5631
-638
-6868
9810
-1661
5221
-4609
4025
-6786
-8050
5723
2092
8481
2641
1951
-8694
-8399
-7811
6936
4993
7926
-3634
-7685
2794
854
7791
2478
2622
-2497
7210
-3130
-2375
-5314
-3378
2123
-9590
1005
8956
5848
6931
2408
4526
-6209
8836
-2272
3811
4074
8878
-8599
3243
5147
4422
-8178
-5300
3924
3545
8581
3631
-6349
8710
-7204
-2294
2261
8125
9010
7563
-2852
4242
-637
-4099
-5685
-8131
9147
-6630
5774
2609
3084
270
6742
-1129
-1285
-605
5410
-986
9492
494
-4679
6945
6878
-4458
-7212
8814
9352
9116
-9927
8302
-7645
-5205
-3359
3326
5994
4414
1083
4617
-4165
7304
5322
-4504
-2775
-5884
9769
9655
4619
-6727
-8625
788
-5684
1641
-7186
-777
-5083
5495
-5323
4425
8
3539
-1099
-2590
8563
3236
-4896
-8637
5060
-8176
4205
-564
-6036
9771
408
636
700
-871
-505
9507
-4516
-7102
-3672
4869
8251
-5071
1430
8429
4864
1096
-1670
6379
6623
1316
2061
-500
3495
-6807
-5381
5204
-5448
9802
3908
8315
8145
2935
3709
4449
-408
-4541
5555
1583
4147
-10000
8559
-3156
-7229
-4518
6581
7576
5265
-9347
-8281
7144
-8527
5667
-2490
4575
5858
1198
5080
-3674
5031
8542
9669
-2840
-1904
5600
6203
7212
-3087
-7564
-462
6639
1652
6873
-7286
7517
9131
4055
-1520
1036
4253
-536
-1248
-458
578
-8221
8804
-6063
7210
967
218
-7508
-5033
6465
-2573
-2072
3915
-3910
9336
-4560
3323
1089
-1017
2743
-8477
-7504
-9444
9581
-1196
8860
4651
-7491
-216
1982
3017
5606
4566
2042
-1462
-8588
-4991
-7895
452
3066
-8245
-4089
-5261
-8657
7559
7194
-9610
-4670
-7349
2205
-1321
-9030
-4444
4617
-2296
-209
-4988
-7329
8841
1535
-1386
4116
-2586
-2706
4178
3961
3772
-6499
-692
1766
-6564
8037
7431
8931
-3928
-3504
-7801
531
2779
-107
-7036
9501
3654
-9330
-8806
2872
-9260
-4233
1725
-5678
1678
5222
2442
-9411
-3909
-5375
-1159
6934
-8641
8928
5455
-9708
-5883
-9184
80
-8214
-1129
9153
-4111
5817
-8694
7965
-6614
-6379
-3113
2598
-1334
2321
8387
3834
-7066
-9911
-4160
-411
4554
7853
-564
-9868
-7408
3461
-5001
4401
7341
-4666
2499
3808
9928
-7761
580
5173
-9593
-9632
-1178
687
-2590
-3912
6702
-139
-5832
-3608
4953
-2164
2912
2170
5792
4114
8088
-7944
5021
7226
-6119
-7014
6919
-5628
-7540
-1936
4569
-2248
4789
4743
5618
-7361
-9234
796
5973
6078
1007
-8869
1712
6608
-5304
9170
-391
7103
-3247
-265
6517
-4929
7769
5394
-2862
-6073
-7142
-9944
3988
-8531
3726
8006
-7315
5596
5723
-8058
-1403
-5483
4489
-6815
-1318
-673
-8171
-4303
-7264
4652
-2018
-8318
-3831
2698
-4324
7220
4096
5730
3952
8207
5808
-2320
1591
6052
-6143
2816
280
764
5602
-7967
7325
2304
9506
-1751
-3042
-4668
-3976
2117
-6920
1936
-6909
-6757
1373
7532
4108
-5314
-8475
-2233
-7416
9805
-1629
8772
857
-6104
818
-1118
2835
-7568
-8338
8839
-8516
-2437
-8929
-4984
6893
1296
5583
-7817
9493
-7867
-9507
6922
-4963
-5102
8522
772
1030
9457
-5711
4834
-8210
-811
9492
6948
-6414
8164
-1295
7189
7437
-8589
5299
-8999
1503
924
-8475
-877
-6167
-9090
-9823
-4080
8052
786
-3449
4851
2705
-9147
7721
-8770
1787
-9226
3395
-2791
-1351
-6130
7816
6339
-1089
3127
8951
-2062
4020
-5957
1964
-1720
8303
5114
-4525
-76
-6214
-3801
4728
-2526
3769
-8064
-2182
9184
3076
4328
-1826
1134
7279
-4542
-2561
4898
3147
-4692
-9342
-3211
-187
-6378
9960
3917
2092
5501
4669
9319
-8720
9
-530
-3904
-6170
-5569
-1800
-2719
3112
7076
6938
-9915
4249
2479
2252
9321
-7386
-7192
4041
8399
-4056
-7997
-4888
-5554
6598
-812
-2167
3801
-648
-6418
-6486
-6582
1446
8572
-3367
9355
6830
570
-6908
993
4357
-4847
-7924
7094
-8107
4397
408
-8799
-6940
7709
-4570
-3020
6101
8391
-3972
-7838
2248
-6107
541
-565
5820
-8000
6807
1061
-1611
4135
3641
1321
-1832
-3540
3841
-9097
-4748
-5733
5747
4518
9211
7800
-6170
8076
-6867
-8876
-8551
-4122
-9515
6187
-5245
-7130
4333
830
9448
4598
-8419
4104
-9977
-5171
-351
2335
6160
2925
2472
-408
-3245
7733
9368
-7401
-1740
7466
-6673
7170
2458
9629
-3003
8865
6406
9785
7757
-251
-5215
-8468
-3334
2162
-9745
2064
-3681
-3622
-33
-6668
9486
-1545
-2844
75
6657
4356
-3042
4497
-6217
-4328
-5807
-6698
727
5185
5336
5640
3888
8569
5234
9729
9569
-8824
-2662
-8982
8468
-2635
9524
-6102
-8475
1418
-6749
2704
-9120
-445
-4584
-2727
-2552
-8206
-8539
-9282
-8332
2035
6320
93
1685
999
-5565
-5470
2962
-9521
-3808
-111
-5548
-441
81
-877
-2274
9852
9565
-1829
4499
8812
9975
4756
7867
-3400
593
-6039
-4671
-4376
-4402
-7632
-3660
-7429
-2156
8724
237
2761
0
-2403
-1296
3736
-3468
-3010
-8245
6199
-4213
-2117
-8741
7195
9966
917
4206
-7085
-7457
-3532
-1596
-5110
-2350
-6705
-8914
2168
-8069
9467
-1671
9861
9506
5646
-508
-8420
7475
2671
-2484
-4601
9170
-1444
-8215
6797
1548
-6090
3441
-8508
8297
-2099
-7558
8405
-7490
-8572
-7843
8139
1343
3649
5142
-4393
7121
2099
-7032
4132
-6883
-8128
-7651
5938
-6752
-1014
1227
3345
8799
2110
-3054
-5925
-6792
4665
-6494
-9234
9364
-8234
-4902
-6332
-2023
-1864
-8597
3697
4700
3473
-3237
8089
-621
3149
-763
1836
-4631
-9026
6877
-5953
1034
-5820
3665
-9048
8062
9465
-8084
-5322
-2221
2230
-9420
7658
4434
-6426
-8557
3862
1716
7557
4274
-1424
5774
-4748
-3935
-4846
-8825
-2308
-9932
-942
2794
8731
-8568
-647
6262
-2896
3203
1891
-1421
9248
-3560
-5262
0
-1693
6346
-1778
-6392
3246
-5560
4381
-8269
-8003
2871
-2437
-9032
-4483
7789
6966
-9233
1811
8377
-9751
4036
4365
-5439
-9677
-791
-2781
7427
467
2979
4648
957
5123
-9340
6835
967
846
3705
-59
5438
5070
665
-1226
-868
-6906
-4994
1249
-509
1081
4400
-8280
7257
5446
7996
6373
-2644
-2015
-2108
4399
1078
-4274
-1871
2789
-6116
-2884
1763
9594
-5231
2428
-1783
7677
1656
-1635
1291
611
-1594
-1978
996
3284
5286
-6961
2734
-5937
-330
6460
4694
-3814
-4946
-6026
-3794
-3734
705
-1720
3969
-5013
-2852
6963
-319
-5972
4107
239
6556
-7349
3579
62
-8211
-8232
-2054
-3378
6191
-375
-7750
4716
-3828
-4294
-4171
4255
-7180
9118
-1493
3752
1801
4038
7046
2772
-1993
-1363
9854
7195
5409
-7842
-9703
4664
7126
1346
4202
-9627
7107
-2742
-7718
6611
-1086
3189
-5052
1443
-4624
-3522
-2630
-1052
8380
3270
-2522
-6967
9082
-3143
-1269
-4218
-2696
7967
5481
8583
-152
6306
3551
-2483
-8548
-4265
5482
-7930
5520
2251
-5652
-4248
6465
-7029
-1848
-5815
-4868
-5904
2858
990
-3759
1957
9348
207
7493
4630
7346
-6989
7879
4791
4639
7117
1722
-5842
5504
-4990
-6799
9278
-5249
-11
8570
-8943
1714
4065
-3919
-9407
-3255
-461
-5643
4867
-6265
-5022
8183
9616
5992
-5204
-498
-7951
-2527
5550
3496
-5529
-2300
3359
8763
-6795
-5950
8041
-9158
-9046
2923
1958
-3805
-2770
5874
-3021
-2187
-5143
-1588
-7917
-4194
-3541
663
4643
5875
1243
-2986
-3627
-711
-6977
-8390
843
-2721
1764
-771
-334
-1297
1003
-6072
3513
-1158
8208
-2731
7692
6192
-2408
4750
-6863
9521
-3849
-140
1854
157
-1668
1244
469
-4377
-5639
-5324
8702
2889
-9262
3843
-9025
-943
-4351
3342
2362
2713
-8828
-4842
-2461
-75
-5596
5023
-3843
1573
-7902
5548
6800
137
-5600
-1466
-5016
-2092
586
3548
-2451
-998
-9121
-8349
1499
931
-5504
-5250
1054
5537
-7853
5338
1899
4062
-5740
4528
7805
9263
7769
6030
7371
-6939
7617
1775
3139
-4958
-8680
-5787
-411
-7992
-5879
-6151
8894
4429
7009
-3158
2016
1067
9596
-1423
3162
1748
9774
7909
7033
9218
5296
8442
-7589
5388
-8668
-7291
-9077
565
2023
602
830
1599
8115
9750
-3415
189
8270
6393
8861
7206
7538
-5173
-3872
-1724
-1670
4479
1225
-6580
-4315
-6380
-4904
-6775
1610
1656
-1200
2097
697
8104
7857
-4807
-502
6163
-8938
-3324
-6172
7229
2920
727
-8373
-4386
-9731
-9368
4519
7146
8177
9588
-2194
2732
3327
5103
-4595
-7093
-3588
-5994
5592
7375
-6352
-351
-9077
316
9393
-7179
-8324
-6819
3966
3510
9952
-516
5398
-5735
1174
-4082
2579
8279
4084
748
8678
7485
-2068
5019
1295
-8768
-8518
3757
1976
8111
3117
1345
-2576
-8319
9487
2309
5375
-6131
-1069
-3332
6059
-2152
410
2586
-506
5416
1890
139
5521
1815
-4340
1908
-6638
-2268
-3768
9682
5037
1860
7359
-4033
-3774
-4618
-9443
-9037
-93
-6829
4697
-8250
4015
5444
1282
4531
-5968
-2098
6728
-9031
-6642
5832
7491
-1605
3790
-5427
2148
6503
-726
6829
5527
-9900
-6802
3230
2193
3556
-6932
3312
4764
-5143
-6915
9533
-5220
3524
-5803
2399
9437
-2808
8737
-9124
-5893
4349
-6848
-8227
-8466
-9919
-4581
9852
-5616
-9783
-6045
-9765
9388
-8315
-3323
2066
5348
7169
-2996
-3328
7039
2759
-397
-4061
8653
9442
837
1698
-3719
-4354
5523
-5753
9994
-9877
-1007
-7926
3285
9089
-6066
4841
-4509
-4899
-81
8468
-5893
1193
4135
-700
-3701
8153
-5196
4939
-744
1393
-6952
8583
3840
7109
-8141
-4303
-568
3705
8410
-6382
-6585
-4345
-3050
-332
6798
-7010
-1349
-7082
-3054
3367
-2365
1946
-8040
4515
3751
-3431
6235
3697
-2311
7830
6557
-6516
-6079
4431
-5688
8688
-8942
-8561
-4800
7869
6024
-6559
7879
-3948
-7679
-832
-8084
1790
2517
-5591
8049
-8820
147
6674
2999
-4967
-5607
-7852
-6008
6348
-2289
387
8673
-6534
-2687
1950
762
9640
9752
-7486
-9101
2190
2323
9849
-483
-6281
2759
3279
1187
-2876
-4720
8293
-8301
2384
-973
-9569
4364
6798
9394
9657
7333
-2833
-7126
1590
-3944
3744
3565
-6024
3626
-2511
-6505
5164
8439
5360
5423
1756
4190
-4845
-5572
5288
-9273
1844
7841
-209
-4531
-1418
3606
2375
3532
-1722
4197
7148
455
1630
926
-1003
-1962
2243
9815
-3838
9483
2317
-5244
3185
6399
-2617
271
7728
-34
8588
1652
-6803
-564
3698
1115
3370
8850
99
9906
1516
-6199
2821
-3257
4370
2242
-6372
1887
-8638
-305
-4219
8054
2015
82
3
-1101
4503
6080
-9769
-441
-4295
-7919
8040
7842
-5596
-2170
-4254
-4046
3386
1335
-9414
-6342
-6925
-2759
-1393
4299
-9586
-4663
-8723
5729
7298
-9384
