10000
-1247
4839
-8688
6851
7145
-2373
1843
-1924
-5998
-4236
3938
556
-3343
-6880
-873
-7577
-6347
-2427
7558
-4566
1392
7786
5785
9900
289
9238
-9562
-9324
-4646
-9648
-151
-9852
-5869
-2011
7971
2707
1450
392
-7985
-2471
-7372
9652
5693
8451
6981
-6483
8429
3654
6488
4645
-6327
5424
5339
506
3039
8634
-8421
-4356
4826
4697
4679
2413
-8388
-9100
5507
2721
-6598
-4560
4012
4900
2740
7079
-3806
-4901
-817
4664
-7145
-8318
-8559
-6153
-1453
-5547
-1191
-3675
-4062
-7542
-8680
-5446
-7014
-2628
1904
-9089
-1108
-5118
-5497
-7464
1222
-2338
8711
3134
3587
5298
4054
9291
2416
9676
-1907
-7921
-2692
-5086
-7496
-7009
-5861
7640
553
1165
4951
703
2873
4210
2516
-8137
6331
8936
-1955
2165
-3426
-5451
-9488
-6144
-5056
8897
-125
7029
2346
5544
9170
-1589
3596
-5653
3751
-7759
-4651
-7263
9604
3155
-978
-1141
-6641
5371
-6380
1894
7450
2036
-5135
7801
-1393
9833
-9770
5133
-8843
4492
-9193
-5604
-7871
-6285
-4765
-6365
4283
-5155
-450
1073
8108
7283
-4195
-9022
4065
-5751
8445
-7387
95
-6301
-160
-8
2307
-9420
8645
8309
-5708
-1342
4547
4486
6152
-1018
6465
7637
9071
-7153
-7147
-4482
1632
2150
-4360
933
9279
-7444
5475
2020
1063
7167
-2392
-6403
8537
-8229
8622
-6770
3873
1470
682
4130
9922
4516
-4169
8260
3806
7121
499
8814
-9117
-1907
-9003
9855
-299
5065
7310
6315
20
-7808
-6245
-5683
-1014
9752
-2908
2424
-493
-3384
9236
-5973
-3895
1427
-3402
-9022
1067
-2253
-9048
2185
3210
7729
3871
6636
5200
1233
-5545
5641
6445
-3638
7284
-4921
5343
-8366
698
-800
-7619
8281
-6523
6842
-1632
1548
-7130
-141
-6001
-9510
-7813
-3718
6725
2163
5386
7803
6785
3596
-5639
-3630
-8470
8126
-6035
4161
8509
-337
-706
-5348
6741
-4120
4691
-9182
5845
-7547
-5889
-4538
6868
1868
5975
7147
6374
8885
718
2350
-6813
-2968
-4208
-4419
-9097
-861
-3881
6598
6982
-8518
2413
9450
-551
3129
-7553
-7696
1224
-5562
8282
8021
7718
-9759
486
2177
-92
8269
-8005
-6378
8579
-7000
-2941
-9854
-3526
-6698
-5394
1971
-1825
860
-4788
5802
9462
-6936
-9813
-2104
-7692
-1426
-5715
6117
7950
2254
-6844
-7137
3651
5617
-7699
-7857
-3774
4369
-9657
-5608
-486
9432
-6706
-3559
1372
3745
2809
8450
-6770
2139
-5236
3203
-3217
2828
-9414
7295
9315
-8558
-4710
7423
-4806
5605
4453
9284
-831
4248
9194
7508
1188
8190
-3538
1078
-7778
7305
5763
6168
4447
1805
-828
-2931
7448
1763
4330
-8811
-4058
-7094
6286
6804
-295
7144
6684
-5116
-6976
3823
-1424
-1722
3859
-5222
6799
-3532
7261
3286
4677
5586
-252
-9570
9942
1795
6485
-98
515
4472
-9167
-9415
-3844
-5309
-2642
-9722
-5092
-822
5483
-4427
4133
-1738
8213
1520
-8711
4331
-2737
-7332
-9518
7602
1057
-6177
-6241
-9518
3615
7739
6747
-8450
-9324
5496
3851
-2168
1900
-8223
-812
-6894
4827
2532
-713
-5275
-2931
6429
4874
-8037
-6101
3820
5781
3734
-3610
8674
-2139
244
-6524
7419
-2704
474
-6076
-9147
2086
3725
-8017
-7040
8592
191
1053
157
-7193
-1658
8545
-8632
-3148
8489
7955
6370
5216
148
3256
-6841
-6409
4044
6831
-1873
6429
124
-5350
-5232
9485
-6804
6663
9920
-2038
-3821
8731
5912
9828
-5917
7514
532
5610
3395
1141
1079
-2650
91
-9936
-3829
4153
6088
3438
-3738
1043
-8913
-8164
9320
9839
-5298
2936
-4863
8297
-3474
-7364
-3409
5757
4757
7146
8197
9789
3608
8789
1576
-2577
3533
-3223
9235
-7615
318
6233
7802
-3446
2266
-2813
-1909
4894
5093
-2430
3632
1165
-8112
464
-5007
6904
-7517
-5578
-265
7537
-7817
8113
-7509
9423
-1568
866
-4099
8267
2599
2323
6945
-3046
-4906
-127
-9421
-378
2829
-4470
-2949
-6517
850
2005
2060
-2452
-3324
6392
-3834
-2929
-1392
-8567
-7941
-7748
-356
-4059
1199
45
3553
-4329
-4328
5138
6391
-8282
-9627
-4508
-7576
-1891
-4517
-1885
-6842
24
-7557
9807
-8424
-5560
-3809
863
5775
-3293
6307
6210
-5960
-5237
-8768
-1936
2506
-8775
3219
2411
9214
-4538
7229
-745
4799
-2314
1827
-9132
-2345
-6143
-7818
948
7305
3391
2349
-1667
-5187
5840
5582
8956
-1739
5381
-4885
-2780
8607
-9874
-6327
9698
-2365
2081
-4292
3966
-836
3683
1135
6672
1027
-7817
7648
-7524
-985
5024
5991
7500
-6631
-9483
-2570
4553
-8668
8160
6876
6422
4218
8434
7460
-3287
-5271
1543
1083
-5498
-3124
-2415
-177
-3783
958
868
3122
-9712
521
-4867
126
3507
8764
-7344
5778
-5631
3228
3372
3259
7464
2289
-8339
-1618
-4863
-6943
-3362
7793
9541
-3078
1225
6937
4592
8361
5117
-5714
6769
3784
7931
459
8746
3315
-2691
-3774
-3509
-1861
9026
-6435
-2651
2772
-998
446
-6163
6697
3915
-7257
688
3472
3838
-2314
-5587
-3177
9385
-2520
-9708
5853
-4678
4703
-4999
1854
1820
9214
-7724
1510
2441
3985
-8328
-4665
9965
-7639
-8018
-666
-8558
-4923
-1875
6319
-5907
-9396
2072
-8695
-7035
4791
-3115
4867
-1637
5388
5189
-1362
1914
-9308
7941
-91
9373
-1298
9056
-1594
-5705
-3347
-7281
-8252
2659
-6052
7438
9622
-7896
-7534
-8549
7111
840
-6815
2958
4336
-9498
-616
-9520
323
-9678
5352
-6567
-6914
-5485
7011
-7510
2399
8239
-4928
-7005
-7241
-550
3579
-3805
311
-424
-646
986
2951
-9423
8395
5292
9974
3536
-9559
-4860
6059
5815
-1315
850
8794
6563
-5088
8515
-8878
-6376
9662
2299
-7789
-6935
9367
-8782
-836
4102
-224
-3512
-5085
-1310
2918
2022
-5826
-2593
-5390
-6573
5342
6201
-4568
-81
-9988
-6484
6186
-5713
-980
3106
9913
-1930
-6931
-6787
-5765
4781
9282
7101
-808
2015
6395
6575
6686
2739
-7252
2515
5
-3322
-9985
-9048
-1715
3044
-2906
-2378
-3965
5443
-4312
695
9443
7517
6205
8834
7223
-9016
-715
-7370
-6179
4531
6066
4480
-3258
1567
-6378
-8983
-6469
-1481
-7690
-64
1946
-1650
5102
-4609
-2625
7764
-9841
-8709
-7138
-7212
531
-6451
5708
-3571
9233
-8327
-3587
8747
-5716
1656
-9081
4993
-4282
-314
6790
-7930
4594
2473
4441
7977
-9306
1308
-3606
-1071
-1297
-6376
-4533
-4778
9471
-9250
-7236
-9290
-4607
-7485
-4791
2325
-9235
-5384
7887
4532
-3049
9461
-2017
-7924
-6654
9570
-3557
5927
-5710
1122
6046
-6084
1951
9052
-1447
2181
-4251
9575
-1929
-3298
6136
-7151
-4159
-6275
-2155
-4148
-5154
872
-5132
1685
-2734
-9833
4186
-7997
8424
3303
4587
7977
9450
9464
-8356
-5624
6381
5860
-1499
-5644
9706
-3939
6677
-160
966
-6911
353
-7224
6963
-7492
7061
924
-2225
-6021
-7061
4548
682
5416
2392
7093
-3866
2439
1827
-8850
4983
4588
9330
8143
6953
-3466
6205
5591
-6207
3532
611
7575
9180
-9965
9915
-167
-845
5737
2083
-6201
-2944
9793
7156
-935
-8134
-3077
-297
-1153
3708
-225
4112
2918
-8091
-970
2329
4875
-2920
1029
2474
-9734
-2237
1383
-9805
7489
-1028
518
2508
5782
-7672
4374
-7388
-1567
-1163
7502
-8587
4391
-793
-540
6041
2389
4720
-7645
6454
-3803
-3400
-5460
-8204
8336
1373
-1146
6416
4912
9843
4963
6121
9425
-9684
7441
4663
7603
-3437
6329
-3301
-3938
-2285
2967
-3054
-2589
948
-5865
8515
-5589
-3675
-2840
120
8863
-6475
3648
8521
2195
-6981
556
2707
-3249
-9226
7954
-9528
3995
2511
6309
-96
-826
-69
-7260
-3506
-1485
-1892
4559
-9971
4321
7654
-9209
-7239
342
-6657
7874
-3078
3111
7488
-4665
-3718
4518
7640
876
-6024
-1175
-9744
-4503
-1995
-493
2057
8088
-84
6529
-1023
9228
-4513
-8013
-2315
-4629
1676
-8940
-832
-3702
-7682
9128
5378
963
832
-814
-4868
-8971
9388
-7553
4695
9177
-382
-6862
1636
-4004
5428
4589
-930
-8931
8542
-4424
1036
-4059
6387
18
9634
94
210
-5327
1543
-142
7735
-4425
-6478
5345
-5586
1779
3501
-3202
931
-879
5820
-889
3125
-5441
-5225
735
8489
9405
8786
5737
4218
-5663
-5378
-6493
-3027
4228
5096
3805
8675
-4724
-3297
-4844
9928
-7818
8339
5008
-7287
6207
7737
4118
3459
2672
715
6507
5845
-9852
-5684
-3226
3415
-9320
-2039
8655
-4636
2222
9883
-7622
6579
-2915
-1911
-2821
-9468
-9288
-2517
-2363
4213
4761
-1623
-9373
-9932
2666
-6623
6705
4015
3696
9960
8248
5607
-6411
6952
356
3587
6256
8935
3812
6785
-749
-9208
7134
-1337
1361
-213
-2740
7480
-758
6351
-5033
-3166
3092
7128
2382
-5612
2152
-2453
-6653
-2996
3974
9975
9506
9070
-8475
-5778
1839
-6863
6299
-336
5819
-2732
5957
2792
-4062
9550
-3659
-6736
7365
-9021
6549
-2384
-9121
3922
-996
-1244
-7290
-3765
-3188
5691
-6977
-1282
-4444
5723
-866
8943
3241
-2046
1945
-9627
1068
-5880
5032
-2623
6872
4896
-3972
-4980
3291
6909
-1927
-6806
-6385
5202
-5103
-694
-4157
-5839
-7170
1599
7370
5556
8859
6985
32
2042
-1185
3980
-9771
-5238
1432
6371
-5353
1363
1824
3725
-9888
2772
2335
5765
-7719
4535
5468
2575
7145
1208
5441
6638
1727
4739
2986
8659
-7720
-5285
-6583
4240
3693
-6473
506
7499
-6180
-344
2078
-8498
-6639
-555
1014
-1029
-272
-4665
-5026
828
1090
-5855
-9533
4280
3450
-90
-8477
4834
-7709
254
-4481
1068
-8760
-3724
-5409
-5095
-6177
-3305
3042
9615
-4589
2240
6496
9835
7308
819
2623
1135
-5027
-4962
-8242
2486
8042
9886
-4606
8873
-8652
-7327
-1238
-7574
-4413
-9241
-5647
8621
-2258
4609
-689
9702
-54
-4708
6092
701
2861
-7849
-7085
-2050
4958
-2833
7374
3917
-1317
-1988
-8796
-5353
-8475
8884
3531
5860
-6068
4653
1292
-183
-8237
-6560
-9038
8218
5856
-4503
-4978
6172
-3806
587
-4021
8568
1375
7888
3369
-8501
-6567
-5330
4056
-4486
-9059
6149
4338
-957
8968
-507
-9611
111
-3339
-6771
-9445
-6972
9479
-8242
-3240
-2249
-2896
-6418
7216
-3874
6748
4808
8979
5924
8669
5840
3222
1717
-2605
-2124
-8497
4793
664
-8257
7949
7646
2373
9975
-2063
3917
3365
6470
6605
63
-4652
-9547
2903
6505
8755
4372
-8919
9298
-181
-1385
6361
-2907
5562
-5
-7792
-3967
-7329
-1402
-2966
5966
-4577
-9589
-4439
7467
-7502
-6131
6101
-9821
5869
1563
4276
-7714
-9076
-4454
7330
-1517
5852
3424
4621
7578
6466
3612
5136
-6881
5452
9012
5034
6740
7538
7878
-3206
-9378
7303
5648
2682
3343
3234
-7734
-1963
-4172
8836
-2255
7397
-636
-8091
4671
-5235
5081
192
-4522
1424
2619
535
-9348
-6739
9783
8260
-7649
7160
3887
-4770
5689
1621
7308
-1244
-9169
4371
-5010
-5495
3732
899
-6460
-6372
-7157
-9420
1110
9362
6185
-5107
-7553
-7085
9145
1254
4153
-3618
-3175
547
4945
-8615
8097
-7155
3417
4921
8420
-9649
-5988
2730
975
-2102
6508
1851
-1714
5814
983
4682
-9330
5397
1816
-1337
-579
-6635
-1814
-6776
-2227
7459
-4681
-5111
2840
8614
4207
-2051
-9090
-1633
3156
277
4777
-7845
-7342
-9908
-5359
8658
4748
-8179
-2724
5215
-1519
-8735
-9731
-9380
8910
4953
61
-9830
-4547
6132
-7785
-1318
3995
9037
-99
7371
9559
7461
2489
-2496
4997
3784
-1330
7277
147
382
2076
-9762
-2573
-5135
-2686
-5196
2199
9974
-6691
1181
-4133
-9094
-497
-113
-6308
-9078
-3749
96
3143
-9409
9805
-2043
5516
-3516
-3241
1254
8592
-9467
9685
-4966
6946
-9322
-7566
4228
9157
-2307
-7197
-1719
9516
6141
-1390
1324
2149
-2656
-7147
1192
8652
4992
-9860
7050
8928
7154
-3702
3849
6226
-9105
-2437
7235
-7015
-5056
-1468
9269
-4253
742
-5353
-2314
6278
2308
-6523
9520
-75
8809
5886
-1635
2926
6173
-8139
-934
-2032
5576
9663
1066
7721
-6822
-4934
4906
-5202
4378
1897
364
4356
5198
-4259
1074
5914
6979
4560
9417
1498
8026
9579
-704
7989
-2673
-2424
515
6651
-5593
1073
-7400
-2900
-8426
-3065
-3627
-9816
-5141
-1249
3228
-3710
1336
-9625
-5707
-8300
-351
-8442
7078
-7412
-1792
3937
4977
-9020
-1581
-7943
8490
-8048
3267
4210
4372
9712
-559
687
-8009
-8348
-2273
-711
9727
-4129
5465
479
-876
6453
2398
3094
-3182
-5970
-5393
-7263
8773
-8548
-5166
2093
-5054
2057
-1469
5939
7748
-182
9496
-6463
8482
6224
-2576
7218
-4406
-2659
-7593
3704
-4772
-9549
5368
-3940
2661
-9400
-7552
-4547
-5833
6454
-4021
-4876
8225
-1713
653
2104
5456
7981
6079
7645
-30
9319
-6365
-2344
9154
5856
-7242
2621
-187
7290
-8334
6601
2560
9800
-3843
4828
9796
-5407
4081
-514
-617
-7633
9449
-9566
-1520
3239
-60
5991
3055
7892
-1671
-741
-9001
5228
1368
9307
7752
4900
-4711
-4170
-1891
-9505
-7005
6352
1983
-8702
1338
3489
3140
-4989
1702
8669
-4184
8991
1821
-9425
6694
-2006
-116
-2690
-4525
-8063
9447
3090
-2249
-3908
-8566
-7345
2248
1728
1323
3680
-1627
-367
5471
-5201
-5491
-4476
-4411
9681
-806
-5870
-6253
-4449
-707
-984
-8165
7934
2902
-5861
-5351
-1056
8367
6202
1628
7652
-8169
2908
-9522
-4200
8246
-1672
9634
-4929
-5166
-8333
-2151
-6611
1661
-8365
-1167
-1458
-7080
-366
-5269
2023
-6359
-2513
-4201
-8427
-3884
-5697
-6978
6546
5369
-863
1164
6774
2346
-5618
6872
5209
-6554
9743
4945
-5482
7383
8745
4679
4652
3941
-1453
-8430
8862
-7563
7240
6243
5946
-2399
1144
-4602
8311
1333
7321
-1488
-4585
-4925
507
1259
2700
5156
-3976
3451
3639
-2068
1482
1804
-3637
-6328
2967
5082
-9936
2647
-4792
4093
-1276
3746
4407
5999
-3236
-454
7462
-1573
7016
4940
-7475
-3325
6548
-9725
9131
9518
4330
-8678
9470
-5364
789
-4804
7533
-408
-5407
-7718
8482
8617
-9442
1224
-491
-7516
-7516
1941
2500
-4158
3952
9126
-5601
1834
-6676
-2610
2527
-4982
6252
-2133
5846
-8633
5684
-5313
-3550
2591
7576
8042
-4
-7497
5084
-6879
-6067
966
698
-4627
-5601
2973
-8159
-2014
6385
-4079
7162
-3270
-4635
2151
-7034
-8562
-6636
-2694
1156
-9904
-6495
9228
3151
2312
5834
-4121
-509
-311
-678
7023
3712
6191
-6820
-6810
9159
6456
2635
-5989
-9055
8188
-7644
6992
-8225
-4726
-7107
-826
3644
4128
4079
8551
-9441
-8122
-8754
-4528
-5155
-1368
-1991
-2023
5339
15
-5715
-2110
2033
1370
1780
-5540
-5366
-9154
1434
-2350
4647
3031
-32
-6638
8163
8042
2250
-3909
4689
-1191
-3628
1828
1346
7681
-9727
-7673
-6781
-9420
-9549
3945
8708
-562
-6377
-2778
851
-6410
-6505
-2723
-1018
-141
2259
-6890
-8265
-6840
3146
-4148
3529
4269
2802
-7141
-1079
5484
7207
6598
-5167
9909
-5024
5445
1670
-6274
6173
8586
-5184
-5573
9052
3758
-5942
6454
-949
8189
-545
2923
6712
8827
2261
5666
2373
1745
-2538
777
-9865
-7496
-9592
-6098
3501
9793
-177
-7626
5421
-6530
2504
-7907
-3942
-2639
4694
-8406
6434
-9201
-9766
-7794
-9676
-1840
-1829
-9607
9455
7509
-2043
-6119
3445
2870
-6291
-1359
8766
4072
-9230
8626
-6711
5704
-640
5144
8845
-1305
-9201
-4541
-6866
8913
3784
8815
8299
8859
-761
-8237
1236
-1559
-293
-9453
890
-5735
-8661
-766
6494
-3793
-9741
5912
-5333
-1250
-5780
9548
-1025
-5136
-7127
3662
-7356
-8302
-7683
-4380
2622
3743
-9414
-5058
8061
3240
3733
-6888
-2127
-9316
5958
7980
-1379
-6726
6955
-2319
-5851
-5616
-1653
-8268
5665
6158
-8040
-7375
-5644
1037
6478
6542
4342
853
-3624
-7020
-1620
-9841
-5679
-9813
-9702
2792
-4312
7889
3407
-2977
989
-3689
9630
9164
8617
-3815
-6259
4236
-358
6487
5190
-3475
-1029
5108
75
9778
-4974
-8854
9542
4867
-3582
-6968
-6626
5429
5329
-7606
6246
7249
-3932
8083
4944
4516
-5081
-2422
3103
707
-279
-9746
-3238
-4872
8963
-2986
-7748
-6035
5689
8170
1096
-2188
-2151
7032
-4903
2896
-3519
5748
-3464
-2268
-9155
-8849
-8281
-3434
-2386
-846
-8454
-6912
-5850
5111
6565
-4429
4015
2468
1424
-889
9515
549
-8056
-7996
-9002
6982
6127
7750
-6456
3530
-8109
-1359
-3689
522
-5540
3441
3514
-1139
-1537
-6581
-7320
-3072
-9360
1478
-5730
2291
1844
6448
4991
7344
-7404
-4689
-811
-2632
-9715
-5212
-5162
9820
-9051
-2851
-861
2485
4856
-8936
7658
2016
1520
-337
6219
-3174
6195
-1339
2295
-6381
6422
2219
-2444
-8174
-1072
-8113
-3459
-794
-6231
-4799
7622
-6877
-2991
2307
-9762
1921
9229
3853
-7795
-7699
-6580
-6309
-1475
-5622
5495
-2349
-3051
5576
-1241
-1962
4863
-3329
5713
3683
7595
-9784
-3172
7554
1421
-8200
-3469
4948
9602
1626
7158
-2348
-6928
6600
-3829
9322
875
-7322
-9998
-5012
4819
-2693
-5546
9585
6203
-4372
-6081
7412
4325
5911
388
-4383
-4184
-7383
-3075
7743
979
-6500
183
-5958
2188
4625
-5727
3820
433
1126
-9404
-5401
2208
-1100
1903
-7135
9970
6727
-2608
-7427
-5438
731
-962
7346
-7701
-9297
-845
7290
3375
8425
6967
-4583
8916
-7386
-200
2760
-7480
-4324
-8554
7965
-9626
-2034
922
-9383
1297
9387
-7129
-9747
-4291
-1629
-1303
-8438
-6259
-6585
-3383
-7452
-1002
-5412
3074
-7230
-1533
1724
-6098
-2908
-5326
-7255
-8262
1457
-6885
4654
-5095
6013
8369
-4620
-1485
1139
5889
-7074
-8290
2916
-4840
3138
1093
-6068
-6911
1029
1380
7166
7179
7089
-5930
1516
9128
4341
-5338
4373
1682
9209
3809
5034
2313
8125
-2643
382
7864
7981
3987
-1718
-9067
-6365
-2953
6587
-8186
-5575
-1368
-6055
7937
-8503
3443
2100
-8916
-7805
5426
1517
-1372
-822
-6110
5854
4281
-2741
8562
-6297
3157
-5061
-7209
-298
1309
-787
-4419
-7566
-6896
4780
9015
-5564
4333
5595
1815
-3837
562
3207
3034
7227
-1441
7653
-9318
-6728
5528
-3859
-2137
-1611
8681
-7694
-6192
-3653
-1628
4989
7515
-6472
8806
-538
3092
-8897
791
207
8034
1301
6416
-6244
181
-5857
-7945
-8206
7772
2117
-1850
811
5459
-5565
4458
-8812
6297
6828
7079
1955
7199
5467
-9063
8600
9949
5400
2645
-4978
-6945
-7836
-530
-8898
9692
3521
-5741
6513
-4985
2688
1525
-704
5022
7080
7495
-950
9440
9888
-3042
8657
-5188
-4039
3096
-2671
-60
7547
-2759
-4578
-6176
-853
-8528
-2727
-2433
-4779
-2056
9422
6601
-1636
-3622
-8627
-1296
3483
1488
-8860
-3196
9047
6692
-5131
-475
8835
5047
-3975
-1069
-9073
8606
5265
-2878
-401
295
-5084
5674
-5661
9273
-6342
5338
1832
-839
-8877
8236
826
-3575
-6459
-4844
2532
587
6321
-1038
5894
9443
-1727
-505
33
-7142
3712
-5725
-8541
2719
8853
-5379
-2646
-6232
-2722
-8867
5942
9398
4293
3667
2895
4598
-2879
-6838
-1745
260
140
1335
-4434
-6422
4604
4651
329
2695
-7007
9896
8622
-1718
4474
9105
-5145
-6915
8980
8025
-8480
-8513
-6880
-3523
-8649
9066
-8689
750
-3201
-2317
-4308
1127
2352
8719
-9193
4445
-2162
-5134
6906
1140
8436
-3245
1769
9038
9214
-7188
3387
-3298
-3696
-2402
6783
-2821
1223
-8591
6429
-3728
1497
4184
-757
816
-8917
-6381
-2680
2951
-4785
3694
7544
7531
9304
2951
-7427
113
-9508
-5011
878
-9444
6116
-1436
5655
5649
8755
-764
-52
-890
4433
-3999
8043
-231
-5933
5606
6381
-7716
-5144
955
-5495
-659
5730
-1851
9190
-7516
-1345
-628
-2726
8454
212
2904
9251
-6153
-4779
-1100
-1471
-2900
-8797
-459
5327
-6946
9362
-7500
9692
-101
-298
-7017
3530
8758
3786
-5042
-2333
-9665
1628
-6088
5010
-1235
-9960
-1434
5893
-9225
-9264
-3177
4957
3906
9381
-6333
5647
9140
1940
1588
-4613
6440
-2688
9582
-8730
8315
4919
1007
5494
8451
3140
2736
1545
831
6481
5292
2098
-9528
8631
4920
2386
-281
804
-6032
-3601
2145
-7257
2483
-2637
-1043
-5318
-8412
4644
-8793
-6228
-7854
8667
5596
-2805
5009
8195
-4379
3403
5703
-8783
-8655
5205
1411
954
891
-7473
-4665
-7115
-229
-5852
5510
2509
-7976
-1424
7112
-6621
-6021
-2103
2699
-2785
6623
5581
-2076
-6928
-9660
-6075
707
5832
-1438
4883
4596
4141
1211
-227
-5758
4861
-7318
-3787
7094
225
6135
-6460
7517
-3156
3084
-301
-7033
3249
9890
-1098
8396
-2945
3252
-2859
4905
-3750
-5643
856
5320
-2826
-6754
303
94
8178
4287
-1029
-9107
4751
6487
9405
2186
908
8063
-4648
5817
-6496
-6688
4165
9556
6482
8549
-3564
1707
1080
6123
-1767
-4827
5387
-5132
-9253
-9180
-7965
-5541
-4556
-4025
-4364
771
3909
2536
-4027
-2104
3930
-8474
7944
9014
6069
2270
-8709
-1032
-7270
1010
-4069
-4503
-3626
-5173
-4897
-6361
9005
9563
2296
-7195
2431
-8613
3235
7071
-3050
-4013
-8601
8680
-8914
-7944
3378
4576
6817
-4497
-3861
-5086
8366
-1264
3475
2873
-3963
-2554
-8290
6418
6738
8370
-7481
4876
9380
7791
-9835
-948
-5287
1105
-5048
1261
7240
8807
-6433
7925
-8790
-7073
-3574
3651
1413
-4504
2439
4773
-3561
9619
5788
8262
892
-3725
3823
-8573
8539
4515
4997
7902
5523
-6010
-6155
6796
9598
-8598
7657
5994
-8001
-602
2640
4045
-5235
6819
-94
-9802
2012
-7466
6834
-5308
6308
-597
-2807
9219
-112
829
-3740
1026
-3130
4386
8620
7426
9902
2180
-1362
875
1408
-8566
4823
8217
-6994
4821
6862
4403
6027
5126
3726
9500
152
5981
8318
9890
8201
-3940
9966
-2252
-2568
-9302
-5616
-2831
-3931
-7021
145
8187
-8888
-7316
723
523
9717
-4619
1640
1374
2603
-7208
-2003
5132
3705
-3475
-736
-4039
-8275
8544
-9536
-6363
-9861
394
5120
7294
4518
-1573
967
7765
8654
-2630
1543
-690
2710
-4221
3383
6416
9104
-5297
2800
1277
-9208
8338
-4160
1340
1098
-1539
9390
-1518
-8016
-9629
-1460
9615
3724
-5223
8082
9252
2607
-5577
-836
8178
-3437
-5637
66
3453
3691
-1140
-6064
2880
-923
-1060
9569
-8582
-6023
-9497
-2115
-8281
-1711
3704
8556
3433
-6635
-9717
6102
-5979
-750
6061
2552
9706
-7258
1727
7909
-6677
-5590
-8710
5655
3534
7036
-788
-2480
-8323
-3767
7008
-4046
2938
-1901
4444
1238
6416
4676
9092
-1555
9508
-5264
-9188
2321
6506
3008
714
4487
-4620
-2720
9946
468
4198
3974
3675
-5191
4932
3549
3815
-8660
2860
-7890
-2017
3188
5664
-3766
3445
641
2012
4599
1091
-6299
9223
6164
-5159
-9453
-5500
7562
3060
5203
-5593
-2191
4586
2718
-4187
-6340
9570
6396
2564
-830
-5249
3192
4369
5994
-2210
-9379
-527
-8590
-843
6032
-3761
5884
-1861
-5847
-6636
-2058
2279
-5105
21
4228
-8720
9198
-986
-7028
819
9176
-7732
6238
-8301
2037
3569
414
-9157
5032
-7664
5167
7135
-9663
3888
-7874
5409
7032
-1267
4328
-4785
1580
-7215
-4055
-7767
-1928
7042
3106
-7136
-9841
-7786
-7514
7386
5908
-2175
-4671
5458
-5224
-5265
454
-1603
1648
269
2003
-1817
1938
8001
-1501
-9764
-8307
-5638
-7152
-3870
6627
-5791
-4158
3203
-60
-1233
9785
-5815
3431
3577
9171
-3326
-6777
-8537
-6182
9059
568
-7166
6029
73
-9276
6923
-8791
3419
-7289
4168
-652
8650
4739
-4711
-4377
2650
2145
-1207
-7307
4315
-3515
-8192
-3109
7760
7756
-7339
6
-7888
517
4737
3580
1547
-5591
-7473
3368
9220
-3752
-2225
9318
7581
-5583
-1751
1670
9169
78
-5329
1632
3898
-614
3756
3989
2674
4816
-5384
-9442
4439
5105
3405
3316
-3544
9953
-7820
2811
8364
5631
9752
-9781
9618
-3040
-7651
-5540
-9838
-7226
105
3757
6610
5634
-9024
-6127
-9978
-7613
-2290
9848
-9041
-359
-2340
2549
1539
6251
4294
8625
-4499
1617
8644
-53
-1685
3247
932
3242
-8490
2607
-3912
-6335
-9025
2490
-3957
-4579
6644
562
-7953
7150
-8447
-7505
2707
-4177
180
1172
2192
2836
-7751
3501
-5918
9936
-6492
-3576
8244
-1984
-6260
-6707
-4108
-4712
9524
-9221
-1914
-9433
-6554
-8416
1524
-7447
377
4788
738
-215
-7919
9331
9983
49
-5563
-7371
-8296
6896
-9029
1868
-8601
-2906
4176
5913
-567
-9009
-4524
-2964
-7986
2505
5937
7894
-6647
-3004
9229
-5332
-2298
-2970
1637
-4486
7579
-4328
-2439
7298
5943
2992
-3609
-5296
-8840
3451
7247
2939
2745
-7545
2389
-70
-3864
-2134
-4251
8480
-8843
3091
-655
-2059
-1754
-565
-3114
6579
-2841
-5273
6877
3226
6783
237
-8355
-7824
1150
8961
125
-6727
8787
-3061
1015
-9298
-7526
-8954
-3080
6589
-7694
-5849
453
-9027
1453
5992
4343
-6259
1248
9488
9191
1320
890
-4895
1540
-5210
-718
8510
9537
-4974
7545
-4489
5676
-5117
2126
-526
2809
-4390
-8816
-1256
5789
-9865
8910
-4327
-4554
3928
-1637
2077
136
8528
3389
-1848
3554
3935
-2812
5256
-129
1459
-8072
-9122
-5911
-4645
-8501
135
6360
1028
-2547
-2330
823
4242
6078
1232
3399
1085
-4737
-5612
9789
3237
-4127
5253
8263
-2637
6719
-2139
-7987
7949
-6456
-8945
9426
8438
-9100
-7295
1497
7008
504
7557
5060
2894
756
-2118
-3433
1675
681
9220
6811
-4927
-4504
6380
6527
2743
2502
8885
-615
8042
-9461
-2595
7050
5478
-5910
9131
-3680
417
3979
2460
5461
6964
9348
-5692
3316
7607
326
8195
1724
-9608
179
-3803
8252
6008
-5202
-9898
3102
-8830
-7029
1089
-5407
5352
-667
6371
-5729
3036
1006
7696
-4947
6664
801
-767
129
3211
-5485
-4199
-6035
-4111
9960
-6573
3849
-8915
-3070
1514
-9585
7798
3605
2340
-2432
6459
-970
-900
-4220
-9629
-1423
5290
-977
4613
3353
-7214
2847
449
-9094
3366
-2143
-1766
-1110
-2152
-2605
-8783
5534
-2305
4100
-3777
3482
-3067
-8360
-4210
6976
-4756
776
-1611
5258
-3013
-4058
-8786
-1518
1545
-1891
7605
-6738
7012
3959
-7521
-3751
-4483
-3431
6164
6572
-5676
-407
-6901
428
-3524
1904
3745
-3299
395
-2470
9622
6389
-7167
8825
-4220
-1525
-270
-3223
-228
-1683
-8911
-1713
-6689
6161
-8166
7579
-3210
1507
6012
-6995
9198
7998
-8830
6516
-5453
8918
-7555
-2800
-9176
241
7728
-1191
-7871
-4106
-9417
-2023
-1667
-1635
8884
-6476
5443
-2970
-1353
-408
1239
-2586
-4822
6639
1721
7772
5462
-1855
9435
4226
182
-5161
9213
-8065
-6346
5034
-3193
3641
4263
-8038
7778
5288
7074
-181
5875
-7099
-5514
8841
3765
2433
3600
-8884
5266
2866
-6618
-9802
-5026
4296
3904
409
3632
5182
-989
8087
829
-3668
8187
4193
819
5178
5349
-1184
4463
-6130
7766
530
-2341
2022
7723
-6068
2183
-7774
9999
671
4419
4984
2146
-6891
1175
1611
-8916
-8966
4320
-5642
-9858
-9097
2311
161
2912
-3815
-4290
-8650
9597
5392
3994
5806
-8088
4308
3528
2469
-9207
-4926
2478
-8180
-1497
420
4703
-4387
-9004
2895
-1063
-2712
8912
870
7487
-7124
-6629
-7524
-4594
2274
9786
-8906
-3201
-8941
2660
-7730
-7816
-3798
4170
6164
5263
6532
-5310
3855
-6980
228
-4849
-7935
-9991
2563
-6098
265
-7816
1316
1534
1122
-6206
4614
2669
-8375
-5528
-9230
-356
9308
-3993
-875
-4370
6109
-483
-6873
-5102
5238
4258
7241
5130
5398
1478
-3474
-1480
-4967
2309
7280
7076
-6810
2857
-7773
8396
-6254
-3524
679
5609
-8957
3623
8471
-1735
9999
1612
1790
-9553
930
8701
-2231
-5805
-1443
-4264
1111
-9001
-516
-4672
5198
1847
1648
5528
6343
-2485
8267
-9410
2025
333
-5157
-4511
-5997
2
6029
5185
-4653
6279
-877
-3774
-4908
1562
-6880
-5428
-3116
-5375
-3057
9410
-8077
-2726
-7644
-9763
-7001
-2815
-4694
3973
5933
-1289
-2468
1067
8090
2421
-4993
1862
5999
-8787
5900
8808
6219
-9607
652
380
-5478
8387
8219
5470
-3093
-6768
-401
-1673
3008
2250
3186
-6573
-4354
-3736
-8149
6465
9188
-1124
-1220
-4186
-583
3385
7268
-4290
-194
-7906
-924
-2575
-7294
3876
-98
-3890
2836
-1536
-583
-3033
-9517
7509
7329
3336
5026
6521
1356
437
3191
9890
-6729
-4161
-7118
-5427
527
-9214
779
6347
-2740
1630
-1820
3721
-5640
1040
2206
-3398
-4371
8845
5511
8707
-5701
8826
4656
1730
-3927
7627
8605
-4548
1907
-5834
-8298
-1502
2578
9555
6043
2271
474
-3725
-3372
-2911
3005
-9415
8102
-1375
6028
1945
-4287
-111
-4835
9420
8118
-8031
-3032
-7443
-2298
9005
9195
-2285
-7402
9639
6414
-1044
2687
-7812
5601
-5134
-9279
9894
-2335
-8852
9271
-2834
-1319
-8252
-922
-5989
-3131
-4928
-4624
-8421
5490
-2081
-4187
-211
-3487
2194
1401
41
6443
3541
-2928
7085
2015
6249
6933
7332
6790
7791
6474
6293
9095
5699
4090
-8986
6118
7314
-8310
-3478
-5913
8825
3599
1582
9232
-5061
153
5052
5453
-6209
-8052
-8726
-4819
-2140
-6193
-2973
9514
-6590
-7427
-49
-4538
-4289
7801
1537
-1872
7754
-7329
6973
-2426
-8137
-1802
2404
8693
-2601
6465
1181
7547
1972
2612
-6462
-6418
-4442
6180
-3932
3957
-3499
3287
60
-8588
-7765
-2565
4848
7941
117
7315
8893
3841
-9642
8395
8647
6367
9032
556
5690
-5069
880
5067
1980
-4904
-3492
-9028
4434
-9976
4700
2917
-6484
-3673
1563
141
-211
-9120
1560
2099
9498
1895
8517
-2854
1151
9342
-4709
-9118
3832
-5933
2040
-3150
-5629
615
4119
3857
5792
7433
-5622
1333
-3775
-1184
-1323
2323
3828
8903
-3574
-332
6314
-5677
7805
-56
8419
6577
-8092
-2028
-2184
9258
-1843
-6169
-7163
3784
8700
-9333
-1647
-878
8799
1495
7803
-3149
-9553
2177
-7645
921
9509
6737
1458
7898
7223
-9072
-3225
4753
2318
2367
1342
-1915
9509
4517
4767
5258
-5152
8896
5313
-8095
-6073
5116
-7431
8794
-8419
-6815
5411
-6661
-4255
5958
4971
7896
-3968
-4124
5625
-8350
-7403
-9082
-1577
2525
-9825
-4420
-4608
6760
-8099
-5105
4774
4385
392
-6929
-8928
-3263
-9619
-5496
1070
4931
2725
-2606
9131
-6013
115
711
-6962
-1535
-2438
-9200
-4131
4356
-9127
-3751
-5586
9595
-2204
-5533
9435
6079
-4929
5624
-1278
-7276
-1639
2937
2934
-3442
2019
7827
-1979
-6351
1612
5008
4839
1168
-5062
-8791
-3232
-6089
1735
-2343
-2158
6724
-2858
-7731
-9758
-4400
8240
-4808
-4988
4492
5439
-2237
3110
8230
4423
-3935
-905
-8149
4956
8033
-8558
3750
3812
-1859
5387
7399
3273
-1745
9940
9087
4699
9378
-2484
-281
8832
-3962
-8059
5696
-4679
3102
-5968
9717
-5838
-9516
-7160
-5700
-3195
-2483
-6121
-6692
5709
-7594
-8727
4233
-9662
4349
-8469
1546
-4523
1981
-4161
-6692
5481
1617
5887
6863
1196
2281
8588
4814
-1775
-614
-1422
-5796
5932
5776
-8903
-9254
-4503
7967
-8341
3077
-5015
-4233
3709
-7492
-6023
374
9660
9151
1297
7063
1205
-7854
3654
6632
-736
4353
-1555
4825
8458
-1858
9421
8432
9118
-7065
9759
-4838
6416
-7198
-6235
-4836
-1786
-7286
9668
-8729
802
-6461
6047
5738
9776
-4152
-1615
-4542
-919
999
9287
-7636
8162
-4862
9400
-4262
6644
8022
-7871
-1468
488
9816
-4671
2966
7775
-5285
3950
-5688
7963
3438
6835
4971
-7314
2659
-8953
-8450
-7139
1259
-822
-6112
-8432
-452
1726
-9599
-7143
3508
9728
-47
926
8951
-7038
6938
2501
3573
-7034
-4759
4987
3239
-8199
-1050
5120
-7721
7721
4198
-6701
2815
9028
-970
-5034
-7670
-2289
-7624
3357
-7401
9728
-3702
-7175
-931
-4007
5569
987
776
-4926
21
-729
2240
-7999
-9226
-9225
6666
1560
9948
-3064
392
-9925
-9220
4966
-9092
-5076
-1354
687
5387
7509
-9653
-1306
-1028
-5119
-2964
-4330
1343
6168
6254
5760
-5430
-6346
8730
1412
8095
-8186
3041
-4568
-8119
544
7692
-2648
-7195
1404
-8399
3898
2334
-6991
-2783
7836
-6959
-7633
-8097
7357
8655
-8907
9067
-7356
8224
4784
-6212
-351
-5180
6513
2797
462
-6924
7626
4366
8578
4232
5157
-1253
-6446
-3310
-1280
4937
-6396
840
-2744
2109
-3919
7103
7953
-393
8662
4370
-3696
7019
8248
-9534
-9098
-1072
2289
-168
7017
-3407
9019
-6427
-96
8322
-6376
6378
-2406
9357
-2468
3764
2012
-1271
-2664
8479
-9530
7724
-5917
-4581
3600
-2569
-2938
-1300
9446
-4176
7237
-789
-9283
4429
2725
202
-9647
6444
-545
4885
5821
8799
-5377
7124
9269
6117
4185
-1491
3267
-908
-6967
-4538
-1507
978
1541
1992
7871
-6012
-8575
1023
5035
669
-7938
4957
2041
-2793
1585
8223
2012
-9472
-4500
-6712
-7565
4620
1355
-3351
329
1736
7133
6882
7338
5359
3660
-959
-7742
9205
-1333
4681
6771
2336
-1509
-3633
306
503
-7559
-8546
3423
-7341
8616
9114
8800
7538
2551
4001
985
-2838
-7665
6190
-8439
-1222
-2564
-9161
2948
-8292
-8075
662
-2391
-393
-5655
-3804
-6849
-9230
-7289
-9439
3633
-9822
1578
6321
4323
-7292
6335
-4224
-9713
-5850
3541
6886
3969
-8225
-2304
3174
-9621
4031
7306
3344
-3515
9921
-6089
-9754
-8923
4798
-45
-4644
8760
8539
4986
3512
890
-8446
2627
1305
-3849
-7762
106
9013
-9218
6911
7993
3450
4159
4910
-5294
1750
129
859
4027
-7151
4994
9538
-1017
6872
5452
9067
-7427
1653
8304
4321
-6937
-263
4994
-8390
9241
-5316
9905
-7787
-5796
-9540
-831
-829
-522
9697
-6425
9499
-6024
7009
-7328
2993
-3964
8255
-753
1025
4952
-4243
-9775
-1147
2203
7379
-1954
-5913
-925
5256
6910
-5200
-3647
-7651
1957
2814
-7574
-9959
3853
-1228
-222
-6881
9102
-1109
-3449
-1876
-3011
2790
-8776
2396
4126
4
-4128
-9300
-5465
-6065
8386
9402
-5357
-7215
3330
-5560
4544
646
1262
1984
902
556
-2360
-8463
8148
9975
7921
1880
-6520
9025
-205
1658
-9078
-4610
-5558
6957
-1723
5294
-6671
9175
3364
1068
6117
-1490
2053
-8349
-9352
-7714
2045
-4415
4148
7689
-8248
8259
-2487
-24
6314
1551
4981
9904
-7193
2689
-9489
-1744
1788
-4419
1008
-3145
-7176
-5501
6591
3826
-9446
8225
-5896
4755
1384
-6078
2008
-2419
8873
2756
-1113
6875
-8000
-7481
5538
3489
-3611
4514
-828
-5845
1442
8495
-2064
-495
-697
-377
5758
5916
-6998
-8472
-9025
-7966
1566
-366
-2385
-5043
4463
-3823
4279
-390
216
-1131
6939
5724
3265
-1379
-4346
9825
8248
1554
3984
9709
3274
-1712
-758
-8990
-8290
5183
806
-7839
-6545
-8352
8581
106
5764
-3294
4606
-6624
-1650
-4619
-9336
-472
701
5238
6949
4207
-1537
-696
-661
-6453
-4361
-1180
7567
2426
-3243
-9913
-496
-5433
7063
-3638
-7491
-5621
-7332
-3281
8197
15
-1567
-7401
218
5616
-6438
-2096
-768
-7557
526
-3156
7415
3320
6319
2861
-5598
-2108
-7371
7516
-3084
-586
-7209
9592
7831
3971
6885
-6004
-3816
1820
-9628
6074
7570
9941
-4025
9011
-2059
-9023
7014
-7640
2163
-423
7454
-8902
-3033
3643
5989
5902
-1726
7439
-2329
669
-1165
-6555
-7422
-8312
7954
-9254
2971
-1656
8266
8026
5724
1219
3905
-7233
9898
-2565
7525
-1833
-4154
4544
4020
-7804
416
1798
8520
7996
2675
1809
9213
6257
-8990
1485
6528
-245
-8819
506
3223
3505
1295
708
-2009
-5881
-1545
-2864
-9499
-3503
-6016
-9933
4957
-8778
-3089
3357
-7496
-1792
-4662
1970
2926
-4577
-4880
-9671
1064
5101
-7336
-434
-2448
-500
-6263
7730
6871
2764
3507
3778
2051
-5655
105
-8955
1364
3697
8476
2334
-4463
-4862
9845
3426
5523
6066
7022
2723
6509
1032
-4979
2731
-4874
6664
-2722
7909
4694
-6291
8204
-3372
-599
3854
-6340
-5433
5938
-3390
-6617
8580
-5089
6368
6513
-3967
-971
-6400
-5142
-4941
-3720
381
-255
-9827
-6503
-5540
1984
938
-7139
1893
360
-8715
3621
-8688
-1814
-8251
7711
6236
-4514
9719
2857
5272
-28
7571
-5283
2564
6645
-7807
-3043
-2766
5189
-5452
-3684
-8794
6615
-7164
-1305
-1219
-9604
-2374
-7122
6121
-7542
9988
-2893
250
6742
-9432
-8658
3609
-9011
-4843
-6086
2446
-3532
-907
-1728
7617
2170
8319
-8834
-6851
-7753
-5494
-8717
-6735
1156
-9253
-3063
6160
886
-4289
-3936
6136
-6216
-4908
3315
1839
9348
-4607
-4246
4074
-6627
3655
-8709
-4665
9580
2607
1149
-198
-3434
3490
2634
-4187
7318
-5448
80
4257
5084
-1176
-7211
4889
-8991
3390
517
9077
-8762
-8470
-2982
916
3368
9109
-8922
9330
4930
-7857
-961
-8855
8640
3780
7303
-8556
-7909
5933
-9385
-2545
5141
-2430
4840
-3238
6419
8045
-3106
6812
-9486
3161
6386
-8796
6823
1994
7578
1003
-4264
3751
8727
7446
7376
-3054
-6790
-7529
4547
-2792
-3469
-5422
2590
-9661
-4200
3453
9321
-1108
751
1921
-9859
1134
-9064
-1154
3132
9111
-422
-5974
6705
2295
-8248
-8262
8901
347
-1936
-6151
-965
-2189
5152
4053
6153
6543
1845
2873
-5805
1321
-7263
-3691
-2011
-2469
248
1306
-9875
2289
-872
-1471
-1645
-9255
-9102
7595
7063
6487
3129
-573
5125
-9355
-2714
7648
-8362
-8
9542
5287
1190
-6963
224
-6355
-4498
6594
8167
4601
3870
-3310
-1064
-4024
-967
8696
8304
-9974
9740
-1947
8526
-4374
9644
-84
9216
-1077
8907
-6374
2477
-1938
1399
1347
-9954
1520
3695
-3913
-8470
592
-9757
5364
3196
7823
5543
-8267
8579
-5329
1363
-2008
-3562
7806
-2214
3934
513
-1268
-3995
-1605
3409
-425
5996
-5971
7352
-8408
-9488
1145
798
-2538
-6728
304
-5564
-2423
-7738
6433
-490
-1095
-3116
-8919
-884
6485
2576
-9915
2461
8063
2994
2312
5217
6772
4150
-8344
-1056
1673
-4869
-686
8348
7410
1047
-2338
-5575
1948
-6316
7421
6885
410
8266
1518
4007
-2787
-5254
6449
-4952
-3813
-4027
3283
9912
5938
-5689
9160
-8385
-7033
-3437
1974
-7550
8615
-116
9453
-3123
-4498
1278
53
9667
-3162
-4137
5537
-97
8743
-9691
6527
2885
-9955
8588
3185
-2933
4168
-5308
-9931
-6211
-1284
9645
-9856
4050
-1112
3345
1674
5833
9684
6068
5155
-3201
-9917
6042
-28
16
4440
-1515
5088
-410
9621
6857
7096
1443
-6209
2943
-5459
1832
1725
8770
-1743
-672
-1537
-8231
5655
-8692
1212
5921
-3255
4939
5843
999
-7305
-9051
-6829
4127
4749
3700
-2826
259
8510
-6576
8424
-1812
6556
4278
-59
5350
6986
-5708
1793
-9037
-8343
-5069
-3935
8991
-2962
5665
2182
4922
-3500
-3334
6026
-7081
8814
9235
6147
-3839
4917
355
-8572
2485
-2561
4591
-413
6720
5585
2960
-4779
-9227
7563
-1982
1493
331
7073
-4724
-1660
9457
-4373
2631
5355
-4209
306
-9972
-4388
-5957
2346
-3265
-6762
4820
-5889
-3918
-7418
6974
-2616
9015
6602
4378
4153
4102
-4238
4321
7828
-3673
-3520
-9058
-7297
-5219
-3442
-7195
-8783
3216
-4946
8692
-475
-2443
2700
-5308
-4079
1467
-1488
8363
6961
8020
2336
-6702
-1956
-3362
35
-3218
697
1389
8096
-8739
650
9655
-316
-1665
-923
-8612
6274
-9841
-2076
2576
4884
-196
3699
-4889
-1664
8360
4262
9467
9270
6492
-1459
-4451
4758
582
-3488
9974
-8145
4336
2644
5976
-3102
8990
6416
-1818
-6139
292
-1159
2460
5731
-5822
-6168
2941
-1119
-515
5598
5815
-5477
9626
-9074
5077
-5172
7642
-7368
7233
3437
4845
-106
-5773
4404
3924
3215
-4421
-7746
9943
-8022
711
-2392
-4769
9885
1937
-8873
6386
3682
-3575
-3688
-759
1450
5914
-159
-6065
-372
7451
6165
1432
-1162
7220
-2521
-9925
-3900
-853
-2570
9262
-1233
42
-7145
-2595
-868
4335
6801
5862
-9035
-8624
-9567
-7084
4405
8616
-1699
-6315
-6307
3811
149
-2470
2372
3361
-5258
-3925
5803
-2613
-2199
2149
4174
8912
-3080
-2734
6870
3705
-463
-5982
7595
-7887
2467
-4949
-8377
-4117
4900
-709
-8186
-7953
-5675
8597
-9351
-4251
-3107
4656
9338
-9315
1106
6472
8698
-2952
2007
-9058
5494
-5418
3903
2259
8584
2621
-4304
3197
-7078
-2110
4898
-3997
7285
6776
1958
4443
-6217
5842
-7580
3965
-3965
-42
-7748
-5084
4627
1825
8206
-1791
7400
9361
6166
6235
-7358
-3534
6927
7015
2411
-3447
1688
-7585
-947
-874
6899
9251
1380
9002
8490
8489
-4466
-5691
7501
-7807
-6369
9322
-9866
-7510
7538
3233
-4562
-1525
9881
-119
584
-7249
4661
-3784
-1974
-3776
6081
-7696
-3891
9278
-8919
-4895
-6726
6525
-3720
-1067
-8140
6904
-1298
8187
5972
9525
-3759
2515
7663
919
-4069
7699
8212
4762
-1135
3572
-4942
4399
9043
-4676
3319
5044
-2801
3592
-7181
-2290
1008
8566
-2310
-1947
-3211
8813
6728
9277
6972
6601
-482
-6547
-2884
967
-3029
-2018
-6638
-8215
-2553
9666
-8877
326
-807
1294
4705
-3951
8024
9941
-1799
484
6734
8802
2664
-7286
-8808
-2575
2334
1574
4202
-6229
7387
-3869
2351
765
-3386
9688
3022
6964
-5348
-6793
5385
-9353
-3611
-2829
-2401
5984
-8446
-4084
-3887
3800
-7133
8089
9954
-8338
-267
-2000
4439
-940
-2760
6772
8669
2391
-9073
-9284
-6006
4152
-3279
3932
4444
-6452
9820
-2862
-2178
4940
-3927
-8304
-7127
-6598
-4230
-4287
6151
6033
5264
-7079
-5357
9863
-2599
-8419
3484
-8510
-4889
-5812
-6809
-6284
1468
6793
9300
7700
-1887
5254
3097
-902
8214
-6738
-2869
9559
3492
-5137
7100
1775
-9394
-6365
9054
6004
-4219
-8646
-4443
7072
3482
7493
-9910
-530
-7761
-9567
811
-8842
5895
6557
-720
-829
-3972
-374
-8759
-9613
4655
-9057
3444
-2742
-1511
2342
-1574
8211
9376
-6937
7577
-5707
-410
-1554
-804
-7251
9628
7611
-9818
2030
6067
-1370
-4627
-7790
-3885
3757
1059
1051
5828
-2212
-1743
-1462
9418
-4040
4060
-9701
-9266
-5720
1577
-2053
6678
3648
-2404
3496
5719
-3029
-100
9731
-5407
-3020
-9517
-9836
2553
-2543
5554
9563
8708
-2515
4177
2158
222
4945
-1261
7124
-7061
5358
5479
-6052
-699
5481
3436
-3493
9908
-9373
9356
-4896
5979
5060
4457
-3530
4079
4516
-5770
2357
-7645
-4042
-1732
7813
5534
6865
2236
-4815
3470
-3780
3668
-1468
-7402
-3307
-9989
-3294
931
381
2694
-6363
4540
8388
1453
1459
-1032
-5011
7176
-5192
-1975
7134
1298
8806
-2314
9607
-112
-4315
-9914
8204
6443
-1544
-4776
-9360
-8808
-3218
3280
2560
-1351
-4190
3628
-5351
6205
-9840
-1228
375
-3454
947
-8784
-2245
-8293
8768
3539
6551
3884
-6535
693
-7846
5202
-753
8575
3859
4480
-7209
4319
-5469
2244
1319
4476
6820
-8761
-6898
-125
7247
3987
5773
9215
-2161
4400
982
2472
-4736
-9369
-9377
-6478
-8733
1192
-7901
2502
8577
2982
1589
-4307
-2663
3039
-2942
-6039
3304
4954
-8158
9534
-2956
5737
-2053
3309
-1003
-7986
-3054
-4990
-6015
-4294
-2002
-925
9138
8144
3531
-5431
-6891
-1399
856
-7029
-1454
-3280
8910
-2059
9171
-7827
4237
2136
3732
9311
5876
-3269
-4987
3682
9692
5135
-2050
7985
3059
-7008
-1152
3237
-2192
6055
8068
9563
503
-4964
-1982
-6733
6251
-1719
4512
212
4939
8922
-8267
2222
-53
-6319
5433
-2216
9264
725
-7509
5847
3399
-2486
7742
-3232
866
8573
-6911
4724
9456
-3754
-918
-2422
-7368
-3025
2334
2315
5810
6532
-2401
4535
-8222
5728
2931
-2715
-2286
7447
-3508
-857
8459
435
-7654
-6036
2543
-5051
6281
-9282
8982
-1379
6296
-1524
4834
3797
-6280
-6429
2849
-9881
-2212
2869
8224
5759
-9981
-7301
-1049
-9876
9920
-6154
9524
-3121
-766
-7407
-6153
9046
-8699
9923
9447
-8317
7412
-2223
-2976
-2780
-9576
2608
6266
7272
3522
-3512
-2137
2311
7537
-1548
-8664
3488
-2143
-3483
-4660
-128
-1136
-5818
-5113
-1474
8238
-6661
1355
-8604
-2784
8483
8101
-2905
5745
-2852
-618
9911
-2122
-5819
-9076
-974
5020
1375
-3299
-7884
-5455
748
-1984
713
-2197
-2374
296
1218
-7175
5049
8829
-6042
-9596
-6009
6840
5248
-6719
-114
8475
9014
6230
995
4588
-7431
5542
8431
-9620
-6760
-7717
-9942
-4457
-9424
879
1379
666
-7297
6967
8828
-7924
9750
1357
-3694
8395
-9557
3608
-9061
-6636
-4530
-6790
6248
-9601
-9580
7702
-5334
5524
-3121
-9252
5073
-5714
3871
4242
-4049
-9078
8673
3136
-6374
-21
-4827
-3496
-4047
878
1342
-127
-330
-5563
-6733
2815
-4263
-8877
4818
7008
-4970
-2013
-5116
-1403
-843
-5563
-4836
7787
-7057
-1755
8552
3349
4656
-4311
6890
-8520
-3112
-4024
-4479
-4254
7323
-9726
4448
-4696
7272
-6209
-8608
-7925
2279
-9624
-623
-7802
732
-2596
2828
-649
1288
-8400
8036
7175
-50
-9593
-4870
7256
-2125
-4887
-6128
6570
3774
-6717
-5163
-8087
-3552
-549
-4961
-7529
3053
7565
-7113
5874
4520
-2009
5198
-4255
9341
8702
2862
-3168
8007
-1461
2347
-762
2994
-6810
6840
6159
9338
-7907
7317
-3541
883
2353
9574
-3326
-5790
-2483
9247
3106
1256
7107
6396
-122
-6369
4965
-5811
3077
5341
4637
9231
-1707
4630
-5782
-8043
-6982
-2082
-41
-7995
4238
-6773
8857
-5089
-8498
-4135
2214
-1544
-4417
8743
-1268
-1211
-772
-2242
-267
1555
5629
5586
6869
4723
-7483
-5695
5453
-2702
-8056
8153
-6112
8807
1399
-6922
1550
-9498
-534
-4439
-334
-2638
8169
-7372
-4491
3630
2486
9393
7790
5716
-6
1331
4023
-2785
-7125
-764
7852
675
-5066
8045
-4894
-3235
6927
-6316
5377
-4956
8851
927
-8736
8383
9270
-3944
5404
7952
7341
2025
1300
718
7866
-8922
740
9264
-9680
-7927
-5252
-7739
-2398
-8007
-547
-7519
-3092
-9244
4399
-7886
-1859
-4181
-9951
1681
1728
2525
-3937
7507
101
4155
-2711
-4033
-5775
667
406
-2310
6495
-920
6788
2718
-7151
8967
-4390
585
-7817
9652
2972
9202
-8870
2315
-6198
6326
-7642
3266
8246
-624
2962
-6413
-9985
-2200
-6323
-3784
-6449
-670
7207
8751
142
-1129
-9895
5181
5729
-2911
882
-4337
8899
8655
-9473
4763
4766
7320
-2635
-1083
3045
4269
-4578
-8067
9521
6567
-8801
-186
-4426
-9952
6306
-5838
5090
-2403
4804
5193
6193
-9399
8412
-4824
8144
9277
-889
7845
268
8187
620
9137
2518
-7687
3473
-73
-1354
1499
858
-1439
9256
-4870
664
-6119
7223
-5152
2998
-7283
-2251
-2315
6971
7308
1172
-7981
-4963
3949
-5244
-8490
7203
-2802
297
-6832
-2508
7610
9720
-3175
9825
3012
1039
-5629
1324
9296
4398
811
-5452
-303
-682
5867
8318
-2963
5468
-3699
7202
9436
-631
-3430
-8913
-6993
5969
9169
-7045
5998
-9650
-6125
5578
7706
-6983
-8134
8122
-3567
-1435
-4438
3242
-2257
6648
-8928
6405
9393
-5594
7367
-6097
-3786
1803
-8407
6282
-8354
2789
-1374
-1083
-9964
-9556
1393
-4414
-7224
-9233
4296
8675
1621
5997
5314
80
3137
-4340
3732
-1017
-3805
-1575
4988
-4928
-7010
-9667
-4906
9884
3660
-4968
2318
2250
5622
7836
-1873
8149
5375
7497
-9798
4142
-319
5920
-8046
-3535
-3313
-9690
-1036
-7594
2137
728
9413
3863
9166
-6554
8803
7609
6204
-1235
-323
3929
9586
-140
-9185
2132
-313
-6590
-6011
-9902
-172
1370
-176
368
-164
-1099
-7913
4298
5452
-8517
-7115
-3071
3452
4445
9632
1646
9045
-8975
1658
-4253
5518
-3029
3392
6074
-5041
3669
4320
9757
-4522
8587
-6361
-8367
-5321
-3499
632
9663
4637
-4094
-6599
-5184
720
157
-8024
7141
335
6927
9579
9568
8637
-3119
-3036
7667
5048
-3445
4835
-4365
3076
5582
7509
8056
7526
-7221
9563
6628
5740
-8050
7061
-7283
1994
-8934
4413
-5271
-8161
9922
8881
7189
4118
6145
-4984
-8382
-7704
-7881
6789
4092
9727
7201
4265
-2440
-7498
2900
7843
-7846
1660
2645
6562
6849
-265
472
-5268
-9233
7204
4627
9607
-4680
-2979
-6722
52
6214
5524
8041
9723
-1241
-3460
5082
1762
9844
-9722
1025
503
-8194
9513
1306
-9747
9527
-3685
-1217
-445
-2406
7420
-5945
-4929
-1287
-2510
-193
-1126
9729
-4978
3235
-5483
-3796
365
-2118
9226
8354
-5221
7851
1277
7821
1811
2879
-559
-6088
-5407
8661
8407
-9054
-856
6459
-6975
-5339
-4737
3152
5620
-6274
2805
3828
8668
-7656
5558
-1400
1209
-8454
-9242
-5049
6840
-4183
587
2784
-4292
-2501
4199
-9681
1275
1434
6690
5399
-3867
-5968
-8186
-5761
3839
4309
4932
-1274
-2290
6323
-1452
5860
-1809
-6926
25
9342
9123
8325
-7389
-315
6824
7471
-1266
6412
7843
-4013
-4856
-4123
-6056
-1256
-7664
407
6364
-9707
4826
6781
5602
-4642
399
6238
-7342
-2261
-1935
-6268
-936
6433
8251
9307
7672
9088
391
-5175
8223
-3543
2058
-156
-8140
-3831
-390
-6412
1774
-3258
7119
-5817
2943
6532
-3257
6346
7310
-7467
-6332
4203
-8317
-9285
8944
-8920
-8901
-8133
8257
-45
7291
64
3703
6309
-800
-2039
8801
-8997
6133
9297
8288
-3118
-1697
248
-3388
2203
7251
7986
1682
1178
8135
-3604
-5401
-8959
-7547
-9769
-1706
-8508
7771
-5581
-787
-7623
-7056
-4391
8310
9262
-6863
-8731
-5159
7014
-9271
-4386
-2145
721
-9200
-2653
465
5575
-5958
-4173
-545
-2815
976
4665
-2532
-7019
4892
-2349
-7514
7692
-1251
5693
-5980
3873
3291
-3009
-5495
-8296
-1132
-6161
-779
-8872
-6667
1188
-5158
6054
-92
3705
3259
-3648
2106
-4550
6545
7443
8622
3631
-4729
3770
8077
-8830
-6683
-524
9413
-7667
2123
3744
-4544
9221
-5613
1591
1614
-8867
-4615
8037
-9188
-6279
4950
6630
-5503
7216
4999
1082
-2218
6428
-2836
-5948
-7803
-8094
9005
-1851
-774
-328
-425
-3313
6487
-4136
-6172
4713
-2652
-7648
6617
8062
-5341
482
1128
-9918
-4446
-6385
-1322
7299
-3767
9243
-9065
-8281
6003
-403
-5803
5928
-487
-186
8208
-6391
-9046
-757
-4161
-8109
2551
5456
404
6960
9226
-2013
9950
-5053
-7593
-3885
8968
-2750
-8085
7675
-8545
2802
-7807
-2866
4689
3965
1491
3104
-2608
1778
-1458
975
-7979
7674
-1154
-2323
-606
-6510
-2520
9227
6496
618
7287
-8797
1543
-5991
-275
2690
-4900
-1926
-6085
-3696
-1676
8039
-6579
-4770
8119
-9872
188
8298
1568
-1928
-7577
-2222
-7551
-7475
8252
-9293
-5501
-510
-6641
7644
1962
-2646
-5267
4980
-5833
-9549
8203
8229
5128
9853
7511
1443
-9574
3414
-5776
1597
2478
-589
1778
927
1130
-1460
5257
2689
8950
3381
3975
-1072
-8058
2645
912
55
-3016
-5243
274
-1846
-173
4519
4915
-5394
-3376
8831
8706
712
9556
722
3088
8801
91
-1734
5143
3122
-2703
-7676
-1640
-6542
-3815
583
1187
-5319
-399
-224
-4369
-3152
-7060
2638
-3062
-1288
-2177
8999
9994
7571
2104
-4075
2593
-1230
6407
7761
8655
-7844
6369
-9126
7633
696
4345
-942
-8104
9560
1327
7190
2773
-8606
-7131
8951
143
-677
-7092
378
-2761
-7630
7454
4584
-9645
-6745
3300
9010
-9
8406
2423
-2874
8274
7428
-9533
-5850
-8157
-9723
-3192
-8213
-1140
4423
1690
5814
-9409
-9826
8809
3534
3446
7085
4283
-293
-7553
-9042
-364
-3330
-1421
-9442
7735
3339
7848
7080
4263
-4508
-8260
3436
2759
-1581
8914
8108
-4321
8579
4313
-4749
-2528
3676
-344
-9246
-3490
8569
-922
-6983
-4388
7720
901
4446
454
2717
655
-4308
5655
2163
-1000
-4101
2011
9920
7475
3976
-945
6260
9345
-8478
-6299
-1682
4387
-7855
-2493
7707
2449
-4094
-3413
6860
-3356
-8686
-5387
-2926
3949
1719
4568
-6247
3464
4230
7496
-8162
-4309
-5948
1753
-1841
7545
8301
8001
-4867
-9676
-5350
1532
-4800
-530
-7757
-7159
9896
-7360
9393
4305
91
-7853
4046
5800
5488
9308
9580
4077
-9914
9253
-7393
-180
5377
5158
-2441
9186
-5789
2419
6445
-192
5475
6927
-3062
5704
9293
3646
5871
1556
662
7992
100
7127
-5895
9913
4288
379
787
-5387
9682
5609
7512
-8279
-4630
-1848
-5872
-84
-6649
-3332
3441
-7195
-7010
-3729
-5542
5366
4004
7470
-7031
-4394
2168
3178
-1991
-9219
-9361
-1281
4764
1560
6973
-7215
-8655
-3364
2621
6386
-2270
-8201
7293
-5248
-8579
8354
3209
-7765
-5427
-7022
-557
2260
2388
5390
1308
6129
5287
-8901
-2334
-2962
2950
-7053
-6107
7373
-1098
-3563
-3689
-8498
4093
7989
2784
3913
4794
468
8523
8568
-2818
6250
-9679
-4302
1355
9312
-7776
-5294
3015
-550
2055
-9450
3197
-1135
8001
6691
6928
-1249
-2309
-4634
-611
7348
-4604
-9002
4268
-6043
9424
1141
8338
-9564
1897
8500
-9145
490
-6190
-5162
-2529
-5935
3865
-5043
-6233
2783
-8583
9761
-387
-3780
4457
2767
9292
1220
-699
-5394
7171
-3080
8854
3340
721
591
-2335
-297
-4320
266
-8599
2360
7051
6534
5889
5146
4764
8842
9810
-1367
711
-1633
-2170
6197
-2372
2591
-6481
6325
4877
-3897
2518
520
-8931
-8154
-8797
-8938
7809
-8136
3718
6870
-8362
1836
97
8201
5054
8768
-2894
-6813
120
-337
-8864
-9398
-7365
-7072
-6687
726
527
-3520
1253
-7335
1640
9610
-6365
-3304
-33
-349
-9858
-425
3535
7266
8404
-7661
-2903
364
-1629
-1239
-843
5694
9496
-1900
4710
-9117
6517
-6061
2551
-5018
2622
7753
8872
-2463
-927
-8130
4752
-5389
-8928
8707
8285
624
-804
-7277
-8433
-589
287
9685
3533
-5873
7877
861
-2557
1635
-9336
370
-4327
3307
-6233
-8822
-1679
2163
-7629
9266
-1060
6663
-4042
9802
8985
-6683
-9888
3277
7371
-8652
-9297
590
3286
-8050
634
3998
1814
6617
1338
-6550
-9540
6803
-4234
5088
3686
-8725
4265
3186
2458
8717
-9134
-6572
799
7573
8408
4064
6616
-2523
-2344
-1607
8413
7026
9100
6796
1687
8568
6362
-8526
1432
9453
-9258
594
-8011
9427
-6059
3427
-7038
295
5071
2223
2952
-8553
-1264
-5868
-7547
-911
-4773
-3228
-3680
598
9499
-1236
-3193
4461
2664
9937
39
-8781
-1678
-5738
2119
4912
-1298
1242
642
-7418
8314
-4225
-3681
-1885
3118
4389
-6738
4885
2976
373
-2847
7133
8020
-8646
-1467
9436
-4385
457
3324
-3318
-4330
-8319
-3143
5925
3928
-9107
6967
-793
3604
-537
8021
-4208
-6984
9559
-142
930
-8456
1657
-3967
332
1911
-7876
2185
158
-651
-1146
8156
-3429
-971
-1003
-5838
4429
6186
4544
3745
3218
7006
-7076
-6661
915
6174
7803
4196
-4074
9189
-4913
-2705
-8727
7299
717
-2252
-4001
745
4268
6480
2392
-6092
8396
-872
-2216
9876
-2413
-9509
1177
4280
-974
4276
9788
-8008
4327
-9431
8283
-1121
-7108
547
-5382
-7278
3244
-2454
1852
-5599
-2362
-5476
-3566
5321
-1334
7689
-306
-2780
-5680
-9874
6870
3982
-1208
3117
-6733
-7660
8540
9253
2089
-8421
1809
-7949
5313
9451
5100
9925
-414
4502
-9614
5622
-8929
4008
2984
1419
-4246
-9876
-4647
-5559
6885
-3463
-3466
7409
-2983
-5128
-3657
-1350
736
-8909
-2528
8425
5596
-9285
6815
-7761
-565
5494
-5903
-1218
5170
-2205
5092
3945
4630
-7157
-8073
-8872
2985
8134
8222
7365
3906
-2489
6722
1622
6917
-6170
6757
-8393
4194
4199
1507
-1293
-5734
4876
340
3311
4443
-1388
6702
-7037
-532
-786
-1529
-9258
5028
-6978
-713
-5579
-5259
3979
-2052
-4017
4518
-3422
472
-1904
4383
-149
1077
-2920
-291
8582
137
-9385
-6107
-7199
2132
4296
-6059
4217
-7738
-4537
-3754
6698
-1922
-8432
-5554
7414
3213
6198
-814
8942
-6952
-8324
4664
-7233
7964
-9837
-8950
-2469
7372
3921
-265
8707
-3978
266
-3517
7279
-1755
7854
1951
2618
8703
-5793
4243
4716
-5426
-3155
-5288
-5371
8379
-2929
-5502
8451
-6282
7584
7002
4401
3282
564
-2710
-7732
-4882
-7850
3794
7538
-6161
3231
7576
-1495
9192
6805
-7749
-566
8796
-1858
-4152
3784
-9894
5471
517
5089
-7706
-7691
7819
-6944
7321
3503
6994
-309
-5825
7622
7268
560
4926
-69
-4653
-9465
-8618
-501
-4346
9956
-700
-5199
-3346
9181
-7616
-9352
472
850
-569
1627
-1093
-4355
-3341
5372
-7664
3895
8549
-2275
-4958
-477
-7803
5054
3387
-6020
-3488
-1581
-2658
9943
-6192
-5247
-1965
1556
3002
2966
-5284
-7353
-911
-5086
-8249
3997
1944
4821
-5284
-8243
-9116
7990
-6218
-3876
-1473
7646
5710
-5875
-2103
-9937
-6413
-8925
-1639
3476
-4170
-6924
-8926
-1834
-2110
-7475
-9551
-7433
6025
-2564
-4110
-1617
8633
7070
9970
2433
-8659
-2715
6078
5658
-8320
7653
-597
8133
-6052
987
847
-3859
-3855
2810
4685
656
-4895
-44
-3378
3932
-9417
-3070
6538
10
9464
5136
-7513
-8940
-4302
-440
9848
4435
-7950
-8167
-5978
-6695
-4718
4195
-2932
-6872
-3506
9506
-5156
-563
-1737
6069
-9441
1661
9825
8586
218
-3510
-4393
2696
5484
1505
9519
6936
-8461
2884
6423
8176
-2609
9663
-1618
-643
-8930
1929
-2096
5869
-7929
9721
-6999
-5961
7826
-8286
3115
6919
8820
6765
-389
-1366
3912
-4175
-3931
8594
2585
6418
-1392
-3066
4924
2131
-5141
-6198
-1030
3577
-7129
678
-9300
-131
-8513
-6251
7711
6285
-7535
-2675
5207
7009
-5679
-4282
6895
-8587
9811
-8056
2974
-2584
-3515
3061
-363
2991
-705
2960
-667
-6986
4723
-7287
-7618
-1740
5887
-2745
-4430
5034
1313
7152
-4615
-8807
6538
-6728
9805
-1731
3339
-861
-1771
681
-7156
-1384
-994
-4096
828
869
5669
7341
-8414
-5047
2482
8768
-2158
-4926
-3137
-5146
-7525
-1132
-7306
-2685
-4451
4402
-8168
-3345
-2792
7404
5881
-4886
5247
-5003
9993
2365
-629
7215
1806
3407
5229
-2027
2381
1184
-9093
9221
9607
2182
12
9577
-512
-4351
-8578
-4735
6363
5469
2100
-146
-1087
-6972
7838
-5219
-1728
2525
8368
-1426
3504
-6523
-908
-1216
5169
616
7420
-8358
1136
-1764
-8689
-9863
-5912
-6629
-1083
-9359
8709
7547
-7570
898
5124
3371
428
-2887
-4713
6476
-6015
-4417
-4636
-4887
1346
2562
1869
-3819
-1333
-5954
-5046
6176
-243
-6904
2898
-6059
-4286
-5001
-1511
5939
6753
6479
627
-4826
5645
7147
-6313
-6558
6088
-8793
-1953
-197
2981
-4409
5419
1379
-7686
-5945
8581
9025
2100
767
5823
-4790
8165
-7149
4312
7519
-5128
9173
-3106
7683
-5083
4183
-1938
-7209
6464
-5071
759
4852
1036
-2101
8828
5701
589
7720
4152
-3618
9019
6895
4155
-8740
2578
3350
8339
1659
-7097
-1426
-7994
5454
-1067
-1274
-9509
-9506
9748
1084
-6951
5730
4587
-8729
-889
4440
2333
-6278
-941
-355
4671
-6827
-946
-2897
-3415
-3378
-8044
-6724
-8501
5432
-6199
582
9591
5517
-4001
-6219
-4036
-8291
8917
-8711
3987
4211
-6919
-9381
-4494
4256
3341
9567
7293
-7673
-9497
5081
7677
4
3347
680
7177
-2054
2068
-3405
704
-7177
-6905
-5729
-7687
-4058
-8792
-1014
-9774
9649
-7858
6599
5636
-9648
5489
-9322
-9032
-6990
-3796
-9825
6227
-6681
-8579
-7157
-1140
-7895
8426
-1824
-1890
-4251
-4835
-9193
-9032
2153
7856
219
2258
7467
7108
-9600
-5285
3891
-5525
6429
-1107
-2010
3558
-3033
802
-7599
1832
-9108
-6496
7406
-1159
-1591
-2801
-4266
-1354
2024
108
515
6454
-1702
8278
-2848
-7992
4653
325
-7824
7384
-5014
5338
-6760
48
7181
-6574
3498
1723
-6110
-8044
-7345
1989
2329
682
6736
3742
2309
396
1760
-4451
-1802
-5993
-4598
3937
8625
6365
5234
7379
8873
-5674
6539
1383
4445
-3467
-4491
417
-7090
2069
5424
5333
7002
9842
6529
6503
-3910
9716
2496
7888
-6092
-8251
-8900
-2878
6526
6660
7723
-7709
-8368
690
-5582
7925
-2492
1098
-6162
-9034
-5299
-3250
220
9059
-591
-9476
459
311
5893
2303
-4964
3089
-3740
8354
-6765
8852
-5174
6879
-7907
-9847
-3341
9878
-611
3903
75
8537
-7691
-9262
1330
6852
4717
1864
-2290
7274
6307
-5672
-9843
2634
9264
-6266
2197
-3168
6131
5001
10
7384
2076
7758
-3588
-5314
-6217
-9675
-503
7633
-5550
9849
9366
2582
9069
2958
-1530
-6744
-2467
-382
-1644
9837
6365
5797
7795
8739
3027
7141
-4608
7577
8314
9010
1984
7355
-6160
-9375
4283
-1978
-8738
-2708
3317
2649
191
-7242
4933
-2260
6223
4525
-8044
1882
-1422
-8216
7443
-550
4959
6223
-6055
-1332
-5529
-8423
-872
4910
-923
5680
2395
1614
-6109
-2158
2334
6842
5030
-8047
5354
-3213
3448
-5926
2924
4192
3792
-2221
7408
-8449
-8704
7420
5055
-6538
-3813
2296
-8270
3080
-3103
4422
9938
-1821
-9976
9159
9710
-1994
-4184
-1820
-5256
-1505
5123
-7640
4445
3394
9648
6856
7838
-8074
-2973
-1692
-7409
-4070
-7462
-6203
-5396
5573
-6458
-602
-8781
-7589
-5164
-8273
9186
8443
3191
6428
5294
-3115
1780
-9060
5565
4825
5610
6421
1952
-4533
7900
-6075
-9327
-430
7836
3588
9829
6735
5109
3077
-3571
-149
-6379
-6885
1231
7690
2869
-488
5628
-9253
-8665
2545
6286
-5039
4539
7229
-9088
-2644
5742
-4068
5386
-1648
2447
-6700
5751
3928
3919
-2537
-9723
-6461
6533
-1887
8312
4300
8347
-7811
-3237
5303
3224
6918
-5260
2599
7659
-3829
-7805
-7123
5649
-756
6967
6716
5123
1057
-4979
-9033
3007
-9126
901
2859
-5520
8641
-2589
-1767
8573
-964
5663
-2997
-7060
-1906
1834
-824
-2927
1149
4190
-8701
3031
2030
-4736
1198
-1015
8812
8564
-7284
5405
-2104
7677
9923
-5955
3898
2672
-6672
-8236
-7546
-3981
2581
-1614
-3750
3096
-9810
4284
-2060
-2864
-3231
-7277
-9504
-274
3699
5471
-5410
-7335
-9737
6935
9346
-8852
-383
-1168
7445
-7442
-8903
3072
6425
-5238
-4373
1997
4746
3114
-9701
6903
6112
-683
8502
9503
8593
4866
-3740
5747
-8013
2615
-8838
5239
9503
2467
5612
-9167
3409
-5996
2047
-9392
6828
-2923
-9540
2330
-5509
6216
-7232
-3375
-4622
-1060
-8592
-3038
-3470
-9301
5322
6698
-6005
115
-7977
-7644
-6532
9391
-1155
5843
-906
3313
-7183
-407
-2658
8734
-9303
-8366
4497
-4442
9776
5856
-8509
-9058
-430
9299
-6144
8956
2871
-4988
4435
4526
5997
-5745
-9819
3224
-2371
5531
-7940
3016
-768
2536
-8987
3287
7883
7187
557
3615
5029
-2104
-7703
9811
-2215
69
2485
7808
-9305
-4953
9177
2270
4212
8116
6824
914
3586
-9692
8898
-1436
-4613
6412
1658
-4457
2695
-9752
-6351
-2102
-6723
-859
-1631
4011
213
-7064
7030
-7533
-100
9598
-9674
-9567
-3519
609
1794
-713
-3156
740
-108
-5589
5294
-2756
5288
7115
8820
9131
-6857
-3215
1493
8201
4703
-9922
1547
2449
-1570
-7563
2974
6021
3357
7831
-3781
9343
4490
2839
-5916
9654
-3043
2970
9058
617
2812
-4787
2229
11
-8550
5346
-7380
8331
-9062
5288
3375
3006
-655
-6235
-967
-8181
-119
2675
8964
691
-7454
789
7933
2844
-2860
1269
-2634
-2600
3023
6747
3098
9814
-1341
9931
2555
-7003
-9573
-1988
1895
9184
7684
8977
2393
4795
-2228
-4138
-8372
-6199
-5658
8248
7146
2663
-1910
6880
4867
-4184
2840
3630
-8871
-3523
-1571
2255
-1288
-9727
3502
-3301
-6493
4478
-3919
2669
649
9152
-1092
-960
4727
5492
-4011
-1758
7111
-3587
-8744
-9641
310
-5549
7991
5133
-7757
-9417
-5445
1464
-3053
4888
7145
-5335
4193
