10000
-5828
-2938
-180
2020
-5268
-9733
1404
-1661
1666
9131
-6263
-8491
6342
930
1870
-2519
-4569
-1314
-4181
6039
-9916
9892
-4263
-5239
7271
-8419
-8419
5831
-1172
-9360
-8581
-9859
-3552
7453
7074
9996
-8443
-1645
69
-1174
-7311
3311
7722
9846
2293
2611
-69
-676
5531
7806
-6502
-1279
2217
8525
-4526
-5972
6691
9870
-24
9425
7437
4476
-7919
-6021
6733
3484
-2180
-6026
-9713
5779
-9072
4598
66
8162
1200
2471
1248
-7681
3323
1522
-9557
-4783
6769
-9880
-1326
-8601
-9234
2766
-813
-1994
379
1637
-1766
-5842
2330
-4171
3624
1687
-1761
950
-7729
2733
7167
-5189
8185
-9675
1696
-9669
-5495
4315
-7793
-2179
4409
2474
-1999
3391
3746
-5657
4721
-4797
3546
-4854
7896
695
-1000
857
-5477
-8320
9491
291
2158
4354
-7000
2070
3639
5165
-7686
4126
5149
-2904
-7244
5563
3934
-2381
-4566
-7619
-8992
9244
6494
3231
-4129
8416
4958
-7267
-571
-8389
2890
-1581
-4392
9358
4051
6163
-498
-9108
479
-8734
9819
-2911
1193
-5296
-7477
2527
-1402
-2893
3979
1159
-7102
-8929
4481
-9552
-3575
3556
1500
4183
-7167
8707
2181
5924
5109
-6450
9813
1588
-532
-3652
6657
7048
-3752
7813
9777
6154
-5525
-1312
-7154
3991
6338
-5865
-9703
2317
7238
8163
5688
5970
-5496
-8502
-2997
8670
9801
-6447
-7779
-3289
8604
1279
-3530
-4217
2083
-7503
2605
-5268
-9931
-2285
-9029
-901
2498
-8863
-7125
-5054
1741
-4261
77
2553
-8936
-4674
-1047
9748
-5858
-4507
-8655
-3224
-7815
-9861
8816
5271
4260
-997
3038
-5030
-806
-2810
3317
1162
-6371
-9888
-3586
6570
-845
8136
9669
-8299
9067
4306
-917
1632
-5635
1283
8857
-9013
-2352
-2584
-3086
-7703
-7403
7156
-8350
-7735
-8944
6612
6099
6401
-106
1136
5566
-3978
-8462
-4864
254
2571
738
-2328
4256
7971
5343
-5518
2454
-7788
2778
-441
1739
-3862
2657
9801
8050
3957
6720
-8112
-9961
-5007
-3739
-193
-3401
-6000
-4580
-5726
9003
-6202
409
8582
-578
-7664
1396
-3147
-7200
-543
5453
6349
8916
-3381
-2767
-9092
292
7239
-8810
-3685
4916
7937
-5088
3875
7860
66
998
-6864
-1522
-5157
846
465
-3296
-276
8885
-1816
-348
5166
-8949
2948
9802
7299
-7301
-9927
-9785
2072
456
-3271
7270
-7373
1522
2737
2525
4511
9880
-3166
2235
-6831
3960
-3781
6142
5015
-9230
-4048
-2367
-4484
3978
2104
-2574
-678
9932
5352
8673
-4932
3946
1928
3028
-5553
-6239
-7441
-5001
4965
8090
-6911
8497
-9627
-6356
7137
-2061
4082
5086
1459
-1047
7606
106
595
5810
-469
-7170
-148
7373
-953
5436
7734
3529
8289
5536
975
6911
3204
8002
-7436
5883
-4593
9617
8957
6228
-6010
-1184
6771
6493
-9191
221
6830
-5420
-850
-6660
-8881
-9544
4941
-9230
-2570
-9000
137
3965
-7135
-6105
-5210
9185
-4766
6603
-7861
8589
1404
2228
-6938
-1892
-9670
-9686
1366
2808
6508
-6305
-8455
-4391
6495
-6173
-8974
-4758
-9353
-6346
-362
1293
4651
5337
9396
-5963
1277
8606
7583
-4752
-4203
2269
-4103
7240
9786
-1848
733
-2177
-9428
-1802
-9879
-4712
5440
-4516
6694
-1227
5561
794
-8938
8282
7552
-9935
4153
-1456
-7649
-1550
-7364
838
3551
5458
-2369
-9678
4092
7609
2176
2389
2818
-8390
-7703
8765
-8985
-9315
-5901
-6588
-3867
2232
-3978
-8747
9969
8988
5518
9615
-227
4972
-1525
-3678
7174
-2424
7509
-778
1019
-761
-5318
-5910
3435
-4093
-170
9978
-535
7566
830
5563
9823
-4285
-55
-6304
-7508
439
7611
6654
-3140
6415
-2257
2060
8322
7083
3360
-5820
2484
7775
-9708
39
3619
-9214
5158
-6787
-8970
-5921
1710
-742
1026
-471
4847
-8196
3048
-756
-4163
-8336
-3093
1086
9385
1492
-5332
4853
3435
6551
1796
5202
-405
-8195
-3843
-7750
-1557
-3201
3469
6310
-3659
-945
-3984
4528
7868
-6439
-9278
-1426
-9295
-8348
-5450
-4133
-3899
152
1045
-9200
6774
2298
1814
-6478
2712
6675
6422
-2235
-1887
-4913
725
8735
-176
-3648
5709
3287
1275
-7549
-145
5947
3636
6906
2428
-2911
3928
4088
1884
6422
-4044
-2980
4031
9682
3060
-9067
-4882
-1300
-5815
9156
-7475
-6455
-8299
8574
399
112
4982
-4432
3990
6489
-978
-7811
-8187
-7132
8875
7459
5796
-5401
471
-5572
1744
6271
4030
-1184
2524
-9818
9527
4392
-3064
7845
-3342
5741
-644
-3839
-9732
1519
7745
-7822
6098
-5262
-1220
-239
-9793
-158
-504
3215
-3309
-6825
655
9122
6915
4947
-8508
570
5015
-3319
5472
4402
-7243
-1768
-2696
-2205
3911
-7340
-137
-9422
-7702
3942
9117
105
8054
5897
308
6050
2405
9941
-7286
960
-318
-5702
-8560
-3848
2224
2658
-9746
1165
5492
-7335
4288
-3910
-6400
840
337
9223
1564
-1220
3827
6238
5267
7110
9624
5688
6167
-7397
7025
-2223
9042
7452
-8544
5018
-1653
752
-165
9517
6801
780
5152
-4134
-2681
-9003
-3121
-9888
-3988
5917
-7063
8952
-6618
4169
-4349
-5109
-6806
-7725
-3961
-3996
1578
-6325
-7641
2752
9083
7064
-7394
-4990
-8382
29
6757
-8381
411
-4394
4399
3015
7590
-4703
-1950
-9590
270
-7846
-2253
-8903
-1289
-5473
4860
3165
-5084
-1582
-8068
3793
-2238
-3491
6987
309
5652
-7633
-2760
6908
4027
-5436
1474
7456
5378
-6716
-2705
9366
4516
2498
-9076
699
634
-2524
-766
-2867
-7803
6018
5841
-5578
-1324
-7289
3468
7491
-5293
-7403
-3312
2292
-9168
2373
-8862
140
-1237
-8629
-8988
8007
2425
6712
-9740
7723
-6475
-934
2978
4599
9156
9534
3211
89
3683
2454
-9577
3612
1903
-9067
1067
-5378
-8495
-1034
6539
-1409
-8700
-2083
5872
1749
3588
3861
5890
-8131
6389
-1415
2482
-5620
1869
8526
-553
3235
2175
-7347
419
481
-8795
-4545
5920
8562
1897
609
-979
-4091
1200
-5466
8111
-1508
132
-2820
-3242
-6916
-2756
4166
-1299
-5500
-1910
9129
-7939
-6533
-1024
4931
-4065
-7998
-3392
3733
8828
968
-9345
6145
4259
5212
8053
-5906
-9019
2749
-7836
-3032
-7119
-8722
2147
7557
-5913
-4827
3302
5890
-837
1250
3371
940
3657
-643
7203
-613
-785
5880
-7557
2713
9323
-1964
-8762
6176
5617
1183
6761
8033
8809
6218
-5566
3520
-4060
9689
9078
-771
409
-3244
-4682
-4658
9184
5979
6541
6631
-6071
2326
2792
1596
5466
-3382
-2141
-579
5380
-5593
9356
9344
-8607
7742
4310
1821
-8116
-2320
5405
-334
-4900
-7230
-2672
7911
-802
-2643
-3136
2508
-9138
881
3683
2750
9299
-2326
3589
9160
1300
-3430
7853
3910
-1989
1062
-4409
773
4388
-6243
595
6087
-5759
3635
-8695
-2878
174
-1140
2854
2952
-3252
-8877
3544
-6911
-7364
-4438
-4221
-6316
5273
7292
5197
-2811
5746
-5458
9004
-8584
-9757
-7179
-1654
7507
80
5345
9874
-7934
541
-6890
9914
-9388
3181
1499
9580
8131
-7947
-5109
5555
-5135
-6245
-5527
-66
-8979
-2032
-847
-5292
6613
-6744
-1846
1525
3638
-6094
6231
5993
-497
3352
7501
-2137
-5485
-5803
-8002
-9180
-5044
493
4659
-8714
7933
-5746
-3111
-9661
7008
-7551
1843
-6869
-6289
-6451
-6163
7599
-8962
-440
-4496
3676
6276
-6501
-5455
-8904
4731
3601
-3163
7656
6461
3515
2639
-3077
-4626
-2205
8185
-9449
-775
9963
-2911
5662
-7341
-286
-7734
-2276
-7141
-8126
1684
176
2307
-7927
-3802
-1003
6664
1297
3368
5963
9148
-4690
5485
9255
7621
-5404
1293
5364
-1
-3965
-3920
-6812
-4420
9088
2662
3031
108
-6991
-5804
1222
-4553
7812
-9366
-5619
9063
5020
7887
4147
-6941
-1398
6909
-5257
5366
5924
6922
-2056
-4657
-1532
859
7809
-5343
-3456
541
6896
-6518
5953
-4914
8578
1584
6658
-4555
-9347
-5433
6887
-9902
-3624
4976
-8169
8656
4843
-9604
2936
-7785
-3153
-4626
2150
3902
-7375
286
-3953
7838
6520
-9191
3502
-222
6224
7526
6209
8699
3475
771
9322
-5585
-684
-6962
4127
2001
-3577
2785
-5042
2092
-3824
-2316
-4272
-8712
-250
-1818
-5624
-7088
-9724
-2666
-8199
890
6252
6571
161
6053
120
5620
-9194
4561
6399
-3830
-1828
4168
-2816
849
-8416
7723
4557
-355
-1517
6439
-1673
114
7014
2950
-7950
-6589
1279
-2111
-5147
-4292
-2058
3635
-1839
-2629
-1234
-8855
-3397
7769
9523
8598
-3656
231
268
3971
-9836
-8493
3773
-3197
-3521
1130
-3715
4677
9236
4567
9678
835
-1274
-1142
3486
2359
9738
-2860
-5383
-2707
6844
-7602
9641
275
-913
-4199
4139
3020
-7916
3648
1327
-1595
-6171
8441
-6452
9791
-6513
-1589
-675
-2389
-3558
-8406
-9412
7475
3959
9533
-4326
5429
-4571
-8639
-8424
-1621
9503
7846
5860
3461
-5595
-2505
-4236
-1479
-4378
8119
56
-3472
8711
-5913
-1409
6369
-9134
-6972
5801
8955
-8706
5517
-3068
7228
-9385
1506
-3226
3359
-7446
-9401
-5115
-5518
-9168
-6616
1558
7909
-3852
3544
3680
3390
8642
9554
6236
490
-755
-160
236
462
7485
-5031
-7691
-8452
-4972
-2780
4730
-128
-5412
9915
-6922
2298
-689
6796
-8523
-7610
4609
6233
-8656
9847
-3954
6207
2820
9762
9308
-4589
-3058
1494
-2068
-8600
3717
-3030
-3325
1038
-8621
5551
-1841
5076
4433
-5180
-9607
6510
-9473
5769
-9434
9713
-3011
2411
5608
7515
-7576
-3555
-3929
8912
-7244
5832
2056
6944
7587
5081
-8872
2404
8991
2649
1848
6407
-2662
3194
-8252
6785
-5761
9644
-2975
-3363
5172
7792
7747
477
4943
9636
-6376
-6348
530
-3875
-9515
-2447
-5500
-7501
4091
-9957
-4435
-8810
-9691
8728
6638
-4898
6224
9416
-8645
-7072
1031
9358
8470
-3492
-4918
3054
6602
6163
3099
465
6656
3158
7814
2598
-511
-9990
-2358
4612
-8600
-1304
-5945
-1590
2371
5297
-2458
263
2438
-1378
-7297
2133
-5300
-955
-9076
-929
1100
7511
6024
-8924
-9644
-5801
-1630
-7884
6948
-347
-6844
2423
969
4473
-9189
7693
5268
-7925
-6366
-7504
-9802
686
79
9717
-133
-99
1498
-4078
-7871
8013
-4218
5913
7987
-4893
2573
4194
1542
8991
8812
-4921
-4017
-6155
-888
7561
-2146
4828
-4773
-1007
7420
2976
511
-1936
5949
8146
4694
-4761
2081
3423
6963
-5213
-7347
-2307
6441
9888
7776
-8574
-5905
-2738
-5259
8943
3372
-431
6101
6986
-6076
930
-3146
-6359
4031
-1645
8595
-3670
-334
528
7145
4096
-2643
3713
-4532
-9753
6784
9004
9380
7608
3275
-7369
-5657
-6247
-4192
267
-9612
9708
8439
-8332
2889
2343
2062
1957
-2430
-6045
-8613
2680
5679
6030
623
-6509
7952
-6564
-2615
-6714
1871
7418
-2348
7473
9563
-4125
-7938
-3581
4252
-5813
5686
6972
7704
-3303
9536
4756
6785
-1423
-6215
-6827
-9320
-2865
-926
-1085
7170
2768
5739
-6115
5221
-3766
-6851
9403
-4096
6300
-477
-458
1957
6240
-3178
4839
-717
-6307
-7516
-9625
-620
5050
-8835
2902
-273
-7988
-9575
9080
-2837
2800
5673
-2951
2882
7860
-1096
-6799
-771
-7217
-4098
-9117
5521
6001
4738
2719
3318
-9163
744
-9273
-1312
340
4158
3151
-6244
5235
-5409
1438
-6711
5852
9091
9105
8528
-2038
163
3038
-2335
5949
-9044
6261
5387
-3858
-8352
9507
-2312
7485
2883
7152
4099
1286
9736
2377
-6313
2866
-5287
6680
-3003
-9303
2845
2895
-3551
-4412
-439
-7293
2554
6497
-5530
-971
436
-1583
-7462
8652
-4892
-9653
7350
6942
-9049
-1565
3227
7886
6111
-2731
7594
7695
8043
-9797
-8569
1414
9922
-1569
3657
4845
-4340
6762
9537
-8588
5437
-422
-5116
-3774
9935
-814
7446
-870
-1413
1515
725
7065
9459
3144
-1569
4699
2911
1704
-9855
5821
-9934
-6379
542
7709
1320
-2983
-5800
3101
3742
-1904
9501
-7961
4174
5496
-143
-4950
1062
7589
-1164
7043
-1372
-5391
-2928
9143
7536
6800
-8766
6076
1206
-8510
5602
344
-5794
9410
-8624
2465
3082
283
-7171
-9661
6476
7803
9459
2272
-5727
-3073
-5214
-2063
4557
5517
-4087
-8117
6260
-5951
2397
-1699
4754
-9537
-1224
4534
1465
391
1185
1731
-7675
-4985
-4557
-2826
3709
-9686
-83
-4382
7079
-7442
6231
259
8648
1108
7627
-3270
3480
9744
8071
-6602
-7074
-6368
1806
5902
-8435
-8871
7189
-405
8602
6556
-9583
547
9145
7592
9402
-928
7283
9737
7452
-9729
8518
7887
-8197
-6285
-1671
-1607
-2016
-7286
-613
3120
3044
-9816
-8233
4752
6903
7215
-5387
-3871
7470
-7872
-16
6628
4935
-6597
-1809
1417
-5286
6403
1635
-4067
-386
1853
2620
8384
-6124
4950
8680
-1676
-268
-3356
-6455
4594
-5485
-7515
6290
-9577
-6130
-9116
3422
4636
-267
-2726
9037
-1725
-9386
5232
-3493
557
-9627
-4157
4798
2888
-8826
-3647
-4739
2182
8535
7151
-5144
-6871
6172
8717
1496
-134
-2872
5233
-6333
1113
-5820
-7152
2171
-5810
-1120
8731
-1115
-5282
-972
4294
7153
2969
4081
-1372
-8517
-560
4168
8462
-8804
-9339
3222
4834
-3571
-5862
5068
9480
8058
1803
9335
3536
-8225
1912
1552
-5097
-2430
3514
-7838
-9303
-2996
2135
6994
-1088
2245
-1903
-7152
-7510
-5685
568
-4902
-3543
-5169
7808
-857
-1741
-3348
-8819
-5545
3386
1092
7851
-3660
9350
6265
-2118
580
7582
4389
-1402
-1842
3046
9079
5556
5927
-2109
8363
8729
280
7705
-7740
7909
5806
1493
-5720
-2340
9373
4710
8056
-8763
-6254
2342
-6869
9084
9812
9527
8678
5186
-1227
-2199
-9254
3988
1435
3224
1049
4793
8325
1714
-3850
-1068
-7652
7189
-9831
-9510
-7687
-1193
-4036
5853
-1715
-5312
4710
-1817
-6160
-3503
5281
-3869
-8407
4360
9177
-4875
9463
2587
6579
-7927
-710
-4158
9543
8040
-3103
-4335
-9604
-6456
6193
-1181
-7073
3867
6254
-1262
6144
-7097
2089
-2333
-4727
-906
2406
-2273
8059
-1373
8521
-869
9382
-5355
-3
3929
933
4745
-2848
-8185
5908
8231
-9298
6437
6192
7511
1065
5445
-7639
7596
8866
1547
8390
8894
-5658
6420
6229
8118
-4408
4947
8269
-3870
2183
2645
-4766
-5528
7036
646
548
3991
8642
-4787
-9611
4217
3106
-1230
-9019
-4282
-6759
-7328
8876
1106
-9591
-8890
707
2597
8921
-9097
-1121
2187
-9686
-7055
7275
-2974
-1033
-9477
-2752
2769
-8281
-505
-6268
9465
-3021
5047
-9027
-573
-8658
-7941
7280
-40
-8810
-7559
3963
-9264
3766
7814
-2229
-2462
7957
-2000
3546
-166
-9857
-6018
-216
3496
9517
2767
-11
9941
-3469
7071
-2695
-9743
-7865
8424
1312
-7480
3177
7813
-9659
179
5651
-6574
-5270
4106
-9090
-6833
-1775
4119
-7218
8003
-5029
-2618
-4453
3037
2394
-6472
1182
6102
-6604
6391
7444
6227
-4009
9316
5554
1350
-5741
1868
-1051
-4685
-9863
8121
-5436
80
-9746
4836
-107
774
9803
-6584
8760
725
-6027
-6477
436
-9836
-8428
-7370
-7300
-363
-4910
-3173
-9538
-6586
-7567
7477
-8440
-8172
-5399
2035
-233
8138
4638
-9201
-6275
5656
4410
131
3630
-2737
-7796
7035
-3097
7400
-4292
7749
-8836
-7036
-6711
4485
-3
7182
3714
-7067
-6428
9597
-5187
-3638
-4611
-2090
-7305
-9438
2034
9678
-9879
25
-8526
-4244
-3933
6698
-6882
5933
6983
1202
8432
6689
-1211
3521
-8152
-173
335
-5174
5972
-5337
3256
2586
8379
4795
-4787
-1691
-8314
-2896
-4464
-9733
-7413
-3038
2893
4442
-72
5874
-1540
9661
3128
4005
6962
7058
-1179
1061
-6301
8938
4971
5989
-4392
-3863
-7531
-5822
-8888
6621
6326
-3803
-1577
-3061
-1451
3429
616
3621
-9834
6058
-320
-3305
-7871
268
1337
7105
6930
-4710
-7361
5183
-2500
-842
6667
260
-3590
5757
-9351
9222
8820
453
2536
-9742
1898
-9153
-7827
2048
5696
-517
1684
993
2214
-7765
2261
-427
6691
4960
4175
5721
-7330
-3536
-8221
7133
-1080
9370
944
-2476
1161
3104
-922
-3580
9861
-7822
-6583
-8866
-7829
1900
6180
-9465
-3462
-5611
8231
-8203
-1296
4424
-8289
3509
7281
7472
3921
9385
3248
-1235
7763
400
1981
-7917
8134
1245
2667
-3471
3379
-887
7005
-5329
-5951
3875
-9364
-8784
7088
-7386
-8585
-5129
-3114
324
3176
5254
-2284
1310
-8385
-7550
1108
-1163
8797
1522
-1471
379
-3761
-9434
2338
4739
-1739
533
5908
-9609
8654
7550
4739
-6009
-2622
7408
-8731
4991
-6068
9509
-7116
8242
9985
-1783
-7930
8819
-8479
2265
-4917
642
761
-4410
9570
1987
-5293
4056
-6473
5770
-9093
-9585
-1475
4723
-6322
1029
2532
8302
-5535
-4368
6359
-3497
-3317
707
-7498
7203
-1360
-3244
907
-2729
748
-6504
4778
5491
472
2251
3049
3948
-1157
8524
1850
1111
-7408
36
98
6560
7056
4391
599
7386
-4196
6483
8762
-6446
4554
-6635
4750
-9188
7177
-3156
-9835
-6513
-2510
-5243
-8570
-6100
3917
261
-8084
-7399
-7971
-2107
-7074
-6867
-9751
1143
1814
6756
3048
1319
-4911
-1775
9512
3933
-6462
7059
4699
7743
3091
4000
-2913
5940
-8327
-6497
73
-3261
8594
7602
-2771
1081
4606
7440
8748
-1527
-2153
-688
-5606
2829
5775
-319
5130
4715
8421
7095
9337
1428
-7037
-8097
8692
5382
3574
8116
4583
-8080
5995
-5014
-4412
-5451
-9533
-2488
4843
-6006
3923
-2765
5084
-7238
-4070
2821
4758
-3670
2207
8284
619
118
5319
3470
-5054
665
2064
-1158
8520
-916
429
7066
-1995
1094
6015
3094
-3849
-8671
2092
-846
-9859
-2339
-3618
-7769
-7775
2014
-7014
4270
402
3473
-8964
7960
-515
-4084
-9172
-1220
1144
-3214
-5409
680
-2420
-5674
6188
5528
-3972
5239
808
-8539
-9994
3210
4225
-6284
-300
-2090
-7788
-5649
-3441
-3592
6124
-9103
-350
1414
-3464
-5285
5974
-6895
2951
-7484
5263
-4829
-4862
77
-9070
-1752
1958
8210
-2447
6794
9436
-3364
7541
5684
-3561
7507
9095
2904
-4182
-3823
1147
204
2179
3250
-6439
1966
-952
3079
8873
-9112
8908
-4918
3354
304
3470
9740
3248
70
-9521
-5174
5096
2240
7726
-8706
9321
1187
-5119
-4718
6888
-985
-9582
-305
-4457
-8067
6324
4723
5580
-83
7072
4673
-694
8183
-9264
-5773
-4626
-3877
-1481
-9398
-1128
-6315
4732
-3866
-2028
-7296
-4207
3601
-5436
-965
-2668
-7211
1932
-4984
5985
5710
8761
-4207
658
-2214
1071
-2298
-9932
-3475
-243
961
-5497
98
-7873
-5205
2130
-4789
-7872
-4681
6624
2025
4522
5452
-3077
-1001
4348
2112
1155
-3167
-7482
-7489
8651
-6158
-3884
-2741
-3375
-7893
-9675
-4451
-4712
6383
-4793
1034
6852
-2341
-7168
-6558
2225
1683
1627
-5807
-6065
-5673
4126
2600
-1186
-907
8900
7542
-509
9145
-1045
-2737
9636
-6689
7324
-2801
8358
-2520
-9485
8792
7072
-8566
6442
-2154
-2821
6530
-4602
932
1256
-1594
-6915
136
990
-2923
-6333
4377
2671
8367
-3088
-3871
-6138
-8575
-5905
9597
3072
-8520
-2331
-9919
-9340
-9449
-9700
-5704
-7937
-9628
5484
5353
7136
-6148
6501
-1706
9613
-6105
-2117
2430
9473
-2970
3790
-4062
67
-5655
5172
-2459
-4029
9597
4838
-660
-2189
-6814
3940
-6491
3455
-6373
4198
-6749
-7701
3455
352
-2553
1992
1868
4240
-7301
531
-8133
9191
-1799
-7158
-5650
5138
-2072
6700
1126
-475
-4922
-8565
-5358
515
-2047
-9168
1601
5323
-1793
-6420
3640
-1342
8349
-1193
383
-1574
6580
-8793
1110
6140
-5864
6446
-4890
-7913
-7845
-1809
1650
4260
9519
-8641
3531
-7627
-8280
-9163
-3581
8602
-1153
-8883
4217
-7280
-7021
3039
-3277
8039
8393
-3402
-5590
6446
-9067
-7248
-7105
9725
241
-1391
9163
-5122
-1430
-7228
-8556
2328
730
-3889
9212
570
3055
2706
-6060
-671
427
-7716
4141
4774
4581
1898
6703
4039
-7284
4893
7906
-5616
-628
-9833
4842
-7098
-3351
4497
-8848
8880
9096
5948
6555
-126
-883
-8174
-387
-3673
4191
8408
521
2762
840
-4301
-3485
1505
7161
9411
-4432
439
-2518
-4095
-1364
-2027
-9634
6192
-6309
-244
7141
3075
-7113
-8703
-8005
-533
2440
7861
1965
8571
-6639
-3376
1660
9786
-1913
7754
987
9636
8349
4533
4851
-226
-7686
9546
-5371
-9388
-2388
8623
8687
-7344
-7914
-4798
-2456
-2151
5605
7493
837
-4826
5312
3142
2974
8509
4862
-7063
1195
7885
6353
-4876
2887
4452
-1920
4087
-7017
-3762
-5294
-9706
1764
7819
-8826
9300
-9341
-6581
6432
-9539
9558
2248
-6562
-111
-5492
1728
296
-9880
4323
4750
-1850
-538
-4914
-9212
-2485
-9187
-3823
39
303
-3751
6921
-1209
1307
-6548
4681
2778
-1698
-7625
3551
8980
-5060
8337
9973
-4380
-9595
-1865
3155
7950
6308
1392
7009
7968
-4178
3420
5290
-5708
410
6105
-8963
-5183
-6000
-5839
2349
-1570
9946
387
3544
2741
-7721
6956
4325
-4097
-3250
-6094
9926
-6687
-8448
-4083
-3619
6115
-8074
2706
8315
-2775
8761
-611
-1052
9936
8289
8635
1006
-7578
-4187
-6766
8583
-5818
8337
-1075
-8298
-4145
-778
-9785
-38
4385
1371
3123
8624
3731
2065
-7322
6320
5395
5156
9730
4726
-1317
-4467
2079
-4002
2220
-9340
9656
6696
-886
9523
1136
636
5652
9382
-65
39
-8674
-2561
-1123
-2045
1453
5414
9545
5204
-2290
-6499
-1674
9423
-973
-6639
1843
341
6507
4204
1237
-3619
-5059
-3960
5604
5872
9697
-2946
5439
654
-9797
-7044
-8852
-4274
-3307
4597
-2464
-8926
-4041
595
5447
-1159
-2426
-2265
-4431
-5922
3382
2497
5850
4253
845
9499
7827
-9594
-4106
-3121
8754
-6518
-3138
7433
2387
-3774
1199
8984
-6551
4623
4615
-5346
-7322
1501
-8908
-5434
-4478
7808
-3378
-4555
1579
-2240
8881
-7943
4010
6129
9877
-4098
-3186
-485
3404
-1
1239
2521
9175
7290
5216
-867
1701
-5828
3466
6448
3817
-6340
8802
-9962
439
2884
-2322
-5104
3836
-8631
1881
-9989
-4361
1883
-2472
-2762
1527
-264
-2440
5634
-5262
-8100
7207
-1374
-354
2003
-8293
4481
-8080
8142
-8542
-1134
-7504
7092
-5976
-2477
2389
-2416
1951
1099
9954
9512
-1842
-2222
2716
3886
8824
4144
-4281
-4561
6375
-8963
-5284
4168
-2475
6312
-2455
9337
2231
-7949
1317
3346
1734
-3749
-594
2409
9548
246
-1663
6766
7336
-11
-1355
-1098
4509
-5303
341
-1549
-739
4194
-8296
4325
-627
-6030
671
2825
1558
8943
-7446
-3569
9736
-8200
8919
8842
4842
8303
2008
-9567
-5982
8645
-3728
5378
-1379
-8685
-2710
-6378
-4132
-9148
-9803
-8144
252
-2672
-7712
-5025
1952
-1565
7470
6818
2557
2237
406
3867
226
-8430
-2534
-1188
4994
497
-2302
-3586
2815
1762
5461
-4751
4788
-951
-5261
3534
-9601
6599
8689
-5016
5225
-5729
-7695
-3072
-8589
-7434
1854
1400
9184
5011
865
5791
-3879
6951
-7997
7627
-6271
-9114
3040
-2651
7509
-5965
-8764
7134
4575
6650
7749
4800
9464
-7722
2044
8447
9559
-9901
225
-8594
-2053
-9906
-3294
9837
8752
-3688
-2817
7936
-8127
-999
8773
9660
-8357
6833
6086
-198
-6086
-3910
-4782
-9746
-2605
-8502
-5740
-911
7804
-2603
6026
1594
-3205
-9457
-1406
8171
-1206
5934
46
-5657
260
9774
-1276
1826
5295
6830
-7787
-7055
-7290
9047
-4248
2081
-1343
5981
1170
3843
-7773
-3586
-9933
1764
-2112
-5112
4912
5339
7401
3671
-9559
3068
8982
-3236
4087
6410
-8978
5177
8836
521
-6282
4264
-5178
4880
180
4604
-6535
-1059
-1314
3615
-4520
-2045
-5436
-1414
-9544
-8417
-6601
2003
-1407
6184
8276
2545
-6550
-9371
-7599
-4421
5232
2712
387
-4514
1299
-9576
9642
7853
7149
-4708
5209
-1789
-5553
-2317
-9755
-860
2201
1809
7818
-9823
-8426
-8988
6901
3578
3538
-6075
4945
7710
-3431
-7927
-1327
-3218
7918
-521
5047
5664
-3516
2868
4735
-7392
-9476
-4678
715
1520
-8612
-1209
907
-2641
5544
-5902
3592
5272
416
-6408
3118
4769
3766
-2155
1652
4324
8042
3790
329
4315
6564
6890
-6563
1444
-1075
3649
6153
-2812
3562
-915
-2180
680
9526
7837
-1758
-7546
-4006
-8343
-2637
7810
-2740
-8897
-1034
-3027
-4446
7675
-8560
4647
7505
-4330
6605
-6043
5958
-6986
-1910
-2834
-3648
-3197
-6084
7775
9640
-743
3072
-8882
2351
-9831
-8448
-6804
-8830
7514
-1569
-1564
3180
-3299
-671
-5024
4041
-9922
1434
6922
9762
-890
3090
-4976
3401
9533
4241
4513
-5262
6333
-5876
-8620
-83
-5374
5548
-5913
-3172
-6786
-9768
-6939
-6987
5417
-129
-8607
7061
9749
1348
7423
4511
-6337
-6490
5042
-3856
-6078
7978
8128
96
-9467
7335
9377
-7080
-2283
7950
550
4618
7917
6484
-3209
4657
4273
-6562
1781
-7578
-1797
-6296
-4002
-9348
5804
3506
-8786
-6311
9540
295
5539
1073
-4147
-4053
5849
5376
7793
5024
9619
-4892
-2771
-11
9403
7157
-9955
684
-9247
-2238
-2186
9094
5440
-4247
-6286
-6770
-4802
3923
9926
8766
6386
5706
5808
-9102
-4513
-841
-9812
-4889
415
-4548
6310
-3825
-8101
-7957
233
629
-4490
993
-3466
7623
-9878
643
5425
2309
4234
9587
-8267
-6588
5190
-8817
-1081
-5729
-8595
-26
-6073
-614
-2515
88
-6621
9588
-9226
-7575
7271
-3734
-1540
3681
-8113
-3166
411
9443
8605
7162
9845
-5880
4453
-1331
9847
183
-2491
-7105
-582
7492
6898
-1274
708
-4510
7278
-6059
8495
390
4278
-6491
-1694
-4070
312
-2110
2043
-9478
5729
9648
-4018
-946
-4652
-9639
9447
3364
7415
6004
-5045
7434
-856
-4046
796
4069
-3987
7304
-6404
4337
4296
6741
-7063
-7818
-9303
6991
-3353
9507
-5827
-1394
7227
4585
7525
9300
-8685
1335
4353
-8745
9379
2733
-8021
9261
-3062
2687
6977
-2157
3859
360
-198
-4006
-9225
-4728
9209
-2514
5056
6908
7455
8836
-919
-9319
3931
-6112
-9279
-7196
-8419
-3104
5326
2768
7880
4681
5550
1237
-6523
-8980
-8168
-4342
9524
-9932
8769
-448
6046
750
9563
7322
-9818
-9771
5656
6988
-6723
2266
-7124
-9777
7445
6477
8080
5470
-3219
-5206
5411
-7888
-9685
-9534
203
4818
8937
-7579
729
8736
-1274
-1751
-9334
-3712
1436
-6598
-5974
892
-1423
-5218
2580
1530
4711
4675
2132
537
-1489
-6328
6669
-6678
-8549
-7515
2774
-9431
-8944
1911
-5377
8310
-7302
-148
6417
-8684
8089
7079
4532
542
-2374
2353
7434
-6655
-3423
-3971
5560
-6406
-7455
-9707
8389
-1236
-3602
-58
-7653
765
3465
-603
-9973
-2513
-389
6044
1709
-2954
3549
4630
-3068
-229
-5260
-2142
5376
-8084
4378
-1849
-483
-6147
7799
-5019
-2487
6111
-6641
4163
-7549
8059
-7916
-8741
7807
4076
-6340
-4898
-6170
9750
-4690
8165
2266
-1977
-74
-619
6775
-2552
5176
2318
-6988
-4609
-4831
9392
-9239
2853
-5608
-7541
331
-7937
5460
9153
-5901
-2757
-8985
3802
-4420
201
-7272
-6396
-1269
-8717
2767
2757
8457
-2821
4617
5663
-2388
175
-9525
3486
-428
9515
-1997
-159
2321
1580
4425
-1150
2401
-9524
1717
9572
-8873
4031
1483
8856
5399
-8503
1409
6924
-4770
7194
2881
1393
3679
-2937
-2343
3687
9480
-5371
-5744
3783
-4061
6852
-4973
1292
2968
4455
7502
-6081
-6544
1404
-5930
-4770
1684
-5124
5058
4905
6228
-8000
-2310
-8183
4451
9789
-9464
1468
2304
-4802
-6677
5985
9583
-3202
1035
5564
-6234
-5826
-8986
-1401
-7388
8713
-6487
-1898
1147
-6111
2234
-7067
-4882
8389
-46
2272
8182
-8606
-3384
3086
5279
-3469
-4855
3003
2191
6486
3299
2369
2534
-5876
2752
787
4640
-9683
1585
-2267
4600
-5690
5024
-9797
7655
-7088
-5913
-5236
586
782
4542
-6926
3457
-8541
-8561
-4559
-140
-147
455
6146
9904
4418
-6747
-7652
1839
4101
2036
5821
7414
-5275
-651
-3174
6487
8243
-9098
-3423
-6569
-6083
4703
6631
-1238
2188
-4309
1011
1050
7510
9267
-6171
-5721
-2015
-9018
4037
-1432
-4491
9109
7076
8240
-6979
2826
-9199
-7189
-8102
-3847
-3270
8647
2787
-2641
-9636
-6192
1724
-89
-2870
-5036
-8654
5372
2006
9413
7729
4536
1375
5020
-5885
8650
7319
-3333
1605
-6922
9711
235
-8953
-2393
8705
-7452
6399
-9472
-38
-5013
-3605
7408
-3198
853
-4735
-8797
1257
778
-587
-9675
-8144
5605
-6169
6721
-4207
-5064
5477
-4072
364
428
4452
-1427
7056
6053
5687
5773
6274
7492
6602
-5107
-9076
3271
-674
-2277
-7899
-9205
3872
-6730
2681
9810
-6104
-6
6613
8863
1515
-6573
8817
-8515
-6370
5523
9146
672
5448
-1602
-389
7683
-4766
-7870
-7225
9392
-4659
677
-6298
7679
-5232
-8777
-2406
-1418
5869
-1562
-5620
-6994
767
-721
4440
-4874
-8686
2994
3282
5424
-8065
5887
-4717
666
-8701
-6291
-2492
-825
603
-3478
-9403
-7284
125
-4116
-3461
7191
8214
-123
148
-5639
4124
-8171
3384
2436
-465
4153
5742
6927
-2671
-7518
-1369
6230
-9538
-6975
108
2910
-8790
-98
255
-2985
6198
3719
-5232
-69
-9617
-1179
-6113
7155
8803
-6069
-4856
5208
-3392
3560
-6128
3830
1899
-7909
2058
589
-9862
6246
-9561
8913
9167
-9060
-7112
5042
-9071
-8620
-6687
-778
-8120
7967
-9605
-6751
3317
4278
-4858
-9545
-2964
8780
-9814
9720
-1489
-350
-3864
-534
6888
5370
6754
-2155
4770
-3068
1987
-6073
2948
276
1900
3031
-3572
-7564
-7876
9351
-5916
-5867
-2597
-1949
3972
321
-5404
-153
4452
9196
557
-9315
-2533
1033
8500
-7614
-167
-5415
-7288
5706
6493
-8226
-4720
2106
7700
877
604
5140
9039
1474
6502
-7248
-2081
9997
484
9125
-9616
-7861
-8274
4487
-9377
-8912
9062
2250
-1415
-6017
8744
1092
7570
-6724
-6288
2641
-3745
-3272
-5757
-2704
-3536
8204
9243
2347
-723
-4063
-9166
5140
-1588
-8628
-1078
-4118
-3411
5687
-9194
5051
-7886
6138
-759
-1053
830
-4183
-5159
4627
1256
-3577
-3665
9229
3004
7672
-1842
-3412
238
1652
9918
480
4956
3287
-9132
6006
-7136
3893
7168
1207
-4818
11
3698
4679
6864
-3312
521
973
1180
4843
-3046
3539
-8242
8158
-6215
7011
8359
1312
9063
6609
6050
-2199
6009
5048
559
-7322
7264
-4708
-5074
-4116
826
8463
-9559
-503
-6283
9455
-7570
9846
1083
4972
-536
1929
4287
-1465
7129
-6650
4834
9110
-3594
-6827
9505
1893
1567
-6320
-4801
-8458
89
-9069
-6037
-8631
8970
9526
-1330
-8810
5713
-1546
-8269
-1513
3295
79
7251
-5277
-9162
9030
-4100
6901
6428
-5118
-9091
8107
-7813
7995
5072
106
6169
5771
-4091
1151
-5169
6370
9543
-4191
-1111
-9483
-9810
-1742
3001
86
-4768
-253
3799
94
-9276
-9961
6233
-4313
-923
3776
-8149
1975
9375
2982
7084
2614
-823
-2266
-9819
1056
-1857
-7241
-8250
-1162
-1878
-7832
-1058
-305
-9874
-5596
-8586
9677
8689
920
-1621
-8982
2083
-9845
7751
2480
8014
-564
2747
-3097
-7877
-7638
3835
3146
5310
2492
-6602
9075
-6720
-6815
-9424
-6059
-9593
737
-9890
-6040
-7132
1651
637
3934
1464
8024
943
-780
-7612
9796
8371
3397
8299
1437
639
-7112
-5050
-2213
-6019
-8998
2373
-6512
-928
9798
-6179
-7231
-3998
-5599
6994
3666
-3525
3746
1378
-3776
8544
5486
-9461
-4728
7221
8674
-6374
4325
2960
8809
5361
-1833
8844
2958
1300
5982
3878
-9493
-5103
1765
-1992
-1249
-6295
-8100
-7792
6463
-8993
-3138
-3700
8867
6684
2578
1268
-2815
9981
-4596
595
3607
-7206
5811
3604
1825
-8717
-3554
8629
9163
-3207
4791
-6742
-7487
-9194
-5055
-4463
9826
-1286
3830
-7506
8946
-2557
1449
419
78
7432
-7893
109
-2085
-3838
6793
-6275
8567
2935
-1006
-2831
6193
6661
7702
783
-6283
8
9065
-1283
1503
-8632
-6809
6592
4529
1089
-6158
304
-6304
-6256
2007
-1964
-2872
5527
-4689
767
7263
-5810
-9919
7302
551
-4889
-892
8956
413
827
-4509
-5331
-9649
2165
-8967
9619
7883
-3205
1979
1080
2322
-8587
-3403
5481
6795
-8452
6124
6195
-2060
3488
-6877
3198
9939
-3563
8890
-926
5834
1915
9616
-9527
-7671
-3959
8073
2691
-4163
-586
6154
-9056
9031
-3133
-5695
-6290
4936
232
-4766
847
4952
4250
-9268
2997
9814
8949
1803
6493
-5543
-8532
9110
-826
5220
42
1784
-4948
-1832
4772
-2388
5894
-5436
-7747
-191
-6984
1080
-6443
9821
341
7063
-3057
7710
-460
-7477
-9666
-4709
2734
-8238
-6421
522
8850
-1131
6821
-5030
-9819
7642
-6426
-2176
-2407
3951
9054
9968
4969
-505
6623
-8767
8046
-2302
4900
-3885
8097
-8028
-8866
4076
-3666
-6297
-6660
3517
9233
4268
-4618
1700
-17
-9235
-8746
-3477
-6380
1230
1604
-4115
-3260
-6894
5645
3001
-4896
2538
2127
-1585
4632
6760
2884
3143
-6361
4434
-7064
9105
2415
1842
-8760
1015
5714
-9815
1065
5790
266
-9340
-3630
1068
-4474
-5369
-456
-8701
1185
5509
7844
8043
2592
-3982
-3486
-7186
-7288
-7728
-7543
7229
730
-603
-5790
6800
-8564
2030
-8362
3339
1093
4940
4377
-4836
5141
-6691
-4179
3296
-6833
-6106
-6315
-7611
9220
-2676
2167
10
-9188
1538
8108
-6717
-941
3228
8199
921
2319
9985
-577
-4338
6202
5280
5435
-7330
9024
1402
-903
-2015
1797
8765
9436
-9683
-6460
7856
5808
5368
-7456
3210
8986
8795
-1207
2782
9088
8049
6062
-6735
1298
-5825
1913
-5365
-748
5839
-5013
3403
2538
-6028
-7436
-6763
-4705
2002
9103
8647
-7919
1749
-1576
3562
5756
959
491
-9852
-1983
-2464
-3558
2058
2259
1309
8331
-1934
415
8691
3116
7334
4949
-5547
4724
-6411
4407
1650
5239
3875
-4356
1970
6277
-9727
-8894
4702
-2433
-7944
-2546
1055
-9609
-8130
-6815
3934
-5756
779
1241
9643
-5633
-9147
8384
1818
-8835
5239
1526
9863
-8888
-1856
7702
-8902
-5924
2888
9607
-6523
3068
9773
-4063
1931
-7922
6108
5850
3451
-1638
-1444
1516
4793
5850
-7261
-9371
8574
2398
-2484
9163
7126
-4673
-9920
74
-9433
9245
8657
-2661
2513
792
-8250
9426
-7023
-1465
9296
1540
-1345
2425
-4644
6227
8504
-250
3489
-1416
-3562
-144
8633
2284
7194
-485
-4884
8851
-2612
8838
3559
-5691
2233
-4250
-2100
-3686
9724
4958
675
-6830
-1193
-420
494
5918
2432
979
-4613
1742
89
8368
-9614
-3784
5527
-6597
4302
-1246
-28
7692
-9719
6828
576
2407
3695
5309
3715
5910
1685
-7896
-611
-3614
-1662
-3238
318
2670
-5077
-5821
-7375
3888
8829
-9249
-7741
5260
-429
1344
-4254
4142
-1656
-5158
3232
5796
8006
-789
5431
-1226
5981
8708
2246
-6749
-2481
8888
2521
-5223
-5432
7648
2440
2480
-9398
3944
8470
-5340
135
-1542
2905
9902
3880
-6651
-2279
7678
-1014
2537
3281
-1514
488
1602
-8877
8262
211
911
3048
-8609
2271
-9058
7189
-8714
-5833
-8907
-1639
-7080
3729
-8097
-9741
5316
-8325
-1390
2048
8234
-7531
1721
-1662
7838
-8872
-4157
3676
-648
2708
-6905
-935
-9205
2935
2481
813
7424
-2295
2798
19
3022
-75
-7280
-458
7768
194
5246
-6293
9252
832
6683
3739
-5933
9885
7762
7871
-9342
-9097
4635
4260
6332
-4788
-3956
5294
4313
1933
-5121
-3464
-7848
-5231
5980
-3815
148
-411
9891
6530
-890
4962
-232
1092
-6569
5431
6635
3407
-7265
3045
-4478
-2538
2143
7690
-2650
-9842
-8617
-7980
-6553
404
-5755
7255
-83
1646
-36
-1286
1564
3465
-8547
-3380
4867
4290
6324
-8748
-799
9217
529
-7802
2100
-8608
-127
-3951
-2273
5225
-6744
-4587
-3657
-9219
-1218
1010
203
8177
5731
-5701
-7314
306
160
9193
-1501
-6839
-8292
2893
8707
9402
-2537
-5123
-2419
6854
6758
9904
8331
4881
6220
-3323
-5284
-3522
8818
2236
324
-5802
-2333
-1400
6573
8231
-3098
-1156
-1161
-8407
-9384
-7869
2211
-4100
-3579
9900
-9544
-7411
-4349
-6206
6480
7127
-6709
7289
4803
-442
-4331
5316
9998
-2121
5392
2244
4863
-8484
8763
9627
6463
2780
2210
-1281
-3716
8086
4792
4809
7218
645
-8787
1901
-4682
5823
5164
-5308
1631
440
7828
1094
-9423
8708
2033
8147
-4697
-6886
-8810
9168
924
9460
-199
-2129
3318
-5294
3980
-8922
-9584
-9186
-4461
-9150
-4573
7786
-6009
-5259
4464
-2410
-2874
-726
-1940
-3187
-3756
-7367
3977
-1489
8114
1942
4957
-2102
6041
-604
-4880
1889
-8525
7
4487
-6737
1431
5367
6472
-3164
4959
4752
2090
-2002
6343
-1497
187
-3757
292
-7849
973
-4069
2495
8952
4766
7018
7277
-4175
5154
-5365
6892
-6619
-4849
-1304
-4260
-2615
5893
2165
9687
8245
9880
-467
239
921
2043
6261
6786
-8761
-9077
-3876
7804
6670
8789
1316
9546
-2073
-4507
-4198
1782
-2648
5388
-768
-6620
-8266
-2899
4588
6536
-6889
-220
-2934
-1983
-4859
-8973
-1987
-4458
6847
1707
2466
-6772
5721
-7565
-6347
7265
4948
984
5741
-9688
9833
5202
-2014
-1919
4734
-2642
-7025
-1068
667
6973
-4878
-8086
-2090
-1832
-3759
-3704
1066
3566
-2665
7049
9702
-4980
-1061
7287
-1918
-3832
-1247
8550
-7699
3626
2650
-2131
161
-7816
9767
-4638
-5800
3452
2907
-1584
3064
2196
-9954
5751
4810
1269
4429
-6591
5224
-7459
3263
4989
1812
-5676
-6141
-4871
5829
-9762
-3611
2240
9532
6880
-9425
9326
-6634
9356
-8852
7404
6202
-117
-3672
-6099
-8398
7493
2003
8292
22
-7568
-8348
-5185
-4989
1459
-8390
-8348
1291
-2250
1342
-6202
-8474
-3480
-220
3076
-2265
5740
-9136
-226
-4855
1249
-2538
-5963
-4056
333
7578
606
9260
-3995
-6635
4387
-8417
8988
-2119
-2537
-1728
3781
-8020
-77
6032
742
-9744
1233
1130
5915
4547
9444
4592
5444
-7006
-9966
-8800
-3667
-7320
-3280
-891
-3848
-8491
2040
-9878
-4152
6794
-9431
-2039
8812
5392
5755
-5054
-6649
6104
8734
8391
5976
-4771
8270
6228
-6645
69
2485
-9508
-4485
-6937
-8355
-5602
9186
-2713
7504
-3625
-1314
7485
6958
5808
-5374
-5261
-3830
-168
-5578
4397
8386
2509
-8052
-6590
6329
-2188
8097
-87
-2030
-2584
-7253
9071
2987
-5617
1317
-1756
3892
-8761
-1996
-9354
-7062
7712
7477
-9930
-6251
1123
-7098
790
4218
-4656
3853
7987
1757
4326
1321
5648
-7784
-8678
2515
-7560
-9552
-9493
-2800
2533
2490
8364
4118
-3010
-2870
-8800
4664
6042
-6765
-3580
-3184
1188
-8768
-890
1161
5495
6381
-1196
8134
-5048
-7485
-6321
-2383
8739
8814
2911
5380
9614
4221
5759
9998
-8118
-522
-4200
546
-8457
8147
908
1058
2103
5437
8361
-4540
-5621
-413
8030
318
2265
-9609
2601
-941
9327
-4411
4366
8666
4641
849
8069
-4409
-3185
1164
-3702
6392
-5118
-8462
9112
5150
7285
-8988
-4337
-3898
-9456
-7331
-8143
-701
-5009
-3245
-4147
186
-2367
3275
-973
5578
-1492
-4871
9671
-4587
430
787
7216
-6352
-8769
4465
496
-8445
-3214
-92
9069
6813
7898
8880
1326
-5449
-5239
-9657
-1790
-1053
-7276
4963
-487
8785
8882
-5505
7222
-6947
931
-9998
9660
-7559
6445
-7030
-6650
-1101
802
-8991
-3757
290
-7522
-4609
2142
8274
5484
-2229
-4693
1898
-665
-1809
6526
7574
9854
8263
-7514
-9450
2513
-1595
-5642
-8862
-5800
-3355
6995
9240
1667
9192
5865
-2044
4604
-1489
4601
7371
2249
-3210
4749
-2253
-8787
7658
-5715
-6222
1326
-6968
-8951
-9038
49
-8044
-5578
9854
9953
-3373
7606
-8052
9007
7557
5520
6791
2740
4866
8606
-4585
-5391
1808
869
8815
4663
1534
3680
-3660
8099
929
2901
4293
-5759
-5336
7273
-5846
-7951
-5219
-9937
3549
-1305
5275
5755
-8817
-7316
3367
-4523
313
9282
1100
-5911
-735
-8667
-3529
4092
8389
-7635
-9428
8953
-6073
2416
6402
7304
-1292
-4315
-7646
-3104
4786
2050
-521
6548
-4954
6087
5618
5129
6976
-8749
542
-120
-9852
-3500
-5350
-754
-4235
8285
760
-608
-1569
8495
9234
6492
6241
-742
8836
4267
-330
7549
-823
8051
7743
9193
6933
3657
6606
-4029
3372
-5660
-1967
6505
9150
7372
-3079
4076
-4320
5456
-2617
-7813
-632
4279
-2894
-1248
9541
-5937
7831
9316
-4136
-8510
-323
3661
-7757
-5754
5411
8680
6924
-6733
5865
6914
7645
1583
6680
-8272
4380
-8347
3087
1422
4210
4693
3723
-2716
91
-3164
-3790
-4859
6713
4308
-8484
-207
9492
-1105
6942
-965
2642
-7779
7508
-9980
-7537
8213
6922
3270
-8647
-9361
-2328
-1331
6219
4824
-4904
3807
1668
4543
-9899
4605
-9469
-3060
-3790
-1247
6178
-8816
9251
-1561
-4980
6648
-2356
-2616
4123
2299
-2555
-8990
5202
5779
5670
1619
5748
360
21
-9564
5728
-6488
2761
-7869
-9686
6515
5465
9896
3958
3954
-4249
7193
4787
5127
-5918
-5591
-1838
2272
8732
379
9474
-3419
6378
-8700
-2742
4241
9681
-9138
-1694
9342
8243
-1511
-530
-5543
-619
-9251
-6953
5108
-5684
-9014
-9272
154
4484
8208
-2878
8093
3373
-2341
-7684
-917
-8286
5974
-3301
575
5687
-3568
5866
-5964
-3074
-3269
8374
9365
8502
9073
5001
175
817
1777
4865
-1592
4321
168
748
5224
-4098
5131
6818
4629
3254
704
1310
-6274
5233
-2339
-6278
8205
5248
-4216
-8249
-7201
-126
-1795
9702
-6800
4051
8334
6406
-6993
-1967
6501
-9894
-2575
5228
-220
4086
-9055
7273
8782
3110
9045
-7533
670
8651
3131
1215
9973
-8877
8371
-4326
-5231
3028
-2954
-8751
2937
-3740
5780
-1604
533
-1000
-5092
-9528
8666
-5001
5332
8065
-2844
2747
-2104
-6088
8219
9571
8735
-5290
56
-3144
2473
861
4897
-1190
4884
5399
4592
-9883
3006
9630
-5550
-6810
9605
-5881
4939
564
-7206
-5332
1366
-6707
-8204
2804
-6166
-8594
6945
3392
9849
1710
-7337
6741
6034
4087
6185
4098
2918
-5630
-1099
-7443
9768
2543
2330
6718
-7059
-1794
-953
-7065
274
8909
-7666
-4562
1085
-242
727
5497
-9508
7555
1809
-8619
8202
2297
-349
-5021
-9776
5471
2689
8992
4712
-2751
-6214
-4529
2396
9445
-2098
3621
7981
-927
-163
-6576
4336
2327
9179
-2011
7346
9743
-1345
1989
9661
1551
4506
-4469
-9646
9081
-6427
-4844
-7466
9953
-652
843
7594
3530
-1177
-5711
1490
7516
1694
-9434
2807
8835
-788
9878
-2489
-9849
3109
579
2106
-2588
177
8394
6992
-4059
5667
-3467
8502
9410
-3390
2237
5352
9011
6790
4089
-1840
-7792
8191
-8889
9868
-3833
-8913
-9898
3342
2520
-9704
-2130
1341
7824
-1200
-2852
9336
-3743
-7855
2750
-6981
-9766
-5107
8039
-4774
-7352
5758
-7440
-9014
-855
-6660
5628
-9633
-2648
-1337
5029
-240
5658
-2076
-3448
-6601
788
9029
-6230
-7948
-6841
7617
4422
-3759
3961
4099
2484
7104
-3167
-3075
-8009
-9439
447
-5315
1667
-9600
-9194
7864
8264
-7237
9990
6211
3776
-7551
-246
7105
6257
7189
-5077
-7369
6400
-3694
-9377
-9381
-4941
7241
-3294
-8086
2112
7301
9583
568
-9897
-8240
-7077
6019
1512
-2226
-5362
-1728
-2541
-6265
-8578
1463
-9717
-6206
-8790
6027
2181
-4563
-2991
-2223
2627
9210
-8596
-2942
4471
7011
526
5931
406
-3955
1591
4354
-1124
3914
-1777
-7245
-8267
4728
-7611
184
5231
6856
-7516
-7001
5850
9209
-4433
7205
-5288
-9437
-3015
2200
-5849
5487
-3901
-3077
-5368
7107
4947
-2294
-6677
7292
-435
9565
-4647
-1196
-9295
-4494
-7939
-9757
-9327
-5917
5872
-223
6124
-1322
-6239
-1719
-4116
5395
-6691
-1831
1113
-6704
-3520
5623
344
-1976
-6696
-114
-2813
7595
7217
-6986
-9178
7983
2755
-9167
-2093
8740
8661
241
8323
-7484
-9556
-4201
4170
-4247
6676
1558
-6923
-6695
-5655
-5098
-4445
-5379
-7262
4213
8605
-1105
-7845
5063
532
-5262
5118
5726
3157
-6405
3214
8614
7083
3116
9039
9351
-559
-7870
5781
-8179
-14
4292
-9177
4964
-3745
-8068
-7633
-3748
-3092
8578
4130
7884
-24
-8236
-5242
-77
-1320
2210
581
2266
1295
8901
4973
1750
-8533
7504
-3711
8553
4622
-2242
1471
-88
-9961
2347
-9554
3927
-6754
-6177
7684
-208
-3223
-8539
8882
8130
-3283
-4199
-1939
5814
-4796
-2592
-6342
-3827
-2297
-8462
2101
-4026
5160
1682
8253
539
1391
-5250
6752
-7573
1231
7009
-130
5011
-9820
-666
8316
245
6124
-728
-8376
-1702
2911
580
-3548
-7117
-2772
-6864
9041
2395
7409
1029
1369
1721
6806
5207
-327
962
2823
773
6313
-1957
8076
-5492
6762
7131
-1433
7574
8139
-145
4618
9552
-9833
7256
9522
-7623
1182
6511
-508
-3499
5375
-5880
2722
2082
-5521
9172
2825
2243
-8984
5504
2795
5847
-4911
3227
-9756
782
-634
7829
-8581
9394
1284
-1981
7863
8448
-7277
9920
-8549
-7430
-6800
-9907
3711
405
6742
-4424
2637
-9971
-9975
5914
-5963
6329
-3234
8379
1997
8089
4650
6384
-1943
-8084
-6010
3460
-4077
2366
3676
-9323
8679
-6082
3600
7285
-3603
9837
-5010
-4814
-8973
6482
8972
3439
-3130
1739
-5413
4592
-7346
6526
-1488
-651
-8476
8750
-9527
1086
240
-1175
-706
-1907
2467
4158
1638
-1976
5453
-8660
4611
-2211
7484
6197
1355
2337
563
-9359
820
433
-6366
-385
-4677
-6694
904
-4746
6544
-2413
-4543
8378
-3774
-8024
3149
8971
8003
2802
-2496
-2921
-3177
7521
-6401
-7441
1438
-5477
-9475
-8554
3676
-3426
-9742
9110
1858
4834
-1611
-4339
730
-4133
-9034
-2363
4500
538
9147
386
-4728
-238
6964
2324
9063
-9160
-3587
-7348
-9085
-2077
-3216
5578
-7113
-685
4100
5909
7700
-8049
-7130
-5627
9706
-9594
9042
1338
8463
7639
6414
-1233
-1137
-5108
-8925
7624
-8912
-1119
9593
-8343
-7232
-2205
-3570
-1567
1117
371
3155
-1501
-9375
4425
-317
4405
6569
-5866
-2111
-1087
7616
9538
-8819
4777
5772
2995
-7614
-1993
-1195
2703
-4177
19
5709
-8455
-5168
8973
3489
-6025
-8408
6618
4602
2388
-9731
-7652
-7248
3809
8241
-7814
9260
-4169
-5960
-3985
-360
-616
4475
-2690
-8410
2003
-9209
-7837
-4646
9605
-4782
9668
1684
-7427
-9875
-3866
-1794
7192
-5089
4892
-2610
-3765
675
8154
4088
6592
6047
-7223
-6668
4855
3231
-9613
-8441
-1363
7087
-5219
3953
-326
2482
5557
1842
-6412
-3071
-160
6649
-207
-7901
-138
-181
-2102
2565
-7286
-3348
-900
-6633
-735
3118
104
6851
-1020
9427
6649
490
-8879
-7904
-3643
5853
-2773
7296
8909
9045
-5487
6513
-4129
3951
-5044
-5072
635
5480
9186
3548
8242
1680
-2040
-4311
6954
7662
5205
4708
7838
-4848
-4335
4670
-9470
-5587
-5524
1783
-3164
8250
1451
-440
-8465
-9499
637
-1012
-7671
-1167
4588
4588
-6660
590
782
-1754
3474
2004
6427
-8615
-7175
-580
5241
-4976
-3034
-6885
-3468
-4056
-554
2780
5481
3872
7471
-5543
2913
2812
-603
-6314
-1637
-9226
8920
8794
-4382
7874
-1029
-6710
3230
2427
-3537
-7068
-4794
-8369
9678
-8555
-4621
-1563
4420
-4233
-8977
7590
-7496
-501
-1588
-9809
-984
7695
-2190
-783
1650
-3460
5904
-6717
4815
-8066
-3340
4261
-4679
7281
3637
4401
4430
4436
685
6176
-7699
-7411
-9403
-8777
-7460
-3687
-2200
9804
-5332
4014
-9447
-3656
-7500
-753
-1887
1339
7643
8363
-2240
-8345
-5870
690
6981
1610
-5667
7765
5880
763
-3791
-6663
8789
4608
9209
1975
4851
-3558
-5773
8788
4834
-5714
2871
280
372
2672
2168
-8371
8562
-1266
-349
-2954
9679
5270
-6396
969
-4199
-3835
4936
4907
-5013
8045
-8387
-8282
3360
-5758
2614
-1719
99
-3582
-5173
-1060
8642
-2241
6589
-3681
8032
8330
-9514
5630
-7031
6173
-2577
-429
-3872
5828
8747
-9704
-2827
-2999
-7647
-7833
306
3676
-1385
6096
-5100
-389
3945
-458
-8681
6403
1769
-7418
-8790
-8077
6593
-8427
3970
-1702
-6220
-5451
-6453
-6435
2
1108
-3432
7526
6058
-1070
507
4043
810
9020
-6127
-7206
4513
-3158
9461
95
-2570
-2799
5844
434
7410
8389
1472
3040
-888
-689
3454
3508
-3724
2311
-6117
-7903
-7935
-4241
-2117
7630
9125
-4469
-3182
-7841
-1753
2208
5803
-6563
6689
-7864
3173
-1791
6400
-1201
9758
7426
-2392
1006
-2008
-9352
-9131
-1278
-5384
-564
-3460
3367
9533
7486
1999
1302
-3571
-6382
7968
-6216
475
-231
-4611
422
-1467
2167
985
-3361
4234
4150
-3156
1253
1177
3111
-8240
4948
3620
8752
1420
-1600
-1997
6870
6094
4586
629
392
-9967
2750
3666
8005
-5729
5580
-2244
-7284
-9681
2113
9027
-7330
-1265
-1662
-3001
306
7325
-8987
1672
8565
3279
-372
6778
-6693
7187
5886
-9579
-1689
-3344
8931
-8152
-2414
-6485
-2661
5869
1627
9734
9628
3480
7116
-3390
5799
-4887
-1691
6950
6470
705
9064
3320
-8828
5393
2816
327
-1048
7405
-5938
-5333
-4112
-1472
1265
-9499
-9690
-9127
-4303
-1408
-863
9187
-6455
7609
2971
9971
-5233
4250
-2870
-8198
481
-4735
-5090
6650
-4819
-5600
-2794
4438
9212
5374
5567
-5054
3517
-2885
6313
-6919
-5654
-2320
1032
8813
-647
1877
8740
6200
-9535
3708
-8419
-8590
-5177
-1414
7520
-6500
-4604
-3002
286
4600
-4780
4890
1551
1244
-5890
-6761
7906
-5221
-9637
7685
-8769
227
-3387
-1865
-9572
-2778
-4451
-1619
9880
7696
-9095
-3053
-8841
-6921
-4792
-633
-8581
-6639
-9693
9656
27
2239
-9517
9129
-7773
614
8505
-1355
1895
-9794
-2787
8877
-9307
-8444
-8394
-5699
-3786
-9270
7954
-9620
-8879
6894
1572
-7806
-3939
-7384
4072
8740
-3088
3261
-1709
-3142
1608
4657
3483
-5198
7589
-2055
9024
9694
866
3823
-2601
1848
-7922
2142
6385
-4091
1355
2620
9068
-6505
-5534
8888
374
-3827
9377
489
7321
-7947
-3149
3494
7751
2418
-2854
3252
5091
5465
-7573
3578
-5175
9076
-698
-9200
3356
4969
6416
-3466
-3797
4341
-8913
-8447
-7554
3698
7169
3472
2467
-7976
-6151
-9283
1487
3968
472
5902
1427
2179
-3644
4779
-3843
-7103
-2649
1323
-5336
2845
4679
-4793
8545
6725
-9187
-8336
9590
9168
-908
4764
1021
-5760
9632
-7749
9407
7047
-7015
-3641
9280
-5338
9203
1210
-9749
-2799
-5830
-3013
-66
6766
6959
3248
4335
-2948
-4038
9175
6490
4208
7754
-6769
4616
6138
-2639
-9359
765
-4730
-779
-8164
1214
2623
2196
-4882
-4259
8654
-8681
1678
-3421
8224
-5295
-5594
3321
8837
-6955
7695
-3693
-3468
2898
9572
8762
5005
1196
7256
9076
1815
727
7780
3281
-5561
-9838
505
-2923
4610
958
5235
-5603
-71
-3110
-6642
-4080
2420
8125
8018
5380
-8342
110
-2806
-9591
-6805
-6269
-4237
-5322
-7072
2485
1328
8334
6955
-1252
-5638
-8018
-7224
-5236
-6476
-6441
6869
7820
-1188
-5870
-7346
2638
7326
-1019
5072
5744
-3038
5616
7200
-306
5030
7780
-5180
-3454
4871
-1951
-978
7546
-7912
9802
186
4019
-4235
-6584
5197
8023
9362
375
7964
-7343
-116
1329
3471
745
4161
-491
-5510
-8448
347
-4236
5515
-8407
-3705
-8712
-5821
-3806
-8220
-3407
-9253
5647
-8649
5885
-6872
-1231
-5732
5010
9112
-4569
6326
-6197
4636
-6335
7207
-754
2080
6493
-9892
7862
-9099
8449
-7008
6050
-9360
8243
-4175
25
9612
-4200
1103
280
-2486
-7737
-5072
-8199
4057
8841
-1008
673
1200
-5008
8198
2247
-1545
-2863
50
4380
-8218
6463
8371
-581
-6011
8070
-491
-5169
-9965
4352
-4089
-2309
-5021
-617
2122
2218
-5600
-2952
-6266
-8940
7473
6768
6871
3625
2391
-6618
4068
7421
-6285
1845
6800
7376
868
3556
-1687
-7495
3598
-6429
6782
-9042
-5897
4164
1966
467
1068
-1068
-2405
3068
7616
8725
-3458
-7967
-5900
-3175
212
2749
-47
-7331
4341
-286
-430
799
7525
-1762
6687
9854
-2780
-6270
-3755
589
-1568
8564
-5343
-2381
-7574
9587
2859
9890
-954
7170
3567
4145
668
3124
-7802
2008
-8245
-2190
-9373
9416
-5411
-5429
6938
-8731
-6058
1465
3387
98
774
3788
8572
7383
-8674
-5419
9812
-3968
-1505
5297
5284
-8779
-435
8432
8848
3330
-9469
929
2955
-5374
8097
4540
8145
7869
-3488
-4373
5997
2171
4965
6454
-1317
5571
6100
-151
-7160
-363
-2276
-5788
661
1953
8944
-8960
4155
2818
2294
2521
2888
8666
9688
-8548
-8217
7050
9657
-9394
-1026
9294
3105
-874
3985
-2988
3577
-6776
-7581
6839
-9998
9231
-2403
796
-6881
-7338
-3993
-3096
5699
7956
7348
-3332
4517
-1998
-2118
-722
-8448
-1095
4510
6213
-7337
-6915
6222
9873
-2715
-576
1704
-2268
-5453
-8348
505
-2159
7747
6961
-5025
9760
-8535
3999
-3697
1418
-2694
8801
-1677
-9225
-9860
-2706
-4981
-3278
-3587
-7027
-2284
-8218
5919
-9540
1639
-7144
-7984
1309
4920
-1184
-3816
-322
4414
-7643
5420
-2685
338
5875
704
7090
7409
-1636
-6118
-3237
9084
-4920
-3967
9282
-2945
-3206
-7437
5547
8558
7138
9590
-96
-6934
7640
4710
706
7171
5819
4013
5834
9592
9254
-15
-2502
7739
-2229
264
-5787
4496
-496
5606
7223
6419
-1757
-553
2818
-936
-3686
1832
-5017
5902
-7733
4991
-5635
9181
-667
-1205
-9695
175
-3126
1046
1691
-5173
-9079
1974
1640
3132
8540
-8573
-5975
-5168
-2757
804
1703
-7012
4667
-4350
802
957
9670
-3362
5237
-807
4056
-6178
5063
-9500
-7469
2946
2768
-9761
8736
7285
7813
1594
7779
-4801
-2237
698
2873
9815
3445
-234
6769
5686
-7807
-197
1444
-5113
693
-5488
-1550
4986
-1943
-4076
-3398
8408
3793
4962
9238
1264
9666
2262
-7023
1360
7742
-5750
8678
-3057
5182
5978
1494
1671
-9637
8422
677
-3487
-8008
-907
-8110
9417
8304
-4171
-3630
6976
-1833
-5055
-3769
7599
-4080
2492
994
4761
5291
4218
4018
-502
6296
3838
8327
4492
-9715
-3298
-4216
-8808
-7441
5059
8589
-8471
9760
-4148
4538
9068
1670
-5807
-9063
4787
692
-6075
5587
7465
2487
3317
2442
4609
799
2990
-9994
6631
3336
-2661
-3046
-6920
4516
6795
-4894
-4563
7334
8145
-5348
2609
-6258
-219
8592
-3948
8204
2568
9341
9593
4147
-9243
9713
3050
-8869
-7566
868
-7765
3219
-3082
-6222
-7860
-8159
-9467
-5709
3575
9911
6182
3385
6634
-2540
1333
7333
-2369
8244
4837
1319
-1018
-9962
-2659
-9616
52
-6904
-6301
405
-6028
-368
-8521
-7294
6588
6553
5238
-3335
1371
9432
-994
-3386
1839
4955
-7055
-6080
1939
-3091
1555
-5602
661
7592
-5170
19
6277
-9929
3349
-1241
5161
-4569
-1819
4180
6637
-9718
5927
6842
-9864
455
-9422
-9505
8155
-9183
-9107
935
-5022
8930
4946
619
6253
68
-978
-8071
-6184
-8612
-5243
9576
-2987
2436
-8333
-9354
-8740
1892
5037
-415
153
-1476
-3130
9470
4611
7472
7405
-263
-2451
-2801
-2124
5897
8341
2946
7307
3951
4122
1806
-2005
-1461
7883
4550
6287
-3525
3739
1905
-9892
1906
9872
7763
-9055
-3760
-70
-7462
-4583
-6013
-2495
-376
9069
2778
7959
-7977
7927
2402
1292
9454
8546
-1281
-703
6431
2157
9161
-7276
2297
-5490
-1728
-3494
-9583
6355
-8883
-8534
-3447
-1597
8630
-8778
8858
-3740
3261
4533
-7389
4309
3351
1468
-787
-2053
2948
1835
-4262
5274
7376
7139
-8982
2649
8485
3733
3562
-1144
1418
-6666
4441
5693
-324
-7250
9624
-2087
-4601
2224
-1074
6570
-3072
-6204
2997
-9399
-2557
2720
-4956
-6204
5989
5557
4954
-4458
6229
5382
-5884
8818
9524
-6381
-5237
-6625
9133
-8109
6621
-7683
-7598
-8224
6870
6054
5973
3468
9931
-7825
9312
-3150
1266
-1139
-4238
-4792
9681
-4363
6423
2480
3842
4412
8002
-9427
6112
8925
-8311
-3534
-5294
5785
-610
9494
5552
5112
2245
1988
-1258
-4115
1878
-6865
100
2840
-335
-7709
-6737
-1498
8985
-6858
-3064
6899
4623
2686
7175
-9137
6348
2044
-7852
6269
9530
9941
2673
472
5648
-8510
-7321
2545
-4376
-9571
-1492
8532
-1922
9596
4750
9289
3847
3674
2911
-7914
1387
5456
-4420
-9439
8897
-6365
636
-5774
-6810
7799
5874
-137
2874
-4798
-3298
3778
9591
8091
1782
3917
3758
2193
7628
-8322
8064
695
9501
-9851
-3434
9821
-3850
3042
-3811
-966
-6654
8931
5665
-1979
9492
7371
5189
-5725
2926
9583
1149
-8709
2220
9722
-1624
3110
-3600
-7696
5325
7266
1355
-4273
7216
4037
8708
-47
7761
-6898
-4792
-3378
-8830
4887
-8466
-1953
-701
1414
3941
-5059
-9668
5443
5373
-6840
5462
7365
-5361
2467
1174
-8859
-9078
-9667
759
-2860
-3493
-3254
-93
7528
3896
5040
-6802
5649
8553
3102
7887
-5494
8787
-8906
8859
-3060
-701
9164
-9057
5660
7635
-3290
-2310
-3548
-5924
-2525
-9770
-2274
-392
-9640
-351
-8883
-4046
725
-4308
2822
1869
6055
2847
-4692
365
1270
-5322
-838
3590
1742
7197
-9448
7456
3548
-9533
2801
7844
-8306
-9026
-5541
-571
8445
4859
5941
-2739
8294
3296
5199
-6621
-3501
-1568
8067
-5290
2937
-5575
-5087
-4311
-2885
-2130
3016
-421
-8789
-3044
5233
8593
-8688
-3332
-8507
-8253
-9180
1556
-1041
-7168
9300
-3687
-8500
9854
2891
-4922
-2145
1922
-4600
4498
-7391
8520
-917
944
4150
-4080
9967
-9592
-9862
2277
-6639
1646
-5158
3211
9006
-7876
-8769
-1724
-9621
-1359
9444
5344
206
4645
7945
9503
2218
-8600
-7039
5123
4984
-7978
3846
-553
-9984
3545
-3507
6454
-9801
3291
-7501
5945
-3774
8197
-3114
8193
4985
-7783
-6368
-9507
-8345
2761
5598
-1704
6734
9267
-3312
2915
-8057
-3335
8665
-1093
-3097
4769
-9515
-5066
157
9286
-4918
-3569
-6440
-5704
1047
6443
-187
-9993
7658
2119
3765
-537
-6354
-8288
-7843
-5136
-9311
-8577
-5992
-6859
1731
-2977
-9081
-6449
3434
-6020
-2215
8806
7955
5786
5989
-4149
8275
3343
8692
8693
-9525
430
4796
-7594
-9126
7441
2662
8857
8140
8898
-5711
4858
2032
-4186
-2352
9985
5480
-154
1166
2717
857
7644
-2094
3802
-5181
-1962
-9027
3230
-7766
7978
-2096
901
-3886
-3753
-9685
7671
8681
-9037
-4752
-6653
-5217
-5930
-1562
-1829
-7887
-6462
2394
8619
-3358
4078
3391
8631
554
4942
-2410
9008
9449
2944
3209
6770
2388
3285
49
6237
6416
-1831
9847
-9298
7933
-6111
8727
-5222
-1687
9073
-6751
3526
3942
-3320
8474
-5210
-6315
-8696
8799
5904
4321
-3483
-3319
7388
-9463
6762
-6100
-4677
-8203
2626
-7943
-848
5674
-6582
-9244
5999
-1992
2064
-9856
9553
-4784
8615
-5787
2385
8019
9387
116
-4186
-5018
2475
-3695
4317
2850
-8648
1743
-2733
5031
-6872
9514
-1812
-6895
-8857
-9042
6963
-4029
8891
6517
8014
-8929
-7053
4621
-7524
5911
-2517
2967
8782
-4578
286
3692
7968
-2792
-8983
-1126
-7405
-5840
-8392
5516
5768
-1848
3471
-2552
7962
-3669
-1737
5362
-8167
3967
5123
-5618
-3425
8470
-9794
9603
-2928
3459
499
7611
3411
-3991
6967
9894
-6009
5839
3959
4318
-4540
6128
-8582
453
-4944
-3761
-4461
7274
6650
4840
6022
-5397
4726
-9438
-9100
-1580
-9035
4160
-3323
-4154
5153
-4809
-2288
5619
3634
-1703
-1878
-3770
-7472
3088
5577
3327
261
-5626
5075
6268
-322
865
3496
-45
638
-20
-6872
8411
-3329
-2032
6051
-3765
8262
5091
2364
-4774
-1855
-905
-7783
2246
5984
-5550
-3191
2864
3086
6045
-7182
-4252
6058
4374
1046
2518
230
2945
1537
9000
5979
1883
3890
-7640
3751
-5618
-2397
-8938
3972
5089
-7433
-8348
-442
7719
-5856
4342
4465
-7656
8682
6888
-9899
-6788
-6745
5839
7687
-9437
5271
599
4477
-8238
3795
-4884
-4635
4601
-8874
6549
7651
5120
458
2010
5989
-4418
-3541
9734
-2556
3052
4569
5895
-423
-7250
9567
4402
-6406
-6063
9275
6596
7696
-3853
-4182
-6396
6678
475
5873
-5436
-10000
3625
-5238
8293
-4667
-4184
-4919
7098
3547
-4640
-7734
-9787
1518
9992
4666
62
-4020
2777
-9410
-8845
7984
-6466
-7901
-1400
-7559
9896
-2237
63
-3866
2749
6193
2899
5744
-2256
-3711
9822
-188
332
6071
9723
-1317
-6486
7370
-2394
5816
4322
2997
-9921
-2082
-9347
-9926
1805
3724
-5975
5683
-3841
8757
-3642
9302
1901
-8768
-3170
-7260
4990
-1127
-238
-145
-5437
-9134
4367
8678
-9248
-3782
4127
4062
7435
2359
2907
6174
-7923
-1053
-1346
1095
-4955
8161
-5803
-1314
6092
2906
1171
-8136
-5485
2712
-1023
2337
552
9631
-7629
5448
-2504
-9501
-9867
-5685
-8658
-9174
8740
5754
-8903
-6946
-6055
-8693
4204
-8818
-6144
9465
8287
1923
-2009
4441
-781
-5317
9905
5916
-7181
-8509
-2965
-9286
-5802
-3659
1942
8833
449
-5173
2147
4153
1256
9119
8669
8851
-6987
-94
-7041
46
-1535
-331
9478
7365
7264
-9241
-8607
-1960
-7270
-7957
-8922
7125
-5037
-9707
-8514
9700
2635
3665
6656
2636
641
-6721
3259
3333
5331
-4145
-307
5883
-3647
6166
-8335
-165
7920
-9014
7957
-9891
-7510
-1440
3881
3311
-9214
-4641
-140
-2598
1877
-1920
2176
6034
-8084
-3995
-4747
543
1342
5171
-1020
-9309
-6445
-1075
249
7144
1059
-9618
1652
-7833
-1508
8611
-5519
-2249
-1246
8419
3907
7857
-2351
5835
9727
3452
-1729
-70
-4780
-1639
8317
-2234
9177
6285
3067
2778
-2433
5446
-8949
365
1990
8044
-7811
2207
-7317
-8186
-3862
-1006
-7746
5094
7949
-7837
6225
-4846
9163
7204
-723
1168
-8781
7127
-769
-7923
4545
5928
-1008
-5206
4188
9896
-8878
-7069
4511
6018
1013
509
693
284
7706
9292
9437
-8308
-9889
7614
9389
-6540
7737
-696
7699
6172
6976
-6934
4663
2698
-156
-5759
-2180
4192
541
3690
5733
-7694
1504
-1650
4884
1218
2541
-4498
7086
-806
-3867
-1108
-5030
2789
6329
8499
-6520
-4373
-2946
485
750
-6681
-675
-6817
7981
-5657
3687
8106
-237
-5152
3621
449
1946
5611
5485
-7846
-6322
-2049
-6575
-8652
-565
-8948
-9007
8187
1636
7089
-624
-7590
-5248
-9573
1637
-5987
8639
-4421
3304
-254
7771
-7069
524
-1348
8842
4797
9452
-7260
2207
5927
-9858
-3716
7408
-4786
-956
6017
-7502
-3706
-4575
9325
-5888
-4636
7560
-1403
-4581
2393
3248
7270
-4245
-1781
-7899
-8345
6276
-7151
-6920
-9429
9348
-5046
6070
-155
-8328
-2181
3829
3784
-5154
36
4395
7914
8326
1821
-1671
6517
-8271
242
-6139
-8310
3835
-2216
1797
-7886
-5450
171
9847
5314
-7796
-9371
-370
-6646
5637
7325
3462
3610
1257
-2086
-9768
-9775
-2307
-7501
3210
-7612
-86
-8028
-514
-3864
-9988
-3537
3178
9948
-1114
-7284
3976
3413
-6942
8046
-1309
6343
9142
-1740
498
6381
-2637
-887
4865
-1290
-10
-7879
-2133
5804
-6767
6032
324
-5022
7140
8624
-7117
4761
-475
5998
-2404
-3281
7519
5930
-3493
1989
4374
8906
1101
3403
-1880
9234
-4312
-9014
-4497
-5503
-436
9613
-6812
-9717
-3695
2765
7709
2639
9375
3096
-5897
-4940
1276
9021
-3569
1189
4063
183
-2743
-5627
-1084
2036
6804
7121
6521
5952
-7643
8337
-4651
627
4799
1691
-2744
6995
1109
-3676
7982
-25
6150
-5789
5629
-2854
391
-91
9085
680
3070
-3610
7255
3592
3626
9778
-2874
-810
-4960
120
5834
-8580
-6671
-5688
-9444
3708
6983
5769
-6884
-1987
-210
8537
2950
-4465
9391
-1086
-9629
4668
-8008
2965
8155
-2962
-6921
8582
2280
7575
-5563
-9244
229
-9631
9439
5395
8422
-1806
