10000
3008
5299
8120
8324
1878
-8977
-2589
5388
6286
2614
-1791
3348
-3740
-9324
-2497
-7552
2065
2533
1044
4391
8530
-3831
-8231
-8509
-153
9763
-8136
5657
-1384
-2188
-5251
-833
5458
7246
-1526
6351
-1297
-9896
6055
-2393
1140
-1027
-3850
-5127
3411
-879
5509
-10
-5615
-9438
6716
-8718
-158
4182
-9610
180
6032
-3033
-5300
-2403
-4421
8216
-883
434
-2086
2162
3498
6663
-4001
8511
-1651
682
2905
3682
-8470
8746
-1037
4817
-9906
-6014
7642
2545
5300
1349
2620
-5332
7798
-7673
5707
-591
6465
-4506
-5184
5033
-3327
9556
-6531
-5775
-7909
-7518
-4341
-5031
-7206
-5078
7458
6296
4832
6777
-7961
617
8702
-2409
9455
-3162
-9952
-9163
-9022
-2849
-4577
-5039
7419
-6377
-9958
2985
-3732
-7556
5727
9114
-6978
7169
-9214
-1485
-5195
633
1264
9435
-46
-1998
-1314
-1316
7539
7148
8026
9098
-2795
-7211
7491
3444
4793
6242
-5195
1350
9317
7947
-9892
5624
2753
2212
8650
151
-7743
-8684
8419
4654
6307
7124
-8843
-5327
-7090
-1370
1222
-9179
-4005
-4178
-3419
-2033
-5649
2033
2819
9080
-2266
1993
-6950
2041
4492
-2973
2219
-8503
-3100
-7882
6310
3648
-4276
5599
1314
4615
-8457
3773
2317
7487
-9254
-3962
3645
-3926
7363
-1788
-7068
-2055
-9438
-6896
2338
6835
-4372
-4215
-5196
-7841
7348
5137
7147
2255
1978
-1851
952
6217
5504
-5258
-702
-3374
1719
-567
2330
7001
-6695
-9465
-634
-450
5423
97
9498
2749
-1966
7525
3781
-2853
5358
-9131
-3674
-6868
675
-3734
1215
-1954
1413
5797
162
-2363
8068
-339
-2359
9060
-3034
-1910
5666
-6059
-5233
-8323
4774
-5387
-4830
9178
-4213
4367
-1214
9091
47
-5597
6802
1154
-267
-397
3738
2210
2828
-3606
7883
-6645
-3541
-87
8281
4792
9817
-2832
-9657
1751
3880
-6523
-5503
1980
1442
5539
-5662
-1598
-1029
-2430
-906
-769
1734
-3841
2586
-6301
-9020
-855
-2432
-4467
-6762
-9496
-7282
5258
4436
-4663
5254
-3125
791
297
4096
-2879
1552
-7522
-493
5720
5499
7805
-3725
-9747
9294
-7541
2196
1902
-6900
-28
3596
5932
3671
4321
-3465
5951
2561
-9430
4884
6359
-4701
-6376
-884
-1222
-4410
8325
-13
7807
5055
-7021
-8440
-2651
-8840
-5002
7767
176
1065
4158
-9987
-1790
-5882
-4924
5003
-4494
-4334
2961
8195
3596
6385
-890
6751
-923
3419
-4085
-7790
9368
-6068
-4137
-7162
-9822
4344
-3591
-1276
-1353
-9540
7009
7283
-9857
3887
3246
1143
8816
-520
-9259
-1830
-2295
441
-4501
6601
9096
3977
3759
-7851
1608
-2304
-7434
8506
2075
-5397
-5260
7068
-5120
7583
7684
9677
-8159
1738
-4204
-1845
-4052
5957
-7600
1638
2284
-8891
3114
-5281
-2621
-6735
8515
-6132
-9338
-3730
-1319
4729
-7595
6710
8748
264
2197
7784
-7506
-3431
-9876
1496
-6297
-252
5113
7047
-4062
2307
-2771
5581
-8808
-6067
9450
-6957
6039
-6115
8182
-6115
8174
-1007
-4708
8964
5336
494
8543
-5918
5474
9153
-740
-2873
9147
5825
-2085
6440
-5577
8784
1361
9239
9248
-257
1334
5837
-7623
3857
3870
-9372
5776
9208
-6122
-5150
-2848
-8036
5084
-945
-9216
-3814
3195
-8729
1388
3785
9058
-4821
-5555
5047
-4288
4370
-4376
-7374
-7937
-259
6880
-4253
-1030
6505
-6360
4021
-6437
-7779
-9367
4052
470
-830
-3123
-2864
-1381
-686
-7226
8992
2268
2474
-4739
-8285
-3844
-2375
-7430
4929
-3568
7067
-9395
4529
7093
-3041
7256
-7788
6413
899
-8103
-8226
-2921
-6686
8151
2805
8522
3619
-4984
3665
-6194
-2989
-6820
-6940
-3369
5069
-1558
-4973
9726
-1706
9077
5410
-578
-987
3579
-6162
-3064
-4641
-6630
-7916
6788
-8127
3743
-3889
-1851
3158
6252
-9218
-8986
5833
-1595
-3036
6727
1524
3768
41
-4737
9462
9767
7806
5372
2851
-109
3934
-4002
6070
-1658
9200
-1844
-2110
-8676
-1240
3314
7174
8591
-2611
1016
8414
-5346
-875
9376
-4714
9338
1805
-9925
7962
-8883
85
4936
1768
-4985
8008
-5238
-377
-3002
-2151
4325
-6735
3233
-8263
-3339
-9972
-815
-9515
-8245
-2250
5245
3291
-8347
4702
3072
-5379
7881
-8272
3641
-2609
5822
-4792
8463
8747
-1881
4008
-2113
276
-644
-9019
-3677
759
-4922
2971
-511
1805
8823
800
2477
-6659
-6236
7990
-1668
-9698
-5887
5178
-442
-70
8119
186
3063
9487
-2524
-7324
1298
-2129
7279
-967
-9886
583
3014
5504
5823
316
-6250
-5098
-6823
-623
-3258
3555
-5403
-1691
-1391
-9207
-3583
-2214
5598
4310
-1531
2512
-1955
2488
-5145
7216
-1664
6896
-9301
-9371
2132
5663
-5146
4388
-5893
-7523
3053
908
8328
-4440
-3937
7176
-4170
-5350
3851
7858
5796
-9069
7263
7570
-2511
-6731
-6033
8420
-4304
7247
7550
2455
8520
9649
5004
-1231
4107
5854
-7140
272
2737
6208
-1503
-3157
2672
5973
9925
23
-3334
-826
-9163
4710
-2157
537
1132
7082
-3026
-548
8570
-6152
2083
-7294
-656
4711
2447
-1493
171
9303
-7193
187
-3461
3566
2170
108
-8113
3133
2563
9695
-1953
-4830
-8120
-1746
3382
2983
3122
6525
-3367
1639
1929
8687
-3592
-5615
-9493
9813
-976
485
5096
8097
-6117
2715
-8419
-2727
-4171
-1021
-9204
-474
-3829
7719
9204
-884
-5246
5324
-2830
-2156
1826
6903
-3980
-6331
5565
-2547
5333
-4782
-9409
-9869
-358
5453
-493
820
-8440
-4328
-6256
-6815
8736
540
-737
-2190
57
6227
-5526
-469
-9064
2015
-3422
-5702
4782
8286
-1779
2716
9069
-9323
3946
2975
-8696
6953
-9310
4866
-601
492
2157
-6663
-8412
6325
-6050
7629
-4027
-120
1325
-1248
-2506
-7435
-6242
-9426
-8542
1021
-1229
4527
-3474
7118
-6837
5593
9682
-913
-1611
8258
9717
-3273
-3787
-7966
-1340
696
6418
-4841
6606
-1959
-6919
-7709
-1185
6082
-5838
3152
8471
9072
9725
-6028
-1978
616
-8312
-1841
-8985
-3704
8304
1489
-3978
-7527
-4975
-2887
-4977
8961
1965
-8872
5925
-8491
4693
4915
-2853
4651
7798
7079
4386
-2579
1954
-601
-8752
9034
-8070
1441
2617
3270
9686
4480
-4019
-6382
2033
9418
-626
5750
3763
937
-7028
8555
6684
-9114
9950
9349
-4630
1041
6399
-6931
-5048
-3235
8355
-7315
-365
9
5205
2821
-8791
-3270
4878
5947
3664
-4509
7508
302
6241
-3097
9293
203
3343
7221
7742
-5768
1816
-751
7748
-4978
-2553
-2604
-3954
-5211
9474
-8438
-779
9063
8727
2297
3354
-3482
-5506
3073
-4838
329
2347
-4865
-7536
-2623
-1036
-7797
-7449
507
5241
-8510
-6662
8846
9780
-5282
7307
-1901
3166
-4000
-5540
9909
-134
-4496
1773
-9890
-573
-9189
-7406
9361
3694
-6213
-7696
598
4507
-5227
-2027
-9073
9054
-8516
2033
1930
7556
275
-5420
-6001
-6556
6223
1189
-1991
1571
9914
2717
-7295
4868
7988
-226
-5066
4394
-172
-7277
-2647
3979
9709
-475
5861
3700
-3092
-8746
9788
7667
-4419
-5986
7772
-4955
3053
-2240
-2016
7676
-9239
-8791
3395
9004
8646
-5148
-6737
9618
154
3228
-652
5953
8424
-9521
2868
-5877
5177
5963
-2566
9225
-7547
6505
1163
9895
3474
8227
6037
-3697
-4909
-46
6277
2224
8721
-6840
-4651
3210
-8185
4871
-6527
1113
-9913
7580
-1894
4188
6554
-9412
8660
-927
9925
-4455
-166
8783
-2937
9568
4226
-433
4414
1587
-5414
-1961
5738
2590
5345
8436
-1271
3448
-7309
8180
66
4472
4508
6798
3677
1137
1006
9262
-2641
-9108
-3890
9985
-365
-4064
-1496
-7239
1140
9393
-3901
4317
4999
4834
-18
9329
-619
3672
1722
-931
-4393
-3284
8290
-6596
-7782
7532
5956
-252
-3934
8080
1012
-3475
4938
8948
7750
-2561
-5015
-5161
8424
-5188
-2992
9294
6770
-889
-8752
1893
-4234
-816
5497
-3981
-206
8414
-1219
9017
9316
-8841
-204
3416
-6275
-305
-6536
-2068
5294
-3222
-3280
9192
3199
-593
3945
7311
-5953
6764
5184
8652
2741
7456
1981
1199
-7339
-4951
-4038
-3003
-5010
-5429
9345
-4366
6656
921
7795
2574
5835
7939
-2812
6841
-5342
-1732
1988
1564
-610
2278
-1895
6782
-7056
9820
3336
2399
-402
1884
-6446
693
8079
3792
4027
-1280
5553
-7144
-7962
-7444
2839
-907
-3652
1795
6289
-5548
9963
-1844
2227
5845
1483
-8476
5959
4055
-7876
-3849
5119
-3551
3403
-3397
-2078
2128
-461
1130
-8664
-6504
-7424
2458
-5695
-8519
-5073
1786
9135
-480
-7598
-9077
-7884
-4778
6319
-1544
-4891
-983
-3192
8820
-7778
-331
-6315
4463
6160
-497
-4947
-44
-1067
5390
-7292
-5054
2628
-362
-5138
6341
-64
130
1314
2065
4811
-7986
410
-4422
-3272
5438
-3914
-9006
-8323
3534
-32
9536
-3385
-4362
-5302
-7271
7944
4730
947
2174
-7349
-5812
7369
8722
424
8414
-1015
4438
-3597
2568
3106
-221
15
722
-4265
1220
-5312
-9793
-4381
-4467
3582
9142
-938
9595
-4987
3309
5694
7082
-7894
-4075
-7199
6669
264
3581
358
-7731
8151
4451
-9484
4673
-5314
9566
754
3527
-6336
-3007
2606
-4772
4434
-3476
-9639
-7106
6220
-875
-8593
-3045
9630
-2193
7956
-2443
-7046
-3692
-4262
-4588
-5457
-8492
6976
-2328
-5290
-7974
2260
-3782
5221
8439
6552
7918
-8704
-754
-3454
6552
-3696
-6277
-9442
-5993
1100
-6815
3759
-8398
-6861
-6322
5074
-4978
2332
653
-8445
6313
7173
-6072
-8071
-7882
-5721
7959
-3124
3029
6475
-5207
-1737
-9906
-2186
3694
7704
7018
159
-3072
7349
-4433
4897
-3316
-5576
9782
6219
-8224
-2245
-6262
9205
-3662
1215
-8033
1294
-7894
-8426
6220
-48
4365
-1599
-7610
5013
4520
3155
-2629
1251
-8747
-7692
3048
-1694
-4531
-5151
3831
-9585
1482
-2927
8729
-4279
4599
1715
1244
-5976
7991
-8333
3497
5677
8367
3867
-7524
309
-559
5686
-1471
-5465
-6586
3440
7592
9549
3415
-4039
5252
-5505
-4873
3432
-4155
3290
5713
-868
-6256
8016
9225
-9410
4696
5113
7282
1890
-2340
4936
1292
-8500
-8067
6168
1751
-5136
8665
-6427
7992
4818
-3159
-5289
1607
5067
-2381
-8264
8979
9933
-2003
-7513
-1902
-8930
4015
-9723
4233
5568
2771
-4755
-8171
9745
-20
-6879
-8749
7214
9216
287
-1102
1714
-5052
-8782
-8781
8188
1875
-6395
-8134
8207
6345
4434
-1580
-940
98
-7239
4612
-806
-4630
-3892
-372
-8067
4833
-3417
7508
3331
-3443
-3811
-5670
6883
6588
-8179
6999
-3167
-3884
819
6602
-8236
4377
3451
291
233
-6213
2993
4686
1728
-7656
-716
-7495
-6892
8949
2633
-7484
9497
8501
-4181
-252
-3075
9203
-9440
8468
8432
8258
-2746
890
-2944
3295
-2196
977
-9059
751
4766
-4425
7260
-774
-5511
-7691
4599
8612
1404
-3194
5745
-3196
2879
-7738
-4520
4483
-6787
-4487
9539
1010
-9459
8118
282
7368
2575
1486
6036
-6377
-3455
124
-6021
1162
-2639
7850
8845
6653
-2291
-7875
5596
-9127
-9674
-7009
-1131
-8213
7859
-1433
-2370
-9377
1698
7111
4407
-5570
-983
5458
4803
-5951
-8085
-8824
9185
8017
-8650
-7873
2738
-7779
9081
3663
2943
6647
-7630
9050
6163
7244
2405
-329
-4125
-5891
-8887
-38
-5745
7806
-931
-7903
5696
5195
-1928
-3395
-1519
6274
-2690
-933
-2102
-3231
5422
-3602
-1721
-9315
4888
9979
-8297
-3908
4588
7521
320
-1681
5422
7331
5344
5968
1189
-5581
8271
6964
-8814
-8772
3424
-2196
-2658
5324
1670
5310
2349
-9380
-8333
-5189
7854
2206
-4836
-2723
-5772
-2046
-6440
2943
-4417
-1947
2343
4569
-3181
2486
4719
8374
-5173
8358
4386
1460
9894
8172
2780
2391
-8641
-8398
-344
3146
-2246
9023
4065
2931
-1670
-7134
2518
3282
7792
-616
-7353
-1994
8399
8762
-8756
-9060
6682
8966
-5259
2148
5246
-7513
-6868
5170
7612
5380
3543
318
7454
-9437
7769
8985
1803
-8232
8504
-8643
3638
-2450
6361
-6385
5265
2928
-5497
-8365
-2017
1652
1043
9004
-7194
2596
4821
-4977
-1565
-2197
-207
5122
1112
-7463
-1515
3991
6177
-109
6047
-6753
-28
858
443
-3411
1894
7126
4361
6312
-7526
6654
-6435
-661
-2604
-2489
4320
-7331
4028
-9561
5652
-5335
2782
-2524
-8875
-2183
-6274
-6946
5403
-5548
-9495
-7946
-9348
5105
-3417
922
-7794
-8458
9389
-4402
3498
1202
4111
-4232
1548
8659
9138
3687
5207
-6812
-6113
8833
5462
391
-4237
-9208
-323
-8821
-7725
-2263
-9043
-1398
-8771
2337
-8810
2114
5818
3659
599
-7410
2576
5706
-2559
-9472
3028
7600
-5095
-6947
1788
8713
-7172
2325
-6509
4103
-2978
925
-3323
-5270
-5045
-757
6074
9195
6254
-4851
4768
-3738
-7920
7975
-8928
-8862
-5577
-217
4307
9183
1552
-6778
-3826
9082
-7768
1790
8120
7103
-1228
-3422
3644
-4148
-4272
-7265
3738
-6050
-2268
-8467
-4873
603
1539
3825
-5675
1883
3469
-5037
3550
-1869
-7083
5046
1690
-1665
7356
7481
6976
6892
-9252
2122
-9720
9119
-6751
-3006
-865
-9915
-9807
9696
852
3960
-6099
6118
7695
5323
-9137
3338
7265
1459
-5677
-3494
2039
4242
434
4368
-9912
5248
298
-179
8014
-6280
25
-4300
4689
7996
-3896
-8346
4862
3974
5669
6166
-9481
-1907
-3128
2761
-7419
-2768
3031
-2004
-9720
-1054
7877
9713
-785
-5870
-7819
1607
-9630
-9707
7772
8660
-7972
3570
3844
-9070
-585
3082
-2547
-7996
-6816
-8477
-3537
4084
201
9423
-6822
-9302
-2979
5437
9822
2250
4430
1340
-9914
-2773
-5462
7527
-5697
-48
5132
-5390
-7785
869
-5969
5072
-9759
-6793
5853
4094
2357
-2609
-4890
-6545
5651
781
-3572
-7020
7560
-5250
-9637
7112
-6679
8378
1622
-5931
-4964
9980
2732
6407
2199
4991
-886
3915
-7168
-4463
938
1924
627
-8906
8297
-5206
-9598
-4804
-7530
-4706
-9866
9879
1574
6415
-1452
-4072
-3132
9186
-2309
-6162
965
8482
-9366
-7207
7098
-636
607
-921
-6944
1557
-9639
-1170
6769
4066
6975
-8795
-6659
-5724
1209
-1761
9587
2502
3932
-764
3896
-3500
8004
1325
3355
8162
57
1084
-737
3254
8436
9110
-4297
4787
-5381
9086
-9071
9251
6024
656
-2743
-4833
-6392
-3562
-6594
-2338
2271
5066
-6911
9081
8712
-8823
-823
7735
-2502
8624
-9308
-1222
-6873
7734
-7672
3428
-2466
3174
-1368
-3225
-3056
9207
4130
840
-5553
6057
-7275
-7409
-3757
7390
-9777
-7474
6102
-7885
7589
-2036
7839
3290
-5188
-3348
9724
-234
-1884
4447
5160
-8911
-9564
6082
-6612
-9603
-6224
-8267
-2974
7845
-5417
-9094
8884
6672
-5159
38
7267
-3822
8790
-1625
9860
-5842
-4031
2034
-4924
6091
1844
-4344
5676
1938
-4835
2084
6144
4897
-938
7268
8962
-368
-1037
-4303
8308
4286
7508
7340
-6758
-7818
-4583
-3689
-5251
1668
3861
-8962
-8437
269
-6468
4224
-7780
8560
4054
-4738
6864
6904
-4491
-9666
7668
-6021
-2461
-4420
-8380
-5294
-9131
8942
8170
-6924
-2308
7826
-1020
9265
3546
4055
-8668
9833
817
2693
6897
-1913
-7593
1898
6794
-3107
-1498
8449
715
3069
9200
8673
5480
-9712
-9841
3359
4214
439
8506
3905
-343
1725
-7404
7585
-1992
-6763
-1569
-9030
381
-6252
8814
6930
4504
-1011
-9352
3011
-4845
2886
-4984
2727
3584
-3180
4240
5440
8319
-457
2494
8162
-9828
756
3367
9438
-8587
7051
-1856
-7093
7737
-3756
-6740
-9005
-4213
-1413
-7920
-4201
9030
8053
6050
-6144
5530
2014
9023
-413
-2091
-7983
-6245
2032
-1378
-5309
6515
4568
9946
3036
-2081
6744
-6127
-557
-9596
-5114
-2454
8165
6662
7031
-8269
2737
2554
-9174
6429
5747
-1575
2229
-6236
-8037
-6800
-9142
-5747
-8535
-9292
-4795
-5912
-9112
9172
9909
-2188
7268
1575
2340
-2686
5769
9956
-7291
-5295
-9607
3312
8217
5976
-7030
3377
-6434
547
7098
2017
1237
8181
847
9759
-4850
2092
-6993
6336
-814
-9951
-1735
-4829
-8723
-9842
5215
2305
-3530
-2901
-1695
9443
796
-6543
-1178
2126
5102
9599
4793
6553
807
6555
9086
-8225
-7819
-7440
-9520
-5616
261
-3691
-5224
-9278
7660
-9873
-2036
9573
-4492
-6003
-1279
-621
-7807
6192
4207
1926
-9217
-7250
1344
-860
-4278
8492
-4909
-554
2970
6600
-972
-9290
4425
9049
5680
-8378
-5151
-7570
-4937
2622
1095
3091
3251
5533
446
5203
-897
8097
-3846
2167
6406
2545
3010
-1108
1018
-3913
4161
-7070
5357
3819
1865
5840
5775
-1589
-7420
8373
-1372
-1721
9592
4986
3233
-7880
2998
-2924
7555
9969
1888
-5723
-8915
237
3797
-7582
3292
-3736
3674
-6802
8360
9066
9894
-8251
8153
9118
-3062
1750
-8093
9696
8795
-5432
1024
-3499
5853
5309
-9335
5493
-7666
3635
-6064
-5501
-3603
-7353
6877
3677
8965
-715
-2077
-2706
-6759
-838
8223
-607
-2962
-8934
-6772
9105
-5489
990
-3963
-9221
-351
4181
7768
-8779
4773
2587
-3613
6424
4995
4695
7823
-1224
-9255
2974
3045
3252
-3937
7029
-6671
-5527
9717
-5389
-4078
-2751
-3860
997
4154
-7128
5646
-1396
8808
7456
9100
3649
-8032
2698
1986
6232
-1852
-4219
-1272
-7134
-5166
851
-9256
812
-7079
8086
-8810
5061
8280
-4389
-9535
1501
-8395
7372
2229
-2007
-5385
-9975
-9477
1251
769
5265
-3154
-2385
-2996
-1990
2761
-6856
-8993
-6720
8754
-7112
1869
-3590
-8706
2166
-1844
3688
-5920
9386
-8147
5096
1457
-4708
-5315
5929
-1891
-4821
7927
8470
-8568
3593
-3229
8980
-4421
-2941
-1969
-2361
6543
3711
9481
-7826
1557
-3554
-5770
-497
-8641
-8543
5010
-2067
5230
9479
-5179
7766
-7494
-748
-8899
8345
4855
2766
-9202
-907
5130
6945
-8701
5004
3656
-1501
2431
-9930
6247
4465
-8331
-526
4772
-9192
6816
-2313
4624
4431
6944
-4663
6679
545
8882
7783
1678
-1655
650
4802
-4199
2007
-625
5736
7318
-7153
-4268
-547
169
4880
-305
8779
9797
1234
-3753
7440
7956
-919
543
3126
7779
6086
8297
-191
-2035
-7844
2857
-6207
-5246
3456
-4617
-4250
-2412
7337
8592
3955
7422
791
-2518
4556
-6318
4593
2834
873
-1699
-6330
-7868
-339
3096
1461
5542
7152
6382
1768
8994
5687
-5211
2267
-9763
-8090
6699
603
5241
-6804
9311
-6999
-9725
-7748
-6248
-4675
-1638
-4676
-6506
-9465
-515
-5514
-957
5553
-6161
6508
-7642
4577
-1365
5512
-1660
-485
4669
2673
6515
3971
6404
-6086
-1956
5215
2051
2133
1548
2458
3486
-2395
3415
-4443
-2473
-9103
-7446
-6343
-3835
-5836
-4756
-5288
-3187
2609
6511
9937
2176
-3997
5785
7457
6065
1875
-1878
-4137
-6319
-2941
2473
8560
-7351
-1433
6063
-6911
-2605
787
9904
1331
-4586
-6545
-8863
3721
-4132
7720
-3958
6013
9265
-2784
-342
6824
-8358
5029
-6239
704
-6032
-737
-1569
-389
1464
-2813
7430
50
-576
7685
3646
-9022
2743
3146
6389
-85
6025
-6437
1360
-2629
-9289
-9739
5011
-6971
5871
-9762
5577
6187
4717
-4398
-6351
-9541
-4946
-6917
-7355
4788
8652
6175
-4888
1834
-4613
-3149
843
-6177
8414
-8594
6683
-6990
6439
376
-5781
9780
4266
-2207
-1926
-2636
5276
1166
1185
-2915
-6419
2510
6107
8149
6111
2186
6577
-6266
-6014
-837
-9055
-6150
-2386
-2186
-4342
9215
8604
5826
-3625
-8438
-3454
-3478
1926
759
-2007
-242
-3693
5711
268
-3500
2694
-4926
-8594
-3780
1461
852
-6248
3857
-2793
6260
-7665
-6725
-7545
-3545
9806
-7215
6737
8452
2277
-4693
-9188
9144
-338
-4042
6548
-2711
-3577
8577
2610
920
945
-1003
-7605
9504
292
6529
-9454
7131
-4915
-141
202
9923
7813
-2110
205
-3658
-9617
2568
-1198
6546
6861
3277
-4034
-9696
7839
-6209
-1590
5102
-3430
4350
-4852
-9196
8673
4595
7205
-6312
9763
-1279
7590
653
-592
-3564
-8928
-2570
-1479
5717
9127
-6327
2531
-1569
-3007
-338
584
2284
-9391
4775
8170
-8215
9851
-1687
3253
5737
-4397
9192
1264
8469
-5689
8465
5759
9472
-219
8688
3704
-9224
3402
-8622
1631
6104
7337
5221
-4799
1563
-9836
-9508
9993
-7924
6089
7599
963
-9575
2524
9183
5003
-2235
-2275
118
-1999
5916
6694
6861
-2517
9729
3588
3783
7126
-3165
-4929
7067
-853
1039
2631
-3985
-1254
-4673
-4099
3775
9766
976
-3653
8765
-1091
9361
6273
-429
1425
-6889
-131
-5724
8600
6158
9398
-5968
5693
-1719
341
-5898
3072
8570
-6447
-8301
-1263
-7426
7413
-2199
-1180
-304
-7376
-2820
5809
-3843
-7175
-5834
3660
-9225
2493
6857
188
-6045
6887
4948
-8806
846
9322
9951
-3993
5948
462
1409
2954
768
3669
-95
-8667
-3544
9416
-7495
-493
7536
6115
-3338
-5696
-8201
-1191
-3940
-3900
2063
-9979
-4537
7230
-3635
6959
-3796
-5878
3712
8471
-1571
4734
5054
5186
-7828
8359
3514
-2050
103
4058
7186
8147
4257
-4487
4837
1351
-9038
4165
-1150
6766
-6892
3898
6843
8205
2702
8492
-1096
3177
-3890
6876
-472
9777
7951
9591
5747
5861
7387
-1301
-7509
-3007
-2679
9798
-8832
-982
-8985
-4499
9266
3251
-2125
4373
5377
-8532
5315
4770
-4703
744
-7995
8506
8362
3722
320
-5275
7723
-2548
-3047
-1660
8670
-8181
-14
-7350
5751
-4174
6732
1147
-8714
1313
-786
3520
-5572
2841
-5058
-1628
5818
-2937
-5109
-5809
1060
9291
-6707
2268
-1243
-2267
2436
-1032
4492
7899
3742
4346
-8348
-2424
-7275
3193
-7454
260
7284
-7921
-5961
6540
-7399
2536
-3899
-7794
3926
-1946
6351
-76
9330
-5771
-9848
4298
-3859
7622
-7122
4237
-7008
-1014
3215
-6606
-4670
-7379
-7255
4017
3784
-6260
3216
5868
7940
-5324
-6360
-3841
-4946
5113
2291
-9594
6880
2799
-6492
-5499
-5958
-9399
5522
-5192
1030
9164
-1016
6904
1687
3566
537
5511
-2741
-7216
3761
-2856
7311
4342
7494
-610
-2335
-5345
4077
-5841
-7024
9829
-1910
-9132
3295
7283
-2721
9552
7209
-226
-3675
-4758
8799
-2879
-4551
9017
-6483
-1383
9933
5772
-1190
4409
-9153
-2829
-9266
2507
-4249
2893
-4818
-8988
-8214
-49
8034
-7837
7052
-2131
-1160
-250
-2558
72
5954
-6520
2949
-3212
-2758
5051
-253
-5723
869
7678
943
8757
6389
-8965
9465
5173
7145
-6848
6776
7662
719
-9193
-61
-1998
426
-8092
5503
-8092
590
-9061
7923
7713
-3384
-1188
-2409
-9751
-325
8044
-9333
-6642
2469
3537
4004
7032
8640
1161
-8319
9138
4324
9640
7547
8949
2122
-6516
635
366
6123
9790
-1114
-8657
-8730
2536
-4685
-8369
9057
6413
2334
8094
-2169
3274
2293
-9238
-3728
-2073
6478
-7833
-8386
-9383
-3077
-1474
-7517
311
-330
5045
-6240
-489
9527
9719
6409
-6811
-3547
-4385
4324
4383
-9975
7686
-8592
8976
-738
7015
2114
9287
-5148
8363
-4438
-8493
8756
-9705
5684
957
-2931
-7186
-7574
-7678
-5971
-2781
-1000
-628
-9765
6111
-6712
1996
8001
-4309
-1877
-5003
2520
-7461
-7496
-4872
-9221
7799
6319
344
2621
-3449
-9929
169
-2921
6459
-3035
4778
-679
-1580
-8642
-5252
1282
-622
-77
8766
3083
-3877
5291
-57
4477
7973
1951
1663
-7933
-7296
1119
-4742
6426
-509
7826
-9551
9764
3825
-4422
-7682
-1796
3496
8726
5173
-91
-3898
6401
6298
-5765
-456
-2088
515
8906
-8864
-2600
2539
-6787
-6462
-9946
-3473
6127
-7157
3816
6504
-3618
9919
9552
-7578
-419
4926
1369
-6330
-5560
9841
-5398
2096
8275
9431
-4104
7567
-1381
-7065
-9335
8077
4606
4353
6770
-597
2566
6261
9473
-9478
-7776
7247
1367
-8423
-1365
-5026
1837
8427
2508
7424
6167
1012
2398
-148
-90
2064
2087
-9093
-5368
1680
-2234
8499
5354
370
-4471
6130
7165
-8549
-5989
8147
-7818
-9420
473
1504
-1616
-1634
7430
-2091
-1076
-6220
-9644
4140
6392
-164
-2589
-7765
3950
-5367
5447
-5178
-6797
1360
161
9073
-8000
8196
5008
-9369
-4451
-4688
1632
9904
-8055
9137
-8704
-6286
7863
-1074
6321
7511
-974
-2380
3771
9431
-8864
-7054
3674
-766
-6075
3150
-2091
2092
3327
-4925
-4657
-7851
9326
7384
8150
4564
-7210
573
4601
9664
3709
7876
-2569
-1414
1647
-1574
7922
-1126
-8446
-4895
-6781
-5996
403
3627
871
1094
9039
-1227
-7754
4674
-2034
-3906
-3532
7923
3417
834
-2879
-7347
-8884
-1961
7179
-4938
-8745
-4349
7491
-3510
1342
-296
-5395
5872
-991
9166
4144
3735
-8170
-4677
9230
459
-3791
-5967
-6162
9242
-7995
-9260
-7019
8894
2757
-6250
1747
3303
-7964
8113
6041
-3834
-2502
-6783
2056
-3528
7719
8731
-6812
-5651
7794
5550
8360
9588
-9333
469
-7052
-3483
-529
-3851
5153
330
-2135
-3399
4404
7563
-6891
-8824
3377
7477
-5344
64
7015
-7162
-6133
4977
2121
9495
-2002
4856
5181
-9338
2746
6614
-4051
-9281
-4457
-8755
155
-921
-628
5303
-2606
-2555
1532
-3582
8023
397
7021
7084
7710
-4117
-9179
599
5625
7272
-5779
-568
-2612
4827
-3913
8194
-9125
5519
-7524
3803
-6588
5037
7486
3127
4906
6182
-5012
-3703
-3706
-1185
-2812
163
5794
-2118
6002
8469
3584
9373
6999
618
-6732
-5247
-1339
-1733
3379
9368
-2009
4622
-3581
5884
1949
1583
5969
3760
-5276
-6935
7586
-9450
-5836
-7520
4129
4525
-3164
9966
5143
963
-6456
-3591
-6567
-1409
9338
-8850
9083
-4060
-8937
-5732
-9021
-8125
-2528
4271
9208
3936
6944
-1689
6104
-898
-6546
-2252
6409
5930
968
4816
5063
-9951
-5121
-6758
-4644
-3713
-942
-6934
-6514
2245
1011
-2410
-4429
9126
-795
1536
-609
1198
1351
4793
5310
6928
2922
-3337
-6435
2986
-1026
-9842
-1854
7959
-3221
1453
-708
-9999
4059
7832
1492
-416
7253
7422
7267
9220
9892
-522
5438
7675
-9610
-5605
5165
-5297
-5760
-4447
-1959
-1441
8479
-3470
-9341
-4632
-9095
1610
-879
5584
354
-4853
643
-2321
9979
4414
4836
-9317
9236
-217
1660
-7986
6770
6691
-7806
8374
-4820
609
-3473
2585
1967
1050
9390
-7806
8738
-754
-5585
7244
-5693
3965
986
-7446
1648
-2466
-4319
2257
-1246
-4609
6287
195
4596
-4166
8988
4025
1185
-2479
-9918
-7732
-7957
1286
-3638
-6688
-2856
-2023
9887
-8051
-4905
-9378
-6779
-4981
9345
2746
-2558
409
9082
-8742
2618
5290
-3914
-6128
3577
-2995
-9384
6763
2601
4504
7670
594
1411
7217
-8935
1566
-318
9432
7072
9745
-7725
1971
-4157
9910
-5080
-1257
-1259
6773
7756
9649
-5789
-5517
786
-8785
-2438
-6396
7782
9197
2469
2575
3876
-1697
-4717
7613
7815
1176
9367
7996
-2022
-6315
9321
-5354
-6389
1833
8554
-6071
6430
-8410
3781
-7645
-1603
4293
6192
-7812
-84
-9998
-9614
-8176
-6342
-6921
7838
2423
-8204
-3998
9182
8163
3508
4502
5739
7510
-5704
-3700
-1416
5949
5645
8227
1583
-9236
-2231
-4917
1619
-5065
-3945
-918
-5403
-3669
-7187
968
-2718
231
9274
6590
-184
-7398
4060
8822
-9927
-4646
1390
8382
-7623
-3138
7070
-1873
-5966
-1543
8220
-9931
-2665
-556
-7922
-3494
-5083
8006
2432
-9805
2020
-8974
-1351
8742
-2771
-4771
6761
5270
-4953
-213
7935
-3379
2186
4470
-6025
-410
-3356
-6455
-719
-8684
8889
8767
-8932
-1038
8165
-685
-3600
1127
-4515
7587
284
7541
3156
-8122
2356
7807
6617
7367
-7636
-6443
-7970
-4418
-4638
-7427
8051
4201
5429
-4992
7377
-8244
-5516
-658
-5037
-8958
2034
4142
-7586
-9186
-5195
-7994
-1631
2339
-5811
3396
-4457
3164
2882
4487
-1015
-1031
-4282
-6771
-3439
7142
7913
-4615
6394
4554
1931
-5760
9315
-5575
1805
9297
354
-4330
-1600
6175
8357
-1367
9567
-4436
883
-71
-3079
9907
433
-3546
1190
7506
-7519
-6331
-3333
-109
8965
2873
9528
85
6017
-8086
-8610
-9765
7487
-4283
6046
-9295
2124
3440
-6291
-4745
8415
-1016
2931
268
6681
8217
8771
3767
8039
-3847
2533
-9292
6853
-7487
5903
-5286
5886
7721
-7246
-1883
9966
-1089
6897
1637
-2040
-7708
2988
-9758
4819
-4829
-6918
-6198
-3313
2095
3157
-8103
5590
1880
-4689
-2012
3709
2825
-5181
-3070
6265
1825
-6042
-2953
9279
-8213
1949
-9410
2980
-5731
8712
-7790
-7805
-374
5467
7577
-4131
-3004
-3123
-7410
-2438
5969
3977
41
7661
3721
-9310
6253
2262
-7510
3140
-2322
-2815
2103
-2331
-5954
9964
-4172
-6501
-7406
3814
-3626
-4601
1045
-6829
-6549
-3730
-5719
-9652
8390
-1879
-3307
-3037
-7324
8338
-4113
-5244
-4928
1247
-1849
6903
-2513
9451
-4146
6561
-5638
7823
-3422
-7029
-6410
7600
-7433
-4678
6977
4306
5379
-3939
8954
6411
1286
5446
-8739
6642
1331
5359
-2213
-5387
3008
6334
-878
-1686
8614
1571
-4114
-2531
2389
2366
3707
-5847
-4072
-6339
7526
-8350
2720
8579
-4113
-434
-4049
-2971
-3955
3988
9284
4301
-98
-9492
-7874
2593
2217
-3850
2958
-8033
6035
4039
-3523
-8353
-6598
-6337
-425
-7334
9424
-1195
-6061
-568
-2312
2355
4385
-763
-3370
-5282
-433
-4371
8726
8174
2263
-6937
8477
-1252
9704
2718
4643
-7527
-2353
6986
7349
987
6433
9038
3046
9810
3848
-7526
-275
3641
-9687
2192
5759
3240
-850
-3836
9450
-2553
-7692
3580
-7701
-547
339
7447
-7924
1381
9669
-6774
-7458
2882
-779
389
-4178
-1719
-5434
-1803
4455
-3747
-1219
5474
-7131
-1415
-5716
7224
6865
-2907
9371
4067
-8258
-3637
-1803
3476
-7906
4036
-6035
-9375
-7519
1548
-2133
-1944
-4308
9812
-8810
-4941
-5454
5302
-6369
6647
4594
-8830
5768
9878
2956
-5257
4400
-8923
-7135
-4306
-6467
7592
-634
592
2148
-9766
5316
-1944
-8105
4264
-4144
-9389
2763
4061
-7102
-9868
-8347
120
7860
36
5569
-1799
-7271
2438
-7777
-2597
4919
-4935
1739
-2406
-222
8135
1926
-7082
8215
-358
6486
-8463
-7343
9709
1479
-3566
9484
6048
-5924
-6996
1044
8902
-6697
8312
1544
1337
-8000
5278
433
-9075
-4427
9075
2297
-1310
5678
3100
-598
-877
1772
17
-6172
-3797
3646
1949
2202
2935
6352
-8414
5161
8791
-1488
2553
6550
8366
-7298
-3433
8451
3128
-9937
9323
3022
2715
-642
-6781
-378
-682
1488
-2161
7883
9527
4418
5117
-1439
6409
-5807
6979
-7024
-8246
5510
6588
-7556
-294
-5540
7273
6460
1167
9039
7833
7064
-7482
6243
-6973
-1148
-8044
-7570
-5136
-525
-966
-605
86
5658
5015
-1668
4638
579
-1577
-9789
9863
9034
-3863
4381
-1980
-1448
943
-1612
6848
2745
2446
-417
-3902
-1796
-6491
-2576
2539
2759
-9253
5658
-3620
-8556
-7503
-3588
-2411
-2005
-5642
7822
4056
-2563
7673
-3416
-6292
475
1369
-22
-6498
17
5593
8299
-2047
8131
-8305
2593
5494
-5342
-9029
-4663
8775
-6294
7765
-972
9549
219
6719
-4817
1681
-5806
-4294
3085
-945
-4732
-9580
-2221
951
-6889
-4834
-1953
-9234
-8196
-7908
-2858
2417
1484
662
-8343
7065
-7394
-1684
3
-5062
-7069
4998
-4686
-6555
-3457
-1751
-3601
4942
7395
-3835
-9557
-3929
3499
-7925
-6536
6411
-9391
-772
-6638
-4648
-9939
3421
-376
-2861
138
1959
-8053
2319
8677
9210
-6958
-4024
-7356
6738
2374
106
-5423
-8399
-8111
4367
-5070
1244
8382
1605
-1305
1154
-9683
-5171
-257
-8617
246
9568
1398
-3553
-5609
2316
-9041
9253
-6693
9980
4330
-8885
-5559
-1162
9827
3036
-1626
-3170
8487
-3139
5864
-4616
4563
-637
-6919
1867
6763
-7426
2916
2944
6355
-5262
6239
9258
9454
5126
-7564
-6945
-7184
-9259
5390
8580
8450
-2686
-6211
-56
-2126
5545
-3546
9095
8148
-655
-3159
-5106
-9542
8925
7728
-3522
-3957
-7071
-9294
4297
1730
-6094
1409
6298
-4730
8438
4406
3889
-5854
-3909
9494
-5044
-1664
8196
-9631
5473
6854
3101
-264
7399
-5939
-4145
5832
7989
-1190
-6705
-9481
-2782
1468
2289
-6902
9388
-447
5403
-1904
9844
-6924
-4172
-3985
-5082
-1609
-3205
5289
2230
9720
-1805
-4982
3334
3508
764
-6095
3652
5989
2877
3449
48
6601
9149
6435
-8357
1489
5394
4417
-500
-5662
-8399
2657
2492
5419
6435
4116
-7391
772
3384
-2246
-2649
-5761
-6123
8140
1466
-1906
-8823
-2714
-6495
3505
-3106
-369
5220
2841
2731
4870
-8242
2430
1126
-437
-5875
1274
-9385
4935
7766
-4544
2183
-2632
3174
2108
3479
-867
-5532
9705
4846
8539
-158
1801
9514
-9494
-8255
-7036
-4297
-417
-1612
-576
1373
3062
5789
-2632
-493
-2245
-2540
4829
-4846
-3915
-9242
5894
9253
-2576
-6694
-4267
3996
5574
-4849
-5944
-8672
2058
-5791
5592
9793
7184
4586
-4558
4555
-3204
-9051
2448
-8970
4294
4077
-269
9789
-4762
-7035
-9474
-7162
7777
8337
9682
-1184
8368
-159
-1246
5003
5130
813
1298
6481
-6258
9756
-4975
-4397
-3089
-3233
8528
5182
1467
890
-1314
9084
1898
4419
-3039
1478
-5824
8067
-5325
4535
-3906
-327
-9129
-5604
-9556
-5922
5590
-9432
9627
-6269
8283
-6652
1690
-4298
4743
6915
-8872
1092
8945
7764
2352
-4264
4414
-367
-1834
-8479
-1223
-3532
-3140
1394
911
4169
4929
-8125
6409
254
7319
9621
-7097
-3466
1423
6739
-3690
317
3491
2644
-3763
6583
6720
-9924
3498
-3278
5774
2626
3844
9337
8926
3213
76
-9558
-5649
-5385
-9083
9247
5148
-6764
-1891
-3608
-474
1099
-7545
954
5913
8707
-9129
9473
2461
9753
2457
-7887
3452
-1043
4750
3098
4426
5725
9924
-5062
8566
7113
3984
1740
-3220
-2122
-5205
-5250
421
-9490
-9050
128
6028
1124
-4628
2264
6221
-6731
-2157
-2221
1052
5674
6621
3478
-898
-7174
5713
-3821
7096
-1939
2033
5910
2483
4059
3065
2335
-7447
-3918
-749
1258
-5777
-522
1561
-9494
-2626
4355
-6744
-5420
7167
-9361
-163
-3177
-9453
1162
719
3498
-3428
4999
-4376
-7362
-5588
-6604
-3007
5970
3624
1989
2553
-218
-3368
1584
-4558
-6137
5390
3057
-5079
-9656
-4912
-8307
7184
9106
8835
8083
-9239
-7438
9558
-8226
1729
-3984
-9431
6808
-3258
4929
-839
5369
-8569
-4750
-5303
3885
-121
6693
301
2195
8157
2488
-4202
-959
9354
-5344
1013
1573
9912
6997
3886
6183
-4052
-3673
7995
-7830
3880
3950
9913
-431
3872
-9153
1811
-8066
-7946
9434
-7414
-3019
2676
-5856
-8098
2912
8422
-1598
8347
9996
-2959
-3307
-5470
-496
6900
5762
6227
5645
-5863
-4038
-172
-8463
8760
-7578
1185
-5674
-4151
-8612
-5872
7208
-8125
-2195
-6977
-189
-9738
-4004
-6372
4826
3810
6857
2481
-9932
5522
-6805
5259
-8815
-2280
-6531
-9147
4491
-4027
3503
-2314
-3016
7685
4477
2579
-6229
2581
-4804
-9182
5914
1507
-1743
-772
4986
4545
6332
126
-2362
4740
1201
-3507
4767
-7041
-3801
-2717
8333
1815
-3639
-2374
3780
-1053
6763
3540
-7614
3811
5527
8165
52
281
-6684
7389
-8552
1000
264
5398
-7491
-4664
2404
4086
-5113
-5854
5950
9121
9551
6158
6060
1567
5383
4647
9004
2693
-8869
7784
6513
-7965
51
-6202
9431
5993
-2411
489
7575
9687
9383
-4057
8470
7807
-2926
-1377
-4839
7289
-2622
-3345
-9613
-3005
8682
6931
-3682
-3757
-9340
2651
-2296
-8037
7382
-1305
-7963
983
-528
-7263
2498
-2443
-5518
5527
-1542
-3070
4587
-9676
-5759
7117
2236
-8742
-9187
5947
2843
7487
-3467
5958
3699
-671
-5630
6034
4904
3302
-2590
5870
7256
1780
2411
3427
-2051
-6646
-3716
-3492
7983
-487
8495
9138
3783
3
-8533
3699
1279
-3410
-137
-9457
7445
-4539
-2232
1886
-8659
7116
-2245
-1391
-330
-8963
7422
9844
1413
-5532
4264
3356
-3331
8339
5609
8723
1265
3907
-4036
-995
-3808
4968
-6950
6053
1311
6639
-824
9034
4596
-8874
752
-6496
-7138
-599
5997
7364
-9742
2997
-6849
-3937
3457
522
4319
7446
-9707
-2094
2669
9868
2490
8744
453
9909
1497
-3466
6223
-9640
-4065
9680
-4138
-9921
4541
-1817
5424
222
7369
2731
6428
7486
-4063
3328
-7765
-9083
3727
3611
7604
-4956
7528
9529
-5397
2429
-1169
4764
-3028
9326
6839
-7485
-6031
-4994
-731
1669
-2972
-1309
-3340
-6454
-8178
8334
-1678
-7578
6509
-1548
103
7187
4932
-6247
-4651
8330
8556
-1221
-3845
1149
680
-6120
1844
-8908
183
-675
1949
3682
-8381
2605
4884
-445
-5834
-6326
-1796
-3756
-4084
-605
-4996
-6129
-5533
-1959
6791
8962
8751
-5969
7062
1195
4138
-7665
3506
-5198
232
8915
9550
7587
2441
-6730
8848
4550
-8568
7800
-4720
9117
-1424
4903
5625
3065
5103
-1967
-1907
4985
-7902
-8285
6182
5473
1135
-1988
1014
-9965
5394
-77
-369
748
5743
-831
9055
861
-1562
-6611
-1260
6404
485
9043
-5603
5767
-2793
-9616
6800
-1427
4346
-4532
-5336
8601
-593
8228
-3417
-5660
6250
8306
-8071
-7595
72
1980
-5959
-4065
8449
1462
3180
2263
-9037
-171
-3829
-7247
-6178
6162
-3937
2582
1166
9622
-9435
932
-5197
-3896
-4463
7778
5996
3312
9870
158
4418
3911
-3357
6053
849
7965
-4750
9183
-7263
-9977
-2502
-4124
5011
-6589
-5956
-6497
-4490
1769
2906
-6947
3706
-4976
-8389
3858
3100
1721
2060
-5271
-9345
9468
-1183
-7931
-8804
2286
1368
3000
-7952
9036
-5282
6111
1172
2630
-6741
2137
-4278
-8245
-2231
6851
2131
4940
6482
-687
-7107
-4176
7159
-9142
-5958
-6796
637
865
396
-6052
-6591
7371
-8324
7195
1212
7426
7369
5115
2658
-4491
-7906
2505
6277
4169
-6147
8032
-8906
-5391
3351
-1264
-2005
7781
797
5579
7356
-7230
8433
4460
4936
-6818
3221
-4444
2709
4774
-2747
-8574
6484
822
7873
8190
-2590
4372
9602
3299
7914
-6615
6830
-4073
-1624
-5699
-2361
808
1994
6638
-1571
3956
2735
-4180
4324
1173
2193
-6475
-3424
455
3806
-5496
-2371
-3785
6658
7304
-7141
7306
1153
-81
-6714
-4760
2976
-308
6403
-1021
-5949
9978
-2233
-8377
657
1663
1666
2208
-13
2046
1624
7971
-7396
-6631
592
7866
5379
5350
4326
-7281
3019
8077
59
-8461
9315
2043
460
7084
-4759
9894
-9888
-1031
-9814
62
-1254
8356
8357
2956
-2481
2819
-5075
-5174
-2575
9738
-7187
5950
-4054
-1712
358
-492
5797
5724
-4685
-5832
2373
9261
7950
973
857
-1597
8011
-1876
-3353
4909
546
7420
-8090
-4432
-6838
-9974
3144
-816
8097
-5115
-845
-6082
-7384
4857
2993
670
3883
4359
1341
-7884
7902
8317
2974
9035
1283
-1929
177
7553
3241
-2831
2206
-9741
-1042
9991
5069
-2080
-7740
5996
-9263
9596
-5934
6947
-7902
-7628
8337
3614
9161
9528
2263
-6192
-9740
-2070
4625
5137
-215
5858
1832
-4498
8791
-8133
-6202
9002
-3736
-9250
-2157
-9739
-2125
9673
-7560
998
-5777
5723
4292
2264
-671
9886
-6932
-1921
-2506
-2766
45
4806
-180
6514
-7890
-6745
906
1733
6913
5382
-4335
-5532
8904
-7318
1994
8547
-6124
3256
1502
-1091
8264
-723
5349
4448
5436
4504
-330
-6126
62
-6509
3581
-9153
-9326
-228
-9782
-128
6394
4660
5894
4426
3249
-6797
-3391
-5872
-5422
517
1511
-1099
-8202
-2011
-1071
-7790
8825
-9931
8183
-7552
318
9751
5219
-9277
-6199
-7573
-8256
2356
3498
-6746
7538
7465
794
4267
3392
418
-7427
-6424
-1428
-1773
7143
4304
5763
4905
1020
-2448
495
-2309
5840
3953
4649
1423
2541
-4727
-6612
7109
-2126
7549
1510
-316
-7400
-4553
8168
9951
9680
6816
-5380
-8412
-216
-1637
1909
-1375
-5427
766
-3454
-5133
-2453
8749
-1827
-2452
1263
9333
-5184
-4064
-7987
-3007
-8777
-3923
6877
6077
-3152
-1468
-3551
7237
2159
-7720
8098
-8024
7806
2434
-8841
6175
9634
-178
8999
-3868
-3191
-1530
454
-2064
7935
857
7196
1685
-8001
6632
-3293
-6155
-2266
-4755
-6641
8093
-5116
-6904
6664
-9790
-4660
-2873
-1774
-7690
5643
3729
9838
-2905
7349
2735
3417
2613
2138
3927
-7950
-3731
-3752
7639
-7527
3878
-3862
6875
-2797
2711
7838
-6437
554
-3276
4677
-6973
-5103
-4509
4835
9568
6278
4991
7462
-5980
2992
-5815
4755
6167
-313
-2203
-4868
-6086
-5774
-7080
1837
2232
-212
4668
-3418
-3476
-640
5661
1347
-6167
-2540
3891
8983
-598
8834
381
760
5623
-4832
5302
659
-688
-8191
1015
-4992
-3271
-6699
4873
8112
482
-565
5125
7235
-1934
4087
8265
9494
5616
7887
-4935
985
-3635
3343
-4880
-7425
-4143
764
-1854
2958
4864
-1306
-5040
-7625
-9271
-3194
2470
1183
3627
4039
3060
8860
-4635
-2015
5127
-5477
-4744
-4032
9380
-2626
3290
8035
1952
-8189
2170
-7296
4639
-4705
-1141
1765
-2361
-3253
-4048
2298
3040
1364
226
-8637
-3830
-8458
-7167
8929
-4645
-1661
6420
-3817
4084
5468
5950
-2711
-4322
-3966
1216
-6399
5766
2247
2693
9804
3987
734
6797
4801
-5824
5585
-1063
-3710
-9222
944
5232
-229
5143
-7289
-6579
967
-2703
9417
294
5393
1918
-6871
-3720
5432
-7923
8967
4020
-9524
7487
6759
1792
-1899
8096
9757
779
-6700
-2591
-6556
7793
2944
-7245
-3281
5927
-3918
-4159
-8329
-3996
-7971
-7894
-398
-6771
5588
8602
-379
8635
9776
-5659
5648
1514
6377
5919
4488
2496
1025
-8518
-6814
728
-1216
-3875
-2934
9707
-9478
-5474
4435
-3141
3949
2812
-4215
3323
8839
-3973
-2525
-2979
1572
7868
-1803
-6631
2228
4377
1825
-1129
8827
-9958
-5875
7770
-9517
8951
-1616
7785
332
-7382
6021
-805
3059
-529
-8190
7551
912
-3172
1507
-3419
-5111
2743
3007
4076
-2524
1400
4989
8008
-1782
-3267
3615
-2353
-3257
3716
-2437
6049
-6002
-9816
-2997
5522
-5158
-6022
-7461
-2090
4367
-2501
-1408
-665
-9154
3444
4775
-9706
-3641
-237
5355
-6868
3801
866
2368
-4933
4437
3269
8173
-5242
1905
-976
5079
-7319
-1480
9667
-9961
-1594
-7218
-1501
206
-8722
-7727
-4330
2351
5641
-2660
-2406
5626
6530
6693
-1534
7241
8561
-4570
-8626
4804
-8986
-2951
5126
6415
-4049
-4900
9396
4003
-2106
-3372
8731
-7591
-5382
2989
759
7842
-7399
-9281
5266
9941
3095
-3955
-2208
8960
1309
2471
-231
-6017
-3312
-4976
6416
-149
-9923
-646
-7820
4073
-3713
-3380
-3230
5155
-276
357
-8827
-7052
-4958
4699
-884
-2339
3849
-4132
1734
-5451
9733
2550
3676
-5891
4859
-2062
2506
1937
-9731
3738
-356
7994
-2444
4507
-1150
4800
-6647
-3162
2063
-1699
3600
-8239
8980
4749
1329
3227
-9068
481
-8652
3468
931
-1581
8489
2874
-6976
5972
-5839
-5528
-5268
-8415
4588
-919
-2682
8692
-5792
1346
9156
-4745
-1566
-2386
-4656
5363
-4187
-5957
-9060
-3418
4604
-9007
-7900
-7597
5453
-4109
4735
1300
-2091
1246
-5055
-3158
1106
6830
4080
1813
-5712
-7200
-5247
-385
4723
8786
1775
-4110
2046
-9049
1879
778
-3522
-9753
8530
-59
5943
3138
2416
-4041
-6904
8533
-691
-1925
-1027
3333
787
4259
3761
-4728
7405
-7536
5598
-7612
4386
-5091
8227
9807
-6602
4662
8497
-5035
7897
2438
977
4280
-6262
6350
1141
-3278
-4756
8945
5402
-2346
2594
-1524
-1801
-3372
-7158
5091
-4732
7291
8660
9974
-1654
9784
2430
-1453
-9021
-5987
-6835
9957
-4242
-322
-8598
9643
6161
-8620
3350
3811
-8149
6276
-1429
8676
53
410
-2575
-3893
5204
-4530
-5446
-8947
-2529
1449
-5957
8460
5127
4641
-2041
5637
-9721
-2112
681
1990
-6711
2947
1758
-8228
8819
1854
9644
-9046
-6292
8349
-8829
-8650
-8817
-5563
8207
4829
9963
-4072
-5129
2215
1364
824
4693
-7883
5802
5731
4370
-4713
4099
4572
2397
-2950
8952
3530
-8504
2078
8905
8730
-4224
-4282
3534
-4768
8391
8329
-5733
5979
5103
933
-1714
-6570
-491
-6989
-4072
5034
2871
7669
4550
5025
2195
-3156
6508
4981
8062
3879
4685
503
-8386
-5099
-503
1388
6629
-8389
3523
-7854
-4246
5089
-8755
3104
-6331
-3673
5234
1323
3655
-7530
-1760
9989
2996
1649
5905
863
-2882
9577
5300
-8849
-5537
1007
3165
877
2611
4485
-9307
6872
8015
4174
-4545
5494
-7806
9796
-7719
-8072
934
-728
-7957
-6181
-1117
-3053
-2497
-1077
-9247
9611
6044
4738
9351
-4398
3409
-5426
-3339
8921
3227
-4655
9018
8849
-1645
4354
4979
7586
8247
-7311
-9855
-1132
-237
-2073
8933
6123
-2548
6347
-9445
9904
-3287
-2494
8817
-2519
-5986
-1074
-3678
2731
-4650
7703
-9965
-8442
-6564
327
-4792
9983
-4154
7278
6564
-4869
927
3046
-1892
-9450
-9296
3089
8215
7924
-3798
-8769
2149
5007
-6350
7660
-168
3887
-855
1382
8611
9623
9335
4908
9005
-5732
-5452
2737
-846
-2799
-1965
2304
-6537
-67
-8213
-3270
-1817
-8178
-4158
4379
7855
-8345
-2664
1466
-749
3573
-9554
-3857
8587
-5377
978
-273
-4451
2620
6056
1202
7384
-8898
5526
-3402
-1590
-468
-4532
3228
-4353
7533
2830
3696
-3114
-4928
-6369
6279
-1726
-7319
-1268
4673
-8710
2630
-1166
5613
-2083
-1889
3756
6956
5830
7708
-2146
5005
-2713
3280
-1545
9528
6757
8563
-1082
1702
-7120
9806
-419
-6483
253
-8241
9978
-3462
-7678
-5443
-2089
6775
7534
6373
4912
4108
162
-1614
7885
-2815
6960
8636
2667
3138
-3026
1335
-4885
4731
-5993
-6036
1526
5635
7103
-219
7947
1557
208
-7807
7335
-488
-4474
7335
9904
-8735
3523
2840
7710
4175
-1297
7453
422
6772
-9456
-8897
3781
3507
-6526
5846
-3771
3812
9172
-6887
2127
-9259
6751
7668
-8019
-8565
-9245
4184
-326
3654
5535
-3124
-2263
1154
-3635
9377
-8145
5945
6808
-1437
-6386
-8186
-1701
5803
-6466
2853
8855
9969
-9510
-7625
5040
4223
773
-5631
2949
3457
-7785
4787
2730
-423
-5080
-570
-6557
1710
-841
-3745
1280
6981
8631
-1072
5744
8040
2327
1982
-9757
-7870
-4468
-2531
4800
-3091
3422
-6377
-1313
994
4492
-4821
6692
4239
-5924
-9038
2840
-7641
-7677
-6978
-2042
-8140
461
9627
9839
-217
-5334
567
-7093
-5488
-4938
-2114
-8259
-1143
5283
-899
1777
4716
8036
-2424
8116
-5723
-5704
-3144
-208
-6493
-6767
364
4099
-4408
-3519
-2128
8731
7903
6529
1243
-8784
5293
893
562
3677
-8032
-1666
4906
-4451
7364
-1483
1131
-5250
2260
6145
-1713
8357
-1074
-4738
-2198
-7778
7071
5482
-5916
413
4510
757
7425
-2986
-7051
8932
3394
-1227
-4807
6434
-5083
3419
9402
-3484
8679
-4585
-2762
6999
-8439
-3940
3593
5929
-6160
1924
-6817
5968
-4314
9569
-1751
-2661
9887
3643
5614
5587
3830
-6292
-4327
1197
5205
-332
-5936
-4529
-7084
-6919
645
-2244
-3912
-5442
-1915
9310
-3459
2271
653
-9713
3534
-314
6781
7364
7025
8782
-1275
-2601
-9984
1042
1115
-8401
2545
-3376
6383
6574
7128
6143
-9322
4439
-2526
1418
-2878
8057
8994
7720
7347
-9123
-4023
889
-5626
-440
-8498
1376
-9237
5581
1741
-1512
4085
1234
-7476
6100
1131
-5091
7256
-2282
-1381
-7012
9006
779
-1970
-5906
-1579
8930
7159
9680
6857
-2041
-5659
6280
9683
929
2359
-377
1971
-7836
5071
3231
7232
-1453
4223
-8478
902
726
2176
9938
-2834
5075
3778
-6678
-4581
8844
-6882
-6328
-4496
-5226
-7193
2165
7760
-5679
3006
3635
8445
-1944
-5979
9762
-798
647
555
8302
-3540
7828
-3482
6297
4403
3532
9759
-7360
-810
3099
-6841
45
-1756
6486
3816
-903
8919
921
5910
-3141
9147
-8456
868
-7118
-2611
-5596
4050
-7733
-8226
-3587
-6652
-4817
151
-7026
239
683
3958
4041
9036
317
-7594
-9024
3855
-7527
5549
8605
9969
-490
1326
2815
3464
-7817
-7633
-302
8601
-7367
6022
5673
772
-5354
-3860
9146
2718
5044
-2397
9174
-6148
5678
-2028
-765
-9365
-2756
-4367
-6056
3004
-3391
-3111
9173
-6660
3377
5625
-2595
-8606
-8547
5296
-2255
2978
-8131
-9301
8426
-1
6136
6287
3666
-483
-8813
6070
7199
-8461
4180
2640
-5619
2527
2417
1866
-8937
-9516
8442
1164
8274
-9041
-5184
-8611
1190
9383
-3840
-7839
-3094
2307
-9936
-1758
9147
4581
-7643
-4628
-5384
-9308
5503
-302
-5667
-2665
433
-433
2426
-2803
-2415
4903
-9744
-1926
8056
-2644
-2873
8140
-1578
4476
7535
-1284
-7499
1575
-4623
-2049
5000
78
-4624
6076
-2895
7239
-8318
-3592
-8340
7037
-1947
9293
-6117
-7628
9568
6617
6574
-5429
-137
1651
-2802
3226
6314
-8616
5383
-3877
6699
9283
-2864
3653
-9990
1052
-1000
5907
-5985
6439
-1617
1539
8098
-2307
4942
7162
6986
1272
-2492
6948
-4271
-9241
-6978
9690
-3359
6210
-8687
6908
6317
6359
-6617
1566
-3922
546
-3804
1568
6649
4508
-3628
7764
761
7370
8180
-188
-3954
3863
9753
9900
3937
-7012
5856
6243
2978
-4325
9395
-7657
-2559
-3381
-6859
-9898
-8602
-8019
6155
-4567
7629
3549
-3898
6779
-1631
7332
-9647
-3689
4148
-310
8243
5039
-9256
1545
-3646
89
1597
3101
-5019
-5900
-1016
1464
2659
-120
5580
-4206
2669
-4084
-569
-7459
1285
3969
-8964
-3242
-1174
-9413
-4920
-9385
8417
2111
2339
9418
-6879
7688
3317
8888
2683
4036
-4397
6912
2885
8091
4629
8995
-7007
7280
-2763
-5989
5006
-4256
-6811
-3252
1195
6728
6765
4851
3171
-765
2784
-357
7098
-5328
3707
5774
7570
1586
-1287
-1463
-2822
3793
-8522
-8312
1876
8830
-1442
7328
5505
5491
-4752
5643
-9044
-1223
-4172
1982
-1968
-1245
278
5911
-3834
5464
-5665
-2510
7055
-4594
-5233
347
-7142
-1007
-4903
5917
8434
-2844
-7686
-3399
4263
9086
-6825
7187
4184
-8107
-9774
-4730
4570
7961
4168
1943
-152
-8714
-1045
-2202
1415
5373
9719
8417
-4236
1181
8115
-876
-8788
-4501
-6298
6299
-361
3712
-3180
1112
1586
-7903
-7021
6079
9656
2266
14
3918
1645
356
-5707
-486
6919
3878
-6305
-3291
8249
-2857
-2979
-5364
-2243
5441
-2148
3933
925
-9535
-649
-6619
-6627
-7029
-5545
-9209
2857
9803
-6584
1225
-809
-5242
-9063
-4503
2489
-641
1423
-7923
-6879
-4939
-5818
-8745
-5551
-9398
-4378
983
-3874
-2914
-8642
2970
5952
-9863
-8577
1377
4825
-1464
-9
-8404
2559
2847
5833
-331
6984
-4515
1030
-5574
2801
-4915
6570
2034
2987
777
-1995
1312
-1310
-8647
7236
7557
1579
-6600
-629
-9136
-9238
7927
9010
8497
-3683
-9285
-247
-309
7657
2402
-823
3367
-8033
5187
5193
-315
714
-7149
4761
-210
9911
-5020
9663
-9243
-7903
8456
268
-4325
-1831
-3853
-8391
-5822
-1265
5726
6659
-5127
-3393
7880
-8255
-282
7194
-6249
-8546
643
6032
-1668
7607
4655
-5353
-6539
7346
8292
-9701
-9268
8024
-9624
-4126
316
-1646
-3619
-1541
1715
5148
-6380
8514
8627
-4888
-8929
8786
2739
-7823
7811
8072
8995
-5606
5324
2479
7053
5251
2554
-786
-5578
3975
1914
-4918
3459
-3499
1839
8857
-3175
-3447
8623
-8284
-9219
2119
-8182
8504
9850
1811
6309
-7990
-3712
-721
1157
8004
6921
-4942
9415
-6063
-4360
2338
-691
-896
4731
-4850
-2286
-4584
-7057
6954
-6274
3161
1602
-5305
5397
-3990
8371
9102
8617
-3387
-9163
-9127
-8944
8187
-4141
-1777
1361
-8987
1998
-9350
56
-2200
-7422
-9689
-4215
-4380
-8601
-6631
-8015
5754
5586
-4502
503
7735
-7749
7423
-1262
-191
8986
7718
-3468
5308
-4789
-4465
4740
-2918
-4560
-316
-2806
-8963
-8522
7558
-4829
202
7727
-4762
6516
-1524
6974
5917
7419
-4446
-4590
6633
-1024
1894
-2934
3972
7147
1947
2934
-7550
-1680
8402
3422
8423
-9467
1785
-7332
-9662
-4396
-7455
-8380
8202
-7285
7626
7044
-2060
-4911
-691
1510
8014
-3629
-8794
-9134
7387
3900
9595
-8368
4779
1860
-2546
-4980
-9641
-2721
7611
6546
4054
-2858
846
8217
6174
-7885
-2492
4732
218
373
-4964
-9437
3396
484
-2245
-8256
-4288
5694
2936
-8811
2485
3088
1674
-4589
2409
-9856
5516
-8258
-4425
-2905
8138
8204
6576
5788
8876
1868
6795
7724
3964
739
4394
613
-1868
4401
4651
-1679
-9015
-5133
-1657
8609
3694
3169
-2229
8031
-4697
-4361
-4464
4741
1291
4497
7321
3467
-7724
-1680
-2968
539
-1593
1785
5246
-351
-5542
9693
-6002
-5569
-3289
6835
-9412
-5059
-4052
-512
-3881
-3747
5723
-8903
1007
1997
-7643
-5280
1845
1141
6334
-9654
2703
-1200
9197
4065
2100
2071
-9773
-3995
2474
-4935
-7435
-9427
-5255
455
9319
4747
8203
-7381
-5065
-6098
-8125
5465
-3469
8897
1880
-7042
-6887
8592
-6836
8309
-6183
-9461
9517
7993
1000
-1949
-2937
-4268
-5980
2546
-8093
-1451
-7201
-9097
-9375
-3616
9962
638
-5843
2208
4799
-6690
2433
7992
1483
-7268
5591
-8841
-202
6830
-6967
3721
-7760
4986
-2649
-4726
-7750
3835
-9868
2901
-4274
-3675
1374
763
7789
-2624
4952
2959
-3901
-6479
-938
-3906
7736
2583
-1309
1341
4021
4976
4034
7866
-2767
9116
-5248
-1932
-6888
9753
5170
6727
8471
9485
-8047
4895
9670
-8957
3246
8142
8850
940
-1773
-9608
-3066
-2330
-9896
4811
-7115
-133
-3713
-9747
7111
5824
429
4302
5214
-5602
7269
4284
771
1454
-222
-6956
-110
-8836
-9904
-650
2943
-7666
7464
-782
-1725
-5474
8391
31
-8889
-2845
6409
6795
-7669
1006
4039
2508
-9580
1680
2474
8916
7984
-8167
-213
3
-3001
-9797
-54
5142
3328
4909
8742
5374
9965
9675
-865
-8852
564
5371
9766
-9752
1050
1738
-7267
-9152
-6674
1301
-4336
-6531
-3984
1316
3568
3090
-6436
-4656
-5784
-2130
-4809
-666
-6690
944
5685
995
-6648
-4230
-7996
3071
-4633
-9154
3480
-5434
1701
-6090
3988
-1311
-3161
-6480
1266
9012
6574
-2203
8047
1504
-7600
6123
-4298
5384
1742
-5312
-5401
-6191
-8494
8679
9092
-669
-6776
3567
7000
-4212
-619
1999
-9116
2020
8600
-8850
-3865
9483
3323
9310
-8406
-9330
-6059
8009
-2843
-1464
-7360
6755
-8911
3493
-7341
-9569
9675
9858
7259
1342
-3966
-7152
3643
4545
9629
-5288
4796
5728
8908
-1352
-8590
8052
-3063
651
3950
-690
8938
-8217
-7207
3851
-985
-3488
-7372
-6018
-798
-4182
8681
4077
-4040
-3044
-1235
377
8706
4623
4020
5140
-88
9317
-2799
-1225
5795
5863
8745
-3829
8461
-2233
7955
3621
-8600
9348
-2866
-7825
4871
5164
7039
3585
-2595
-8804
-9851
-9745
3520
-734
-325
6876
6585
2179
-6135
4460
-5108
3801
-5049
5591
-9506
404
4048
-7431
3943
9794
-9250
6790
-3338
1641
9800
-9669
-8485
-7312
3157
175
-6731
1022
315
-7159
-1863
250
7321
3883
-5413
-7311
8397
-212
-324
-6761
-9101
516
3153
1060
-3142
-2976
2284
2112
6244
8789
-1207
633
-2533
-5359
-9322
2576
4523
-1267
6623
-908
-6305
2878
6262
-5977
-1701
-8373
380
4541
-2604
4569
-338
-1566
-4761
-8830
719
8027
1885
4229
-4530
-9148
4729
-1929
-9612
3577
1562
1462
-2164
-1839
8244
-3875
-2001
6884
-5915
2516
-1461
5421
-3113
6559
-5009
-3030
-3599
567
-4106
-2496
2810
-778
5261
380
5131
-1300
-1821
7668
9103
1230
6348
8972
3387
-3026
-1423
7637
1572
-5179
-2376
-3089
-3231
-6611
-9940
5871
5278
-3028
-2967
-5700
-9671
2634
-2042
-3980
-7555
-8573
7519
-8149
-8775
-2632
6781
9459
9245
32
293
-8297
5264
4956
-1990
-8735
4848
5769
2703
-1988
5799
-3570
-947
1491
3142
7956
-5059
-9864
-8799
8598
-3757
-7743
-5434
2638
-1416
9997
636
3951
-5006
2181
-7052
3281
9906
-8259
4014
-7514
-8615
-1895
2763
-9365
4296
-8596
874
-4005
5827
-2884
-1950
-835
9056
5090
987
-7426
-8142
877
-5783
5433
5869
-8090
1734
-8877
9877
2318
-1334
-6653
-3320
-3517
2217
-8274
-7644
-2238
234
3345
2486
-2394
8480
1079
3104
-3794
-3961
1099
-4634
9181
-9540
-249
2262
-2757
9753
9834
-8207
5209
1804
5161
-4582
7026
-9773
3900
-1766
-6996
982
-4007
4206
-226
-8000
3550
-6962
-1972
-6565
-1977
-4454
-5203
-7768
-8512
-1725
-6002
1272
1077
-2733
1935
5226
9765
5818
1802
-5215
-6892
3638
7349
-8415
-4065
-1314
1245
6855
4747
8715
-4686
-6814
-5066
-8733
1762
241
2063
-7452
381
-7463
-9918
8554
4120
7683
235
8861
-1395
3697
-9588
-4454
7999
-6757
-3942
-2949
-9893
-85
-5935
-4762
8058
2000
-8217
-7409
-4413
-3581
6398
9419
8941
7540
5907
-718
4962
-1073
-2700
-7792
3839
-239
-3121
-1176
-4199
-9279
7749
7653
-7335
-6323
4829
-5121
8392
4130
1108
-6234
-8763
3111
6131
5998
-3821
-1161
3481
184
-6128
-455
-1897
-2632
4800
382
346
8168
-4279
-4714
5923
-9015
-8938
-1233
3667
9520
-8129
4043
2
-203
-3040
1756
7534
500
4421
-65
-2095
-8515
7303
-557
-8277
6558
-8080
-7404
5598
-3381
1499
248
4953
-8633
1879
-1467
-3508
3026
874
-5491
2202
-8241
-8430
-2552
-7411
-4271
1767
-2291
-4445
-831
1020
-1108
9573
-9585
2564
-4630
-7847
-9454
-1007
-8743
-6611
8989
8151
7251
-5420
-6175
-3024
6004
-114
-9639
-7112
-3886
6911
2262
-9703
9818
7169
-4889
-7359
-6009
-171
4260
-4498
8193
1365
-5737
-852
8400
-2235
6312
-7114
-452
-2456
6436
344
-6013
8079
169
-1483
-971
4364
-3279
7652
-2960
4741
1144
3669
1971
5668
6507
4562
6849
4714
-9457
-63
628
5603
4491
3845
7002
2133
-7692
5475
1841
9779
-4557
1283
827
6575
-9772
1709
8734
-8341
-6834
-1038
-37
7408
-7254
-3923
-8920
-4520
4274
7486
-5172
7173
-4809
-234
5271
-2923
-2850
-7758
-3428
-3699
4073
-8770
-8533
818
-4418
2842
-3633
5974
3350
-6758
2465
-6864
5700
71
-4793
3044
-7009
-285
-755
9058
9518
-6039
7006
7179
3344
-4205
5919
-5907
3365
4694
-3832
-433
-1156
4808
1824
-4568
-5383
-1278
3412
715
-8318
-1184
-1069
-3396
-3289
4869
-1527
6982
1100
2555
-4778
2437
405
2584
-5173
-1762
4493
-7428
-4384
-7953
-7214
-8169
-3724
7745
-6464
5927
-5758
-8326
5880
-9985
-7811
5711
-4947
7844
4808
214
-4980
9521
7669
4697
-9691
-7270
7607
-7481
-838
-9939
9637
-5404
3267
-6892
8974
-1503
-8965
471
8340
2470
-7350
7775
-9881
-1044
-1456
-6186
4767
487
6699
-4599
1812
6049
-2011
1775
797
-4222
6590
6563
-5052
-1302
-2383
-9939
-1693
7617
8197
-128
-5891
9797
3762
-1860
-6309
7171
-6674
-13
-63
450
-9836
457
8461
-6600
2479
-2156
-8277
-1088
5768
3427
2008
-2781
4490
3707
-9039
-2157
6606
-6627
4534
7895
424
-1405
-3039
-5216
3885
-7415
7773
9499
9248
9768
69
7039
-585
-9699
-8741
4262
2574
1897
9985
-584
424
-8591
-9417
-3070
-7138
2406
1137
9030
-8794
-8673
-7980
2092
-3264
-830
6990
7318
-5633
-6462
111
8530
4531
-7967
1064
8296
2863
8183
2718
1779
-8612
-8821
-982
9549
-6439
8382
-7312
6434
5005
9159
5402
-8378
-981
-6888
7665
-4637
1601
-6048
-4616
2091
3357
298
-1244
-5908
-9893
-2173
-5348
4065
-2544
8345
2281
-8027
-1012
-8386
-2471
-7454
592
-2644
-5961
7560
-3188
-9725
-7841
-4999
6867
4589
-4192
-416
8126
7746
-9134
3074
7705
-2905
1297
-5746
4558
4338
6710
-5042
-2132
584
-3280
3295
-8429
5096
5764
3356
-9217
-1344
-2658
7382
5679
-5827
5683
-3903
-2991
-4416
-5611
7048
716
-2229
6258
641
-7767
-9380
-7767
2362
-674
5072
3529
2514
-7592
6985
6760
6373
-3707
9450
1341
4352
-1444
-7329
9724
1618
2953
-6183
-7797
3171
-2823
-489
261
894
3006
9088
4522
-9622
4799
-4659
-384
4951
-9856
3524
-8661
4627
937
-130
4709
-484
9589
1130
9274
815
-391
-597
-5214
-8192
-7441
-3748
8251
-3549
-2561
-2060
9123
-5338
-5207
7301
9903
-1183
9009
-2658
-3829
3654
-1625
-432
-1809
-1133
9586
-9779
-4134
-7513
-3656
7852
6093
-5744
-6292
-8758
2086
2
-9547
-5974
6072
5956
-3721
8317
-8093
-7771
6945
-707
-6602
-7380
5298
-5005
-195
-1875
-3320
6776
5448
-8105
2087
-6215
-133
-7606
-7582
2067
7339
1030
8776
-3010
6652
8190
4718
-7098
4948
-2869
5398
9333
378
510
8953
4076
3057
-7091
7894
-9008
-3285
-6225
-6345
9633
3532
-8638
4124
-6939
8636
6089
-7386
-892
5512
-7564
7874
876
4022
-3017
5679
-7723
-9725
9885
5486
5919
-1764
-6635
5414
8023
6869
2122
-2543
-2567
5640
8752
1159
-1041
781
5786
773
-4777
6162
-8151
-3399
5090
4088
9183
6668
-8807
-8181
-1774
7596
123
4219
1915
-2923
961
-7749
-6194
6908
-6142
-4810
8708
5944
-7598
-4215
9268
365
1829
-6944
3137
6966
-6926
-2543
397
7438
434
-5297
-2677
1084
-1752
-2356
6737
-1639
9690
-6833
-3604
-1154
6493
-1779
-5298
6158
6736
-8153
9890
6206
415
-8832
6176
1565
-8537
4570
6588
9156
3833
4876
-5735
-4517
2328
1345
5851
5316
7484
815
-8486
-6264
1689
4883
-2542
2621
-7303
-2362
3192
-2223
-506
4926
3079
-7946
6244
6884
8823
9994
9851
397
3567
-9055
-1742
9975
-1742
-8879
-4618
-1342
9429
154
7451
-4984
4304
-5936
2810
6106
8275
-5785
-1864
-1639
-3696
1401
-8537
-4594
-6410
-4234
5317
-2682
3806
-2007
-7902
6574
-2754
8163
2048
-2681
-2566
-2521
1363
-987
-5477
721
9159
-9814
-7080
-1917
7713
2682
4241
3534
3198
602
-5126
4761
-2729
-1942
7380
-2191
-1690
-5604
-8873
-5746
-3774
3633
2412
4125
-6873
-5361
-2984
6543
-1135
-9952
1618
-67
-3226
8041
2997
3126
6675
-7291
-5840
-3000
-6033
-5922
5019
8390
156
2088
5477
-9508
4331
-454
-2168
2924
5759
-1207
-7170
-9181
-7030
2243
2637
2430
2068
8261
-1859
9619
507
-1286
-2805
7709
5748
-4944
3830
999
110
9656
1558
4724
-2985
-6918
-84
1001
-71
2163
7285
-1960
-7908
5932
-5256
1226
8399
-1096
639
-8153
4033
8617
162
-9947
2730
3728
-930
5899
6919
3599
7621
-6943
6849
-7011
-2897
4374
-4593
9301
-8753
-690
2226
9915
-3136
-8538
2494
4333
-6242
-7164
-7175
-1375
-8591
8864
9884
-9919
4803
9865
-4650
1855
-7245
693
-4368
2231
9762
4169
1067
64
9579
-3199
-8795
-722
5776
3709
8827
-3513
7663
6953
2473
-3841
-6733
9735
-7444
5779
999
-9478
72
4447
4133
1650
-5947
-452
5421
1615
-2764
-8870
8081
3315
432
9077
-6483
1673
1856
919
-9260
-1620
9017
-4374
709
-4810
3647
-1064
-1028
-474
-2036
6657
5797
-2292
3530
6648
716
-1100
7450
4250
-7280
-2196
-1097
-4436
278
-1452
3956
-7407
-4807
-5247
-8638
3941
-3489
-466
-2738
-3592
-9274
-1568
6119
5930
-4930
1396
3357
-737
8176
3208
9957
6464
-8068
-5949
4857
5934
1729
8161
-4804
9603
-1932
9438
5691
487
-8333
830
-3857
-8212
372
2775
8959
-4378
8183
-3875
-6493
-214
-4550
-7192
-6397
8706
6955
1379
1053
5355
3128
-5805
4518
3275
4034
8610
6280
-8590
5616
5159
2441
-7764
9888
1044
4524
-7585
8152
-4740
-8943
424
4411
2046
-4681
2988
-4233
7315
2978
-2818
6267
5008
2776
1996
-3035
5208
-3195
-1946
9977
1954
-3874
-2771
-4978
2978
-2558
9171
2531
-7082
6141
-492
-9745
-5393
5990
4592
-522
4154
5512
-5595
-3145
3594
9950
6725
4514
-8924
-5225
8345
-4889
-2809
-8614
7026
7626
-554
5251
4935
9746
5219
-182
6896
257
-871
-3131
-8386
-2691
8966
1316
-5068
9485
1507
