10000
6925
3714
-8717
5105
5717
9725
-5983
-9575
-2469
-1915
8431
-5537
-7837
5230
2796
8907
6974
1551
-4141
5506
3981
-4323
-7941
9745
-7645
5030
-2131
-3374
7144
-1337
6449
-5570
-6439
-2069
1537
-2929
-6995
6432
-6721
-8975
-9485
-361
-6718
-4827
-3657
-7752
8204
7408
-7549
9920
3447
-8890
5058
-9192
-7155
6159
-8960
8211
-4713
-4396
3309
-7005
-2739
-1879
7200
601
6476
-3306
4312
-6697
-7514
-893
-2722
7188
4788
-6113
-5626
-8117
9478
-5459
4373
3744
-4934
-2260
8860
8785
-1685
-1534
1250
6740
1
4164
-1600
4115
2886
-6780
8677
-6656
-3975
1752
-6598
7382
-3845
-733
4800
-657
5287
-7518
1013
-1444
-8865
3637
-9674
6852
-4735
3367
1630
3547
-4296
7740
9517
6750
-785
-6153
-4060
7465
3520
837
6508
-8971
7563
-8343
7862
1169
2242
-2747
-1571
-1124
8993
-9119
-8056
7965
251
-996
-4693
6879
7471
6028
-8531
-3668
-7430
9107
-9563
-1820
-8794
-1248
61
4410
9663
-8353
9689
-1397
-3226
5951
-5327
9532
1119
4829
8793
-6192
-4635
114
1473
-2365
6910
7478
-4775
-2299
5865
-4081
-9299
1462
9331
-198
2766
922
968
-3692
9552
1242
-2617
-5114
6416
-1833
4239
-149
5774
9899
-6635
-608
-5448
4126
9912
-2873
-2425
-5630
-4853
-3273
-3710
4651
1201
4515
-5440
-5554
-2232
-8731
8876
3861
-2021
-6713
-1727
7773
1467
3118
-2284
7852
1225
708
5329
4722
-854
288
1054
8539
-2116
-4236
-7812
6797
1064
-3533
-7061
1637
3917
-1795
1677
-4728
2140
-2072
-8285
265
6819
-979
-9069
1110
-6175
-1748
651
-129
-1480
-4036
-1120
6404
-8192
-3629
-6929
-5030
-1769
-9681
5220
-9766
-329
4671
-6471
-5307
6720
1648
5462
4952
-2795
792
-3113
8776
1667
5753
-5589
-5573
8826
7794
-9928
1443
3520
5672
6076
4503
-7749
2956
8847
-5265
-2259
-983
9476
5820
6077
3981
8206
-671
2703
-7054
3647
-2990
3317
-6841
5068
-5464
-4450
-289
-8372
-3681
-4211
4246
-6401
300
-6938
4764
4236
797
-3423
-929
-6366
-8593
-7392
1849
-5440
-6266
-9059
4883
-4496
9709
-4483
-4172
-3155
-1174
-8735
1291
358
-2467
4283
-9739
-3525
693
9213
-8917
1508
5775
44
4331
-8047
4876
2612
1409
-8980
-2995
-4266
-3567
763
-1202
-4323
964
1921
-7556
-3858
-7283
-156
-6668
9596
-2025
-9143
6618
-261
2477
-3301
1714
4397
933
2539
-129
1209
906
7186
-650
-8391
2212
-8143
4638
498
6470
-7943
-2426
159
-5548
-8825
6946
-8410
-5201
-3481
-2268
-3860
-5281
8697
-1005
-7580
-3012
6929
1163
5410
-5064
9208
4048
-8594
-2548
-3791
9232
3412
9278
2742
3061
-9735
-9876
8128
-2269
1000
4919
-8028
6612
5738
-7025
1947
813
8499
8727
-6629
8893
5113
-8651
6113
-2798
-5344
-3944
-9200
-9545
-8271
-7642
6226
6478
3017
8129
3165
-3258
-4691
8150
8209
6201
572
8130
8030
-7899
-6148
416
-925
-827
-8554
1075
-3727
-9109
-4162
6797
1326
-9028
7627
5466
6805
1576
-8443
3788
6970
-8732
9788
-8285
203
-4858
9940
4665
-622
6076
8478
-1945
1336
-9142
3843
6808
9892
-6210
-4007
-8312
4768
8786
4600
-5096
-3876
5533
9254
1937
-4660
-3786
-6610
-1614
-9460
8582
-48
3223
2948
-8856
-2830
-1272
5831
-8768
-941
8220
-6123
5078
7552
680
1153
9038
768
-5559
5836
-6428
9546
7593
3376
-4663
-4554
6064
-5287
-1643
-4751
-8309
-3411
-2136
9738
6418
8941
8705
-2903
1144
-8333
-3015
8767
1620
6267
2397
-4871
1543
-8225
8647
-9394
3657
1946
-7496
3160
7189
8046
2644
3391
7629
9024
8857
3281
7499
-7903
1501
-786
-1850
-6008
-2236
2847
9373
-6277
3195
-5018
-3677
7661
3956
-559
9159
2209
6686
4744
2622
-9972
-1792
-5786
-7472
7289
-2831
-1883
-4100
1510
-3785
-3726
-5656
-7157
4763
415
8393
-2341
3909
7639
2251
-1150
4090
108
5053
687
9774
-7380
4509
3596
-2745
-5198
-2053
7272
5104
825
-435
9557
-4618
-8660
7535
8269
-637
-4904
4564
1360
-3820
643
-6611
4808
1657
-2603
5525
-5107
3369
6292
-7657
3077
-5664
79
4252
-5693
-682
-3856
3253
-3504
2364
9140
5473
-3577
6678
-3433
8507
-3910
5904
-1496
-9500
-6253
-4130
6396
3624
8372
-8460
7326
848
7872
6974
-6460
7555
6194
-6051
-6307
-423
9099
255
1734
5054
-5430
-2183
-7812
3455
1651
-796
267
789
-8398
-8590
5637
3275
4856
651
-4689
-627
-2876
-4600
-5035
5583
2046
4651
8446
-6537
-9732
6073
826
-7800
-6233
-5579
-1577
5260
408
-1733
-9165
8349
-1604
7157
3628
-592
-3721
8765
-4045
6942
-6716
2512
-9505
-7984
-7941
-2741
4382
-5817
4299
5669
-25
-1882
9222
9609
-5718
-8900
-2180
5966
9384
-6830
6144
885
3967
9421
7303
-514
510
3456
78
7622
-617
-4911
-6341
7521
978
7526
508
6033
1438
3212
-6836
5089
4098
-5020
4916
800
-7438
-9942
-3570
-7811
-1027
8547
4100
1019
643
-6173
7319
-4527
580
8281
-836
257
-3404
8343
1696
9970
-8022
4769
-3027
2061
-1576
-9359
6885
-1231
2644
8101
1930
-6381
-587
-6778
1216
-3563
-3558
-3915
2474
3649
-9212
-2732
113
99
1219
-4721
-9629
-4223
-4946
-3771
4536
-2217
1164
6807
8976
1843
7888
-6741
-4007
-246
194
-5251
-4596
-459
-1033
-4061
-1578
-1972
-1438
-9060
-6828
5980
-9564
-9164
-8328
4264
-2561
8406
-1175
6138
585
8847
9383
452
-4324
-7333
-4821
1048
2186
-8818
-8724
8928
9646
-3391
1182
-1030
-2531
-6250
1589
2644
-3621
-2582
-6232
-7264
-7191
-8585
-3311
-4268
4220
-893
6064
9569
-7990
5736
-4337
6477
2430
-5311
8385
3023
-8597
8589
5443
-249
-5924
4899
-8156
-649
713
-6189
5953
-4958
-6297
629
-3799
-6592
4887
6384
-8929
2363
7678
5256
-1506
9577
-8684
1861
5367
-2202
-811
-5539
-11
9356
6870
-3843
-2654
914
4562
-4167
-8734
1407
-5694
7181
-771
-5750
-6614
5743
-3109
6800
624
-7180
7111
400
5128
9467
-1898
-3354
7691
-2054
2433
8322
7974
8227
9325
1220
-4113
-1230
-4564
-6921
-2190
9046
604
2759
-2135
-1735
3310
-1760
2506
6702
-8287
5765
-1958
5590
2317
9769
-7905
-6833
-8133
-5299
-876
-2886
6673
6743
181
-313
1612
2763
7450
-2369
-3514
1640
-6463
1902
1047
738
2052
-6901
4919
2040
-3607
-6651
-319
5586
5528
-5588
-5452
-9352
3623
2873
-3981
-9743
9489
9530
396
5207
4038
6046
-9066
4595
9180
-9511
-7405
3707
2467
8533
-3083
5285
8598
-618
-931
-9274
5100
-2936
6078
5131
-2578
-8313
-3776
-109
6308
8459
-1023
9991
-2199
6862
-8682
8631
-5411
9691
879
5427
6200
-2924
4408
1922
8667
-1600
-6085
7395
5987
5487
7011
-6851
-4937
9548
-3940
-2683
-6463
2014
-1514
-5876
4506
-4486
-728
6402
-579
-9719
-6286
2699
4381
-4302
8314
6620
5682
-989
2616
5203
7919
-9471
-6067
3056
719
7434
-7730
-7565
7790
1731
2303
-5901
2420
-4829
5370
9048
-852
-1125
-5266
4598
-6221
6528
-1436
-3033
-7093
-4905
-2339
-5916
-177
6811
6616
-7200
2305
5390
-4048
-1727
-1185
2138
-5055
8027
1045
3139
1227
-2998
3019
4427
-5713
-3637
6143
-6367
-7818
-2696
2414
-6265
-3599
3007
9451
1118
5467
-1633
8946
-5936
7675
-3906
-7402
7034
-8250
393
-9674
-428
9505
-1848
3407
-258
-3900
9597
-4373
-4375
8281
-6759
1975
7584
-7964
-6436
-4718
-8207
1981
2247
7521
7707
-2632
5855
-609
469
326
65
3218
-6183
5812
3356
-5223
1196
849
1135
2145
-694
3182
-8128
-6889
-9358
-3523
5782
1591
5612
2492
-4204
9155
7891
4363
-5741
-1904
8163
6296
9947
-230
7583
28
-8323
6872
1151
-2657
-2641
2442
-6347
214
8069
943
-2885
1101
-1688
1299
3514
-993
-9578
-7451
-4615
-2334
-2281
-7482
6592
4224
-3369
-5539
-2072
-705
9668
1064
3426
-1886
-1242
-5523
-5408
-9879
5141
-5201
1444
6644
-3908
3644
2019
5157
8809
-3997
-5547
130
4045
6979
-293
-5510
5206
-1090
7790
-8833
-250
8556
6592
-6991
-9840
2380
3313
-9700
6735
-778
9681
8119
-4477
9739
5804
8302
-6967
-1330
-2665
-6086
-7659
-3380
9366
5835
-4561
-4778
8295
-1017
8967
-5937
7438
973
-4938
-1087
-5986
-7758
-9517
-3094
3329
9773
2222
-1260
-7068
-2930
-9268
675
-1086
2056
-2752
7815
-7124
-8336
7138
-111
-974
-8611
175
-958
8912
-3313
-1731
-3106
-1129
9197
3641
-4352
-4330
9895
9759
8935
-8218
-2503
-3659
4142
-3249
4624
5573
-1478
-2982
9255
5173
-9940
6548
6699
2788
-9770
-8964
4445
5891
6634
5226
-5643
-2579
1582
-1349
-6108
7301
-8500
3069
-9902
-2997
-3386
9651
-3035
5722
5254
6565
-6365
-3263
-1612
7112
-4689
8539
2593
2501
-5361
-8594
-2465
1449
7022
2749
-5613
-2327
-1474
-5750
9859
431
3605
-8916
6282
9733
8952
4680
7531
9021
4533
2287
-798
3642
-7734
308
7509
-2049
3587
3080
2377
-1294
-544
2644
9777
-8115
-3307
9842
1378
-8959
-7380
9449
-4670
390
7333
2627
-4386
-572
-5187
-1332
-9030
7799
-4980
6377
-1276
-7165
8168
4947
6818
-9964
-8792
-2289
2921
-1488
-573
9643
3887
-8165
-9578
4887
1560
-9530
-1884
-2083
-5651
-3658
7991
-610
9420
-1684
8197
4779
3000
6070
1007
-7940
9360
6002
-2397
-3215
-4355
-2662
4833
-4797
-987
-6607
-5574
-4954
7806
-8248
-7116
4446
-484
-1235
-1974
-8902
-9302
3824
3120
49
-3529
-7117
-4427
2488
2696
494
2113
-7747
-8212
-7747
-1379
3651
8301
-6714
-7310
4282
3009
2378
-7254
9850
-2720
-5720
275
9212
-3280
9416
6178
245
-2243
9387
180
7280
7876
8140
-2641
2535
4974
-5069
-6745
-9378
-8742
-8970
-9860
-1572
-941
8620
5761
3206
-3743
8208
-9801
-2150
5595
-9394
8600
-3707
-4166
8109
-8464
6209
7304
4633
-2810
-1521
8375
2540
-1000
2668
-8273
-3592
8420
4115
6655
-9741
6019
8784
1045
-8384
6159
3836
-504
4630
-9498
-1798
9810
7791
-9849
76
-8004
-2641
-4391
-9837
4753
-4433
7018
5985
-4364
-2235
3413
-3684
6862
5426
-5635
-7726
6655
-1721
9494
8052
-6602
3829
8195
-9168
-1732
2192
-9351
4655
8170
-7841
-3773
103
7418
2210
-2401
8958
1947
3648
7141
-3940
-7105
5101
8392
-4245
591
-4748
-2059
-946
222
-8345
9912
-5765
-3078
-3552
6751
8630
9183
-9166
-5130
-6292
-5979
-9167
9936
-6007
-1478
8251
-9113
2486
9227
-8799
-1669
-6030
5947
-9546
7158
8204
-4266
-5261
-9359
-2214
1247
2309
1711
-9958
1670
-1612
-7193
7202
1205
-6448
-8193
5797
905
-8774
-9229
-2747
-9858
4332
-7339
-5392
-4124
-1466
-2001
-8775
7949
-2282
8452
-4397
5160
3
6772
-9588
-6936
5942
9214
4004
8413
7014
3584
-2648
4964
2271
-7014
-4465
506
4078
7248
-9967
5676
4779
8526
2431
-2870
-3646
-8346
803
-2247
8896
8820
-9163
-5112
-1192
9795
8086
-7365
8015
2857
6957
291
-4118
-5587
8444
-914
1265
-1975
-3394
-2822
4576
6858
-5601
4421
74
-7980
1176
-1375
6251
-3005
1957
7811
-952
-948
4933
5498
9221
-5950
4174
5436
1827
-6060
9738
6460
6995
1459
4850
9848
9148
8562
-4155
-881
-8635
1510
9380
-3248
6911
-4403
-8274
9293
9170
6251
-3597
-7089
-2941
-8145
-1993
-6205
-9026
1940
1446
-1743
2406
2563
-7410
-5843
-5322
886
-2595
6086
-9837
-9321
1976
-4964
-8944
4615
9364
-8240
-4099
1915
9301
8051
1966
-2495
5153
3072
-6077
-7264
-7872
-3451
-7015
3805
9779
-6500
3436
570
-7986
57
4775
-6663
-9933
-1636
-3254
-6658
8939
-3354
9687
3666
-3388
-9848
7705
1060
9410
9750
3825
9674
5795
-6501
5918
-5979
9684
8838
2504
5954
7113
1538
8105
2141
4989
868
-7239
-9728
-5722
-4835
-2123
9801
-4365
3024
-6677
1066
4294
445
-4123
8202
5736
-2245
-2065
-4343
3117
6116
-121
8416
-9979
-950
-3904
5031
92
9031
-9710
-5200
1455
-2189
2721
3856
3947
-9361
457
-6754
-8668
-3810
4675
-6156
-6226
-1357
3671
-9293
-100
-4220
1278
-989
3827
-6434
-1102
2071
-2871
5907
1172
-401
4320
1647
6009
-1801
4985
-8728
6995
5997
-7274
-3340
-5416
960
8305
-8620
-7503
8915
-8526
3917
2017
4865
-9551
-6473
-6704
7035
-4440
-3441
2707
1645
-7244
4743
8537
2654
520
8286
-2892
-9514
5486
2058
-2494
3642
-8101
6448
-9896
1651
-5394
-1578
650
4652
-1915
-9519
-3943
-8870
6427
-8296
1753
-7082
-8254
5561
-4226
-8058
-2951
-567
-2749
410
5034
-5833
-9386
689
9155
8218
3427
1340
-4018
-3031
-1060
7770
-2160
-311
6306
4227
2906
4641
9202
-1024
5583
-8343
-5233
-5833
755
4897
-6137
-8923
-5492
1822
-2203
-6108
1625
-929
-2509
5036
2219
6718
-1494
1942
7171
-7935
6808
-3589
1770
2800
-7604
9851
3239
6978
-7904
-7975
6337
-4656
6372
-5309
-6255
-2453
-5469
8912
3938
2217
-5132
-9662
-1560
-966
1791
1996
-2534
1625
266
5517
206
8030
-2112
2489
4752
6256
7325
5144
1598
-7465
7352
-4376
-2909
-2800
-8084
-5890
2062
-2118
-6619
-5910
-4530
5614
-6140
-712
6412
9547
-5393
-8749
-1915
-6641
760
8164
-1213
7073
-5464
9560
9239
8875
-4728
287
-1067
8966
-948
-2607
2827
-8243
2396
6123
4415
-4076
-8447
-4969
645
753
1576
9418
-6374
-6024
1941
-4954
-4640
7300
-5528
-4608
3350
-8527
4421
7516
-8654
8519
-9758
-2124
-5282
-3919
-1838
1047
109
4108
1448
-1298
5368
9531
3563
603
2394
-5097
-299
890
-636
4419
4807
1705
-99
-1955
-3859
6340
-4198
3857
-8375
4265
-7690
-2552
-8481
5338
-6002
7133
5404
2368
188
5168
-7900
1453
1709
-9996
-9161
7450
1601
-7581
-3873
7631
-6817
9681
-8648
-8607
4978
-7107
2908
5269
8452
2628
6378
9699
-6346
8720
8274
8053
-2343
-2962
-4544
-1553
-8532
8029
-1117
-3319
-7022
4674
4665
-9480
9103
2681
1753
9579
959
-794
-9732
528
7027
-7127
-920
5782
-6583
7183
379
4590
3430
-2651
-3343
1611
1395
4904
-5039
4488
-878
-9128
3482
-9656
-2021
1963
-6810
-5031
-9385
6269
-2024
4050
1368
5061
-1881
4795
19
291
-1945
-1460
-3781
-7146
9808
9070
9691
-9270
2253
-515
-1936
7150
3748
239
-1343
8260
-8035
-594
4636
-1039
3120
-5215
2510
-7596
-5073
-9399
-1474
-7277
654
679
-3802
5585
4971
-4517
2703
-6244
-4995
-313
8681
-7933
-8611
-9327
-4124
-2235
2571
-6840
-659
-7355
-4449
6366
-1592
9593
9133
5492
4167
5569
-8524
4179
-476
-4812
8035
-6986
-8511
-8362
5576
2949
-807
9959
407
2269
7682
-8811
-8429
43
9026
-8143
9468
-1609
-309
-3041
-2315
-6147
-6763
4359
-1904
3702
-2346
-5784
2201
-5515
-6464
8716
9468
-2578
-8137
1047
-5933
5777
5837
-2855
3984
-8268
9628
1059
-3004
5934
6208
-138
-8183
992
-5169
3767
5330
-914
-9771
-1922
9933
-1141
-1680
-402
-6446
9971
-5819
-801
-20
8625
733
6263
5376
4065
1567
471
5054
2160
7083
-79
5091
-1409
-5072
1528
-4056
2151
2955
-6257
-597
-2538
5918
5444
9785
-1001
-7160
6678
-9484
4400
-7610
-4432
-6106
133
1894
-6374
-4637
-966
9411
101
1588
-7115
7042
8196
1765
-5918
200
-9446
-1908
7792
-3498
-6578
7668
6136
-9726
4571
-6842
3422
-9933
-2940
-7565
-1007
-7464
2885
-2367
748
-5690
1220
1935
9663
-2931
-8122
-1274
6727
-427
-3458
-2434
-7
922
-6527
5514
2911
-5695
7669
-7007
5657
8758
-7864
-6806
-1563
-4444
-8836
8547
3481
-816
-6592
-1618
4076
690
-2214
1369
9492
1488
-448
3016
-8597
6457
1253
-7199
139
507
-6223
6228
-6280
-5310
-4918
-6747
-5571
8718
-4562
-2601
8942
-1105
-3933
-6505
7212
-320
2885
8450
9576
7901
-2658
9076
-9569
8706
7669
-1202
515
2721
-3651
-1277
-3430
9791
1229
-1921
-6241
6028
-2704
245
1223
4286
-9357
-8093
2398
-7863
4476
8068
-8816
6557
4698
7250
259
8475
-6889
8405
-9631
1333
7913
-499
8532
9122
-1464
632
1546
4186
-8165
6336
-2184
-7308
-5269
-4348
4987
3866
-9223
-3039
-4199
9957
-629
3453
4454
-581
3809
8145
-2781
-639
-5690
9296
-4768
-578
-8606
-4456
-9246
1039
8748
4211
-2368
-4992
-7011
-8470
-185
9421
3552
-4921
-1762
-9290
-219
2758
9508
-6248
9653
3544
-5675
1102
-481
6451
-9077
3523
2257
-1383
8224
-7246
-5501
6210
-2606
-4260
-2515
-7159
5984
-5083
2936
-4975
-7023
2028
-8110
5618
-5900
9605
9019
5572
6081
-4427
-4772
-1946
-6402
-4791
-6568
5132
7582
-5548
-1477
7651
-4475
-925
-5649
961
-3834
-2178
-5971
2862
2765
-4227
2704
9289
5016
-1724
-1083
-3111
2336
8541
1855
2353
8565
9648
-7833
-1026
1608
6978
-6480
-5648
4866
-5784
6856
5730
-2703
-9754
-7701
-4472
3588
-2520
-526
9557
-7189
2491
-4952
7654
-6399
5097
-8451
9135
-26
-6224
-1324
7487
133
3870
-7305
-6510
4212
-3540
-3894
3187
922
-3693
9053
204
-4853
-8497
-5701
-660
-4274
3438
3615
-6893
-8577
2837
-2362
2557
-4783
3280
-8833
9512
1867
5300
-6369
-4668
6931
-1389
-3790
-8937
-7159
-6854
-1461
-1974
1930
3914
9053
-4749
-6059
-5838
6626
3135
5769
5061
-1640
-8388
8941
-8547
3372
-2272
-5846
-9620
7022
-102
307
-5253
6532
6675
-1467
5761
2427
-2208
9929
-4255
-1161
9479
-810
7457
-1716
2444
-1677
8738
-571
6967
-710
3585
-4990
6659
1560
-2871
9407
-2075
-495
-9966
-9266
-9001
-4479
7482
4455
-2688
2525
4030
-2698
-2110
696
7862
9682
-6848
2978
-565
-5234
1098
-5462
4085
3721
-4186
5380
3477
8992
-259
-6011
2411
6018
9087
9579
-3083
2756
6356
2522
3365
-3253
-7552
-1407
-7298
4743
2193
7547
-1173
-7936
6344
-6766
-7940
-312
4962
-4131
-7395
-7441
866
-7222
-8843
8470
-2435
6583
8344
3355
3202
-4870
-1079
-5485
-2076
-223
-80
-138
8613
1204
-3756
3923
-5152
-7306
-1323
-348
-5165
-5686
5032
-4835
9512
-8239
6768
4862
-9698
-9070
2901
1224
6329
-5677
4260
-2100
6306
4740
9571
8063
-1156
6811
-401
9930
-9531
-7271
3604
4957
3397
-2004
-3608
-4349
8438
2798
-3900
-4303
9231
7722
-3712
-8487
335
6974
-1782
5531
419
1212
-8253
-6694
9556
6987
4950
9516
7920
-1653
-7722
-2005
-1101
-2122
-6925
1130
1489
-1567
-2184
-5183
-669
3138
-9180
2697
-8020
8907
-6909
451
-729
7668
4296
1074
1839
2743
8265
6345
-9526
7605
-9257
-3649
3859
1846
-7335
9471
-733
3150
-8284
-4036
9595
5498
1305
8802
-7312
-3638
507
-9049
3219
3673
2219
2305
6556
6295
4162
3857
-2286
263
1290
3581
-6246
-9276
4857
2139
-3238
-3009
5643
-4952
2857
3012
-5060
-9639
-8011
-8485
3999
-4983
-6961
7434
-7779
7090
-1737
3383
6061
4055
-9888
-7254
-7860
-6147
4864
-5647
-1542
-5895
-3177
9566
2865
-6620
5721
-4949
-6046
-6612
-5991
-1602
-2995
-6364
-973
2119
9469
-5764
6326
262
5055
-1653
-8307
-1335
-1827
3240
-3095
6707
5851
1240
-9299
-6375
4588
3810
2133
-9594
658
-5409
-925
-5346
-8208
3373
-4281
1919
5326
5698
171
483
5993
-3011
-3944
-1342
-8844
5912
-8855
-8075
1359
6554
-5366
8597
-5438
5385
-9748
4418
-7050
-6852
-2136
-3201
-7120
-8978
9965
1083
4523
9775
6600
4459
273
-4299
-3121
-302
-1099
-1039
-4982
-8702
-9520
-2244
-8098
764
-1129
-3729
-2665
9972
-6859
3217
4914
8624
5162
-5461
5476
-5617
6687
1400
9003
-1658
7013
-6664
8879
-571
-4982
-6268
8147
7033
9911
6811
9342
8042
-9976
6043
-2367
3205
8104
1068
-4923
8980
8841
-2218
-782
-6648
-1955
-3214
8254
-7591
-8843
8286
-4112
6628
2547
8586
-3184
2995
4653
2608
4845
-3781
8769
-1471
-3638
2143
2447
7545
7462
-4431
5656
-1676
-5274
-263
2609
3355
1089
1422
-8060
7511
-9656
3841
7683
7654
2737
3385
489
2442
1823
6424
8047
6238
-3185
669
936
-2139
7392
9219
-7174
-3941
1888
-4185
3929
-1075
-720
-409
-3934
-9276
2003
-4539
-3215
700
-8488
9610
4959
-4045
5409
712
1691
-4740
-7664
-2888
-1148
-7181
3373
386
288
-5908
790
6715
-868
3236
452
8713
9921
5433
277
6657
303
3637
-6660
2961
6969
4037
-7871
6842
9532
-9015
-746
949
9949
-1116
-425
4567
2206
5394
-9091
4143
8797
3321
-7361
940
2858
9529
1893
-1893
-670
-3587
-4181
7821
1164
8115
6159
5752
-2416
-6760
-7753
6644
6479
8492
1089
-5978
-3261
6213
-9239
473
-1420
3616
8592
-3704
-6061
370
1359
3768
-4873
-1860
5241
8450
1905
-1411
3685
6318
-8114
-3423
-7168
6779
5802
-1129
6318
5052
-8117
-2015
-6279
2012
8225
8837
-4488
66
-6697
-7136
-5155
-4657
7670
-4039
6299
4228
5655
4627
-3087
-6591
-5309
-5667
5464
3305
-3319
-2460
8325
3201
4602
-3480
-6245
8950
-9979
8747
5872
-5314
-8918
9702
-294
-9706
-8387
-842
5430
4299
4890
6291
-8939
-1323
-5505
2081
9700
-2723
-9590
6048
-8938
4416
7215
126
6032
5835
7030
4045
-2032
-3098
-4816
-6578
5467
3053
6132
1964
-5726
-2471
4666
7782
-5808
94
-174
4228
-4461
3277
2978
3851
-1308
3578
-965
3051
1781
-6856
-6314
2389
6102
-6016
-847
-3350
4771
4144
5376
-5617
-722
5776
-8527
8541
-3004
3823
-704
5813
-8225
-8852
2036
-2512
-9208
-3982
7444
3732
-1850
-7301
9898
-8990
6343
-9035
5010
5260
3722
-5151
5438
-9083
-8857
-1160
-2998
4017
508
9960
-4554
-3237
53
4605
4166
4837
630
1275
-8046
-6150
6152
-4634
3114
4512
2622
5092
-9238
3753
9954
4283
7382
-7800
6241
-1675
946
-9696
-8400
-6686
-4927
-1128
-6438
6556
8152
1035
-2009
-3323
8829
-1603
8010
9036
-3807
-3001
-9753
-9521
1560
339
3455
6075
-7151
-605
-5319
14
8310
1772
-689
-9155
-2174
3136
3858
3026
-6407
297
4987
-8914
-6391
-4815
3088
4012
8251
6910
654
2501
-1258
-6949
9657
752
-5200
-3374
4286
3489
-5422
-1034
32
4210
-2873
-1508
-8953
2848
384
9481
1282
5932
9575
-3770
2548
-2782
6014
-1775
-2398
3030
5652
974
-648
7562
-9981
-4998
6899
6796
-1591
-1760
4494
8860
4096
2052
7564
-1492
1916
-5028
-322
832
-127
2271
-2542
-1356
-5601
-6859
2233
1085
-9717
8046
723
1895
795
-560
-6695
6366
1021
-376
-7609
7241
2996
2529
-2012
9520
400
4818
7567
-2146
2922
-5903
1096
5601
-7431
-8219
-8104
270
4467
-1702
5150
-7102
-2492
-658
1334
-7868
2148
7624
-88
1894
-2920
-1368
-4117
-342
-2457
-4775
84
-8480
-4873
-6589
-4801
-1363
9668
-6690
7064
6056
2844
-2816
4327
2239
9082
1111
726
-554
1180
2291
-1568
1551
9891
8538
2455
7237
9416
6079
4434
7314
8278
1997
7825
-2831
-1529
6909
-369
-8130
7262
1767
3459
-4359
-8578
-2188
-7981
7433
-9691
-2350
5077
2941
-9911
7234
-3709
3022
4558
-7637
-6789
4672
8192
8945
5392
-4537
5875
8416
-9840
6054
7413
-2590
4403
4883
-883
-4048
9981
7863
4978
549
-6320
-8207
1962
-9426
273
3450
94
6462
-11
2787
-650
830
3655
9434
2422
-7806
-7719
6284
4436
4630
-6555
-5660
-7211
-5609
-961
9842
9796
6270
3545
1766
-1778
-9417
-5262
4411
-8483
-2352
-2052
3090
942
-7059
7688
-4429
-3791
-2856
9009
6936
-5923
8917
4737
-4059
5261
-1548
-8604
-4209
-7813
6080
9159
-867
-8425
-5068
8684
6476
-6331
3693
4621
-6516
-9936
-7845
9099
6632
3599
-7503
6674
2883
-7150
-261
-5398
-7203
4584
-6129
4189
6774
5105
9501
-2464
937
-7365
6848
-5920
9209
1947
2934
7850
2986
2954
-1620
2582
5478
-3718
-6477
-1647
224
4499
9295
9926
1621
6254
3597
3753
-8146
-8243
468
5216
-7454
7349
-6347
5741
-135
-8055
3645
-6020
5899
-5980
-9911
-1146
8678
-8622
7640
-704
1103
-6164
9980
-4637
-897
4911
8426
7384
-2225
1720
-3790
7456
-7313
-8066
8328
-2627
7759
3179
-4288
-1183
-5919
-3112
1017
2673
7349
-5787
-1136
6677
836
3858
5045
1471
-2935
4572
9658
-9451
-8215
1687
2728
6685
-397
-5276
-2548
-6172
-6173
-9200
3343
8106
6496
-7958
-9373
-9426
4709
9342
5177
-1006
-4387
-1742
3855
4299
-2521
-5764
8838
6823
-9831
670
9010
-4742
-1343
4063
3883
-5753
8487
-7193
-5887
1128
-7218
-6249
1132
1531
-7367
-6141
225
5001
6122
77
-4160
-3373
9510
1791
3306
9659
9908
1413
9265
7468
-1852
-5659
6151
-6297
-5780
91
-9416
7468
7502
6741
3860
-5823
6741
-5753
-4284
5602
-2306
-1236
-3394
-9179
-2348
6875
7924
5128
-2925
-1694
1670
-2950
3502
-2111
1208
-9022
8236
8389
-8482
-10000
205
-3713
-9965
5503
2251
7136
-6263
9891
1500
8884
-1253
-8492
1011
1305
-9761
-8745
-2778
-1478
-745
9510
7530
-4532
7046
-645
8346
3364
3839
-2850
2487
-6766
8857
1704
-1303
-2145
-7136
-5068
-2460
-4257
-6363
2433
4902
-4142
-6859
3334
6588
-4195
8231
115
-5180
-9697
-2802
-6273
8110
435
3182
-2701
7292
5218
-5492
6899
-9176
5057
8126
-732
-9404
366
8674
4703
-6404
7715
-1109
-624
-4328
277
-8139
1707
9565
-148
-6214
4044
596
1854
9533
4489
4194
1770
-9053
-4106
-746
4174
9633
-5707
834
4742
3185
2936
-4031
-8926
-8642
1492
5430
-2366
415
3012
405
-9968
7329
-4169
4923
9754
3004
5559
7383
2859
5063
-2793
7948
4134
-4696
8024
-5585
-5986
-5436
-4008
6251
8884
1524
9207
-252
-3859
6808
-9177
-9192
9199
-4955
4304
-8511
-6887
9755
574
7416
-1155
-7950
1416
9619
4634
9426
-8675
-9873
-6086
7169
8748
3017
-4476
2070
-3344
-4186
1727
5965
5558
-686
4933
-5836
-8819
3237
8671
-3998
-6935
-8702
-1822
-4025
1812
8473
3974
-1985
5298
9516
1439
-3840
-8561
-4881
-9542
7122
-5017
1352
-4426
1694
-8239
694
-2852
-673
9449
-4466
7388
5686
4825
-2911
-3419
-5383
9827
-2695
-3423
43
-5875
-4862
3915
2727
2314
-507
-2194
3798
1441
-4624
-8101
2240
8604
529
-3354
8671
4495
-4863
-3714
1070
8163
-8770
8455
-1599
-162
-368
-4106
-5233
8401
4429
-6840
-9335
-4066
-3081
7967
-9490
-3133
6467
-3718
-8137
-8248
1782
2928
-2514
4928
5128
-4855
-1828
9247
-6102
6041
-385
-9767
-6909
-6150
2618
-9357
-1162
-5211
-8602
-7032
-6305
-1588
-9721
-1382
5629
1751
-9479
-2253
-5718
377
2889
-5962
-4572
2574
-1664
-8089
7344
-4301
-742
3636
-9931
9570
5813
6879
-861
-1719
-8859
681
-1897
9542
7172
3964
-7274
9377
6631
-8556
8406
3206
9387
-8820
6108
-195
1582
-31
608
-4184
795
-8923
-7090
8696
-7875
9026
9701
-5875
-1676
4904
-8478
-408
7366
-7371
3095
-5266
5900
5792
-1100
-9733
2221
-5054
1287
-4096
-9559
-7134
1344
1756
1771
-7012
8269
-2094
5345
-5427
6021
3820
7080
-2307
-9536
3468
-4319
-4855
-3389
9835
6656
8076
9978
848
-6717
-5719
-5667
7150
1663
-840
-6059
-3910
-9707
-4598
-3880
6344
-5852
7643
6351
-3007
3705
-6860
2521
3299
-7775
-583
-6423
9525
3903
3317
5035
-9499
-5160
2016
-6812
6497
-2037
7723
5302
-4978
-4737
-4152
7650
-8376
3893
9016
-3448
-8394
1789
178
-1430
-3127
2212
-5331
208
3729
-918
2027
8708
-452
-7438
8994
2653
-724
-9070
-7769
5401
-9260
5418
-5991
9955
6383
-6894
4648
-812
-1700
7052
-2176
1013
2810
5529
-9674
8323
5212
1800
973
-8021
4906
8008
4069
-9611
4276
-8066
-5599
6878
819
5074
-172
701
-5507
6628
6888
-2361
6660
8060
7658
-5843
6189
31
341
547
-8696
4541
-3879
1980
1905
-9177
9736
-7535
-8991
-6689
-5859
1984
5265
-6936
-9591
2993
-1747
-1028
-9797
6292
-6895
-5701
-1685
3814
-7101
-3295
-7324
9875
-3828
3185
-5556
-9803
6612
-2547
1809
-9990
-5223
5416
5489
-8989
-4980
-4558
9638
5641
1448
-7438
-2260
9595
-9425
-365
-9423
4706
5187
4565
5208
5765
-4226
4
-2551
5960
8271
-2682
8600
-1521
3730
-1203
-3119
-1567
9898
940
-4099
7464
2781
-5337
-6892
-7372
-1620
9507
9023
7551
-9490
-2500
-6648
2795
8968
-8235
5249
-4472
8395
-5398
-6483
-6478
1929
-3902
6479
470
7189
6944
-6259
-2027
-7113
1785
6016
6882
7593
-928
6139
-475
-6798
3292
4310
-1918
-4164
5179
1590
3795
-3213
8832
-9382
8338
-5092
215
-7036
4755
-4497
-4118
-5694
-5554
-621
7244
1913
-5382
4949
7794
-5715
4341
805
-7646
8143
-2368
7693
-3581
-5404
-1049
-8018
-3212
-8883
-8289
-8424
-1256
-168
999
7654
-2225
-5373
-623
1236
4897
-3928
-5030
5759
-9581
6281
6933
4247
4443
-2503
5030
-8829
6704
-9083
937
2449
3643
-1059
9779
7960
-8310
7587
-1103
3372
-8285
-6961
1997
-1411
7190
-8420
-3121
-7859
779
9715
7647
-8500
6042
-5294
-6296
9426
-6695
-9928
9016
88
1008
-3792
5413
8339
-6648
4055
-4534
-7122
-4830
-3477
5710
4162
-4795
-1869
-1051
-6027
-7793
8773
-7088
9901
7340
-3432
9376
5967
7748
486
8600
-6119
-6449
-323
7664
5720
548
-7293
-3946
8134
8015
-9820
-3153
-8925
-3904
4538
-5573
8175
-3040
-3337
-7722
-9502
-5921
5713
-5798
8328
7113
-4566
3106
-1380
-8361
-7557
-5910
2176
-7199
4381
6482
8406
-3567
-7596
-2047
9887
5907
1337
8646
8781
-1880
4610
-6534
-2202
890
2352
-8255
3736
-9558
3892
-6064
-4045
-1467
-8194
-3800
-4536
-4523
5252
-8576
-2788
-7341
4364
-3903
-568
-2501
-4458
7818
-335
-3368
-1783
6420
-4129
5854
-9351
-9776
9532
-4042
-495
-2675
8970
6644
4546
5814
6881
3364
7944
-3049
-2139
-8797
-715
959
5888
-7350
-1187
9537
2145
9349
5758
-8714
4272
-2334
-2807
4445
4428
6469
-3887
-3774
-5373
5208
-7857
-6244
3534
-7712
3984
9263
-5465
651
8220
-5294
-7160
-1883
-1181
-8884
-2591
1673
-8155
-1416
7252
-7083
-4418
-4601
7665
-7882
-723
836
2537
9922
-7136
-4654
-5774
-1371
2110
626
1398
1171
4784
4385
9912
5501
-5619
7198
5636
-8738
-256
-5847
9010
5973
1848
1959
-1417
6637
492
-4190
-633
-5193
-9271
4430
-2421
6361
-519
710
-7046
-4672
1521
1300
3864
-1807
-6504
-1937
6376
-3842
-5809
671
-3441
3188
-2462
-9540
9991
2736
1737
-1996
4092
-8206
6843
-9908
1991
1321
784
-7458
1924
9582
2512
-8992
-270
-6803
7037
-8859
2502
4254
-7557
-9379
12
370
5528
-4680
92
-2743
6491
5191
-3307
-9664
2509
-3645
-6440
-5817
2814
359
-9372
-5551
1974
-3976
-4439
8357
7322
1030
-405
9649
-4362
938
-9099
830
-1843
8239
-73
8414
1146
-7411
6430
5282
2849
8016
3887
2312
408
5175
-3873
-3758
1612
-5287
658
-4526
-5135
-8446
-7122
-5119
1737
666
5723
-1105
3984
3271
6905
-172
-6334
-439
-2114
1637
8777
4259
-1909
9410
-8089
-3974
-1814
5293
-3299
-4491
-9946
9013
-8810
5284
6
144
4435
-9858
-921
2855
-7053
-4702
-6859
427
7646
3135
3654
-5115
-3282
-7345
-6572
-8693
-677
-5794
-7531
-8017
-2718
3400
-1319
-2991
-4591
6592
-2401
3893
-7407
-7730
-4781
6671
-2768
-5104
-9240
-2725
-9973
5729
3694
-5143
148
-8490
-5360
7125
-5434
1445
9005
5813
6594
1953
5009
-8597
-9564
-2112
3248
-2694
8231
1117
3198
-8746
1298
8345
4014
-652
-642
7709
-1179
4672
-7708
9370
-9159
3662
2824
-5871
4043
6824
-36
5455
-8322
-2906
-8366
6192
7380
2459
547
-6779
-8860
8428
-2571
-2320
7577
-6437
-4853
7179
-374
-6622
-1265
-2232
2961
-6692
-9291
-9837
4747
-7235
7180
-460
7435
5889
-4250
-4751
-6117
-798
353
-8016
6256
-2877
2865
4570
-3224
6409
-4916
-3045
-253
-3798
3666
-4026
-1893
6141
-6249
6422
6498
-655
-8657
6095
-9961
-102
2677
-1278
-4124
-2683
2391
-3409
4406
-8499
2081
-9499
8058
2502
7364
-5467
-7471
-5545
-8861
1413
1295
-7227
-6982
-2480
2838
9674
-8404
-4374
4650
964
8359
1682
-5327
-3255
662
-6944
3209
-7495
8579
-8627
-8859
-4244
3334
-8366
-6650
4810
9583
-3255
-1070
9305
-4084
-5968
-2381
-9999
-7785
-3604
-4370
4172
5664
-7255
2335
-3175
-6478
3711
-8530
399
7236
6673
3920
9310
-9666
-2864
-7844
-254
6022
-5316
839
4945
-9210
-8214
479
-1357
-2916
8928
-3967
1586
6046
-35
8696
-5529
-857
-6473
1651
-365
-6525
-1828
-3711
1359
3347
-5670
-3925
7035
7741
-2054
9614
9363
979
2598
6451
5632
-6946
4364
8749
4202
5446
-2662
7183
-3765
-3583
7305
1319
5791
7543
-4105
-6533
-7688
-7411
8684
7934
-4691
-2666
958
7535
-9614
6418
2928
2831
3459
417
3605
8477
-8069
9161
-8974
-5393
5089
-4704
-7326
-6673
7361
-7690
5619
1168
-1191
5633
-787
4235
8298
8999
8819
8218
-8434
-7998
-8670
-3696
7529
-1485
-9258
5940
-937
2054
-84
7672
-3995
157
-9086
-2950
-612
-6405
5531
8982
-1160
-1040
-5537
-6170
-3304
-6660
-98
-2281
-5523
7266
-7723
2121
-5643
-1270
-8599
-318
-4639
-2381
1713
1168
4882
1331
-7120
-4678
4451
-1460
8799
4673
-1184
-3698
-342
-9672
5012
-7869
3121
637
-8512
2394
-7602
8307
5543
5875
7894
-3779
2534
7876
6936
2969
2529
-1530
-2333
2135
-9543
9791
9925
7189
7993
-4436
-7763
6457
-7408
-4469
1394
-4919
-2183
6083
-7988
-694
9717
1936
-9760
-8877
6363
6895
5210
-8307
-5051
-2846
2995
2377
5068
-3872
-8687
7230
-1682
-9412
5934
1662
6443
6896
-6416
4372
592
4679
-4393
-5219
6282
2980
3606
-5376
6428
-4174
8729
-3574
-8660
4104
-4187
1098
-9513
5368
7997
326
-3739
-875
5088
-9575
6263
7583
-4401
7561
8861
-3155
-8340
7881
-9564
-9259
-8545
-4216
1260
-230
-6158
-2509
344
6067
5948
-6482
6239
596
-3941
-9302
-6113
6012
-3238
2116
-175
-1702
3186
282
-5609
7804
7501
8843
-7502
-2571
-5371
-7735
9137
-8118
-7253
1725
3587
-7398
9284
-584
-8115
8072
1838
2578
5240
4710
5696
-6271
1633
671
5423
-426
6612
-6751
2253
-9129
-4909
-6170
3627
-2923
-8465
4126
7936
-4917
-8486
-5094
-1726
-2606
-2637
-6441
-6032
770
-1312
8388
-8270
3305
-7782
-9838
-8616
7425
-4606
3256
8960
-5678
-3598
3680
7827
996
7790
-3022
6159
-4578
2840
6458
-1953
-3552
-2237
-136
-2459
3129
-9696
-6139
-1670
-7258
1396
-9507
5485
552
4555
1677
-4697
-8031
2949
-5031
-9392
-8470
3086
106
4042
3444
3820
275
2394
1305
8689
-1089
1255
6622
-6928
-8263
-7173
-9240
-9843
-2504
-9466
-3305
-467
6820
-9982
-9597
6701
-9783
-2286
7634
4654
8215
2947
2484
-339
3091
5556
9851
-9359
9534
-1294
-4934
-8898
-6016
-8068
4600
-5242
-2511
-8762
8177
8191
-316
9880
-1014
-6000
-4784
4726
-4049
6149
-7908
6363
4810
-1535
-7802
-8194
-7902
1075
7280
2615
-7122
-990
6919
-1829
9204
-5918
4625
3010
-3165
4968
1139
-5974
3561
2394
2941
2613
-7630
-3873
3379
2189
-2
-9898
1048
1735
5053
1315
5689
-9915
4425
-4060
-4173
8342
-5184
9378
-1854
3576
-7363
-766
-249
638
3186
9147
2324
-564
7428
2210
-5672
7103
-7261
5120
-5918
1642
9093
6438
6259
-3558
2046
7287
-8635
3323
-1475
5283
8690
8340
-4602
-9707
-8766
5870
2855
-8830
7252
-9070
-5926
9121
3816
-721
-5674
2170
7591
1435
4338
-4297
-1488
-1199
-1737
3479
8704
-7783
-8031
-8799
2845
5317
-4974
4630
8607
6999
4275
-5601
-9348
8928
2152
-9242
-4370
-6397
2030
1952
2530
7160
467
9767
2848
9421
9490
-7738
-4334
4679
-7510
5006
-9388
7398
-1637
-5594
598
-7226
3996
-3233
6352
-7550
-3781
2661
1251
3411
5394
1809
-9592
-4874
802
-8357
2199
427
-4401
-1427
5750
-7335
1144
-1261
3644
6288
5233
-3217
-223
262
2495
-9303
-6748
-6461
8911
-6621
-5384
-5288
5587
7946
3948
-3062
-9894
-5208
-5546
-7731
-4661
-6217
4123
6603
-1890
4656
-6755
-4348
-5353
-4991
-1246
-5553
-8065
1021
-7651
958
-4223
-2162
2235
-7905
-7938
-9115
4811
6015
-5554
-3854
-2453
2410
8916
-8849
-2196
4237
956
9526
8641
5181
-2925
-9868
585
4048
451
1717
4631
-984
7754
7902
1434
8464
4854
-8775
-8050
-5825
-5953
9739
5214
-5702
1729
-2654
-9453
8182
-4748
2890
-4962
8027
-4598
-9377
3742
-2332
-7996
-8228
7759
-190
-3951
-2990
3887
3936
9444
-6860
9582
1570
-3151
-6033
-7662
1223
-1531
2519
-1629
-4627
4287
-3587
6265
2611
-6706
-1828
1089
-4935
3624
6483
4518
292
-349
7693
-126
-3329
-2924
-9092
-352
507
-2173
3556
7084
9334
-2585
9107
6842
5849
1667
-50
-144
-5508
-6564
6471
-3823
580
8342
-3221
-8921
9197
-8214
4183
5036
-2462
5830
43
-2219
-279
7521
-6665
-4036
7900
2521
-2254
8744
-654
-245
6505
5723
-4612
-7058
-8748
5464
1163
-7411
-9276
1167
750
-2209
633
2246
-3111
-475
3216
-2459
5762
-1377
8346
-866
-7323
5579
8839
2712
6376
91
2049
5527
7224
-2606
6326
6409
-9102
-9126
-8531
-4017
6206
6725
-3655
4518
4661
-2753
1483
-1999
4323
-4084
-7775
-8635
-7897
-2333
4509
2384
-1704
-4090
8753
-2393
6786
5277
8918
9259
5678
-8434
-9988
-9865
-2081
4604
-6052
8649
-2663
121
361
-3414
4924
-7480
-5404
6908
6574
2868
7791
-961
-9226
6726
-8935
4736
4708
6471
-8328
1630
-5329
-717
8693
-7910
343
7766
4097
218
7272
2150
-8186
-2886
6176
-4900
-1576
-5263
2439
-5936
2186
-7269
9213
5744
9789
2248
-5358
3964
4722
-2240
3023
6465
1505
-1007
3346
-1423
-7038
6423
5174
5147
4329
-3386
-6991
7341
-2833
-9193
8375
-6366
5707
9549
-1893
-823
-4193
-478
7414
9652
9615
3091
4192
-2599
-372
-1275
1787
-311
-6162
-429
1584
9546
9441
-7691
-911
4148
3574
4814
413
5540
5627
-8142
-8606
-7456
-8507
9938
2748
5704
6472
2374
-7940
4853
5929
-4810
-8220
7249
-533
-540
-3634
6290
7045
3993
-4308
3924
-7915
1547
7691
3314
-3730
6439
-6959
-7423
9677
6017
2821
-5623
9546
3606
1517
2561
-8023
-8806
9714
4998
2447
-1662
-4031
-6696
-7086
5648
587
-79
-5462
-3273
-8277
1826
2724
3946
-1049
8939
-7819
6053
6032
8823
-8310
183
-8252
-2574
414
-5365
-1709
9992
4774
-1486
-8642
3548
5830
-8882
-3301
-5247
5222
-8227
-1163
9656
-1889
-5472
4785
-4569
-1136
4775
9387
-9742
4941
-9381
5887
-7175
5878
1224
-2141
-2482
3974
5477
-5455
-6991
7746
2082
7811
1386
-8847
1644
407
-6846
-8597
2847
-1454
-8098
-3094
4649
6593
5944
9373
727
-6630
5564
-6564
-2242
5569
-5315
7221
-344
6406
-3502
5797
6906
-4500
-6384
-5566
9598
-6203
5188
-5227
-7375
-8488
9709
9061
-8214
3109
-5772
-6066
7590
5663
-8118
-1903
-2003
1048
-4228
-3803
418
2299
-5611
9195
-7412
5490
-6704
-833
-5636
8999
-3783
-8502
-1638
2472
9695
180
6320
4803
9367
-1641
3571
8849
-7024
-3665
-6742
2096
-5585
878
-2052
-4247
-3801
5932
-3302
9040
5302
4955
4486
-3607
1567
4568
-4193
9767
2751
222
4234
-4241
-1842
7604
-8769
-4996
-4555
-2009
4237
4316
-2746
-8686
3306
4056
8636
-7719
3130
5553
-6096
2486
3259
3141
-6315
2730
1676
2576
-8080
4821
4056
-5489
-8040
-6911
99
-3904
8326
-8807
-6033
-5466
5785
-6313
-5365
-2871
8457
-5830
-7463
2490
805
5718
1691
-2189
6891
-3130
-5991
8669
1348
-8036
881
8203
-8454
-4071
-8293
772
-4458
1976
3640
-9666
-1382
-3707
-8905
4934
1208
972
3747
1404
-6387
-4469
5549
-1510
-6594
5161
4977
4373
-5587
-4512
-3161
8605
8120
5429
-8247
9791
4782
-2903
-9572
5545
9390
5192
-3619
5997
5119
-2978
-1015
-5537
-986
4105
-4184
7321
-2233
-4854
5016
-5698
5371
-4331
-7406
-4838
-7351
4616
6586
5320
6501
-2375
-1272
-6258
130
-1657
3758
9539
7253
9650
8518
3345
-3001
-2425
3514
-6858
791
-3564
-4849
-1564
-2518
-3110
-2770
-3033
3631
7263
-9488
-3130
-3916
4131
5094
-5437
-2114
907
5922
1598
1993
5529
9830
8502
7581
-9859
-3225
-338
-4407
-6172
7773
-9682
8798
9775
6634
5728
4330
6559
-7196
-3429
9840
3147
-3103
-5218
-1151
-7692
8446
-1454
-6183
1552
-276
-6127
-3976
-4446
-6184
997
-4485
3723
-4779
-6872
9878
5978
5159
-1269
5713
5183
2959
-5069
-1444
-3715
-8082
8062
7600
-2371
-8328
4964
3524
-3649
8599
-7336
-4983
8140
-295
5260
-6334
5447
4887
3380
-7357
8514
-9822
-4732
6693
-3124
-5876
-9837
8483
7240
-5136
-9536
9076
1049
4736
3891
2981
-1607
-7959
2429
4498
-6007
293
-8807
-9823
-254
5468
7476
6908
-8373
-4264
4744
-9047
4772
9860
1092
6407
-354
3583
-9592
9191
-5683
803
3595
1893
-202
9069
-9633
-7167
3874
8232
-3987
-6754
-4715
-6693
3098
-7593
-7880
-9941
-1941
5625
8466
2830
-3643
-3551
4149
3502
-8531
-3150
1813
5653
3950
850
-365
6907
6393
-3389
1368
3338
-1530
-8199
-7715
-470
8280
7357
6407
-6354
-6017
-8227
-9296
9177
-6825
-5683
-2976
-8882
-9746
-4930
-4293
4404
-4925
2009
-1165
802
3370
-7911
1022
2732
6124
2306
-6621
-8886
7307
5378
-3314
8898
-1502
6882
4611
-9935
-9013
-1656
-3633
731
-8229
-3027
378
-4180
6792
4630
-7208
2346
4330
6961
7679
-6150
8575
6766
1458
-3637
-5367
-5801
-548
1090
7698
5294
4409
5059
-7472
-9215
-8466
-1415
8291
6732
-263
-5341
9274
-6100
-3581
1372
4054
-9061
5873
-7260
-25
-7827
-1030
-4784
1586
-9402
-8973
3530
-9132
6038
4806
9574
1920
5426
9825
-9533
1188
2607
-7893
3290
-4438
9245
6353
-6905
4410
6815
8063
-7951
3517
-989
7050
-8489
-6596
9570
9
-5096
7494
-811
-9404
7039
-5263
-3887
-4283
9226
-7368
5569
-8660
-1387
9187
3391
8318
-1240
-3803
-7569
-9443
4442
-4450
-584
-8942
-3905
-544
-9792
2407
-4235
2926
2435
-1743
7016
-3488
3887
-8501
-867
1412
6975
-8994
-8735
4447
4785
7388
-2898
-2063
-7930
-8724
-9450
8375
-6826
-5345
2383
-6167
2702
-6335
6940
-9981
-9049
-9493
6548
-6686
-1980
2966
3474
6660
6344
5866
1592
-335
8081
-1804
1216
1849
2613
181
5600
819
-8649
-4713
8249
5093
-7354
4124
572
-3231
-6125
-9713
5210
-788
-3572
5211
-729
7514
346
-134
-9014
2133
-1805
4037
5124
3357
-6211
-5461
-2822
8937
-1088
-7075
-4096
-7669
935
-5978
-8828
2418
4403
-2857
4949
361
-9061
-2080
-274
-4739
2083
8155
-5662
8827
4760
9667
9925
-7688
-1498
-8318
-2699
-7510
-2890
-5529
1636
-7309
-1944
-3210
-9469
-6785
-5527
9498
1100
8611
-6960
-4298
-20
2661
2650
-6151
-7189
3418
-7872
3791
-4550
-2870
-1773
-4172
-5321
8208
3604
3043
-8320
9181
6097
-1715
-5966
6301
-4737
294
-3876
-4879
2097
-5895
-5051
-5957
-9357
-5445
-9225
2201
8741
5213
2822
4328
-9705
-8613
-2719
8265
-5922
7089
3092
8737
-1616
-691
-7241
3195
-479
1824
5943
6952
-5
6671
-961
-4409
-1549
38
6371
-3297
-5266
8235
4392
4200
6448
8880
5587
3050
316
-2302
8013
-3458
-339
5631
-8849
6193
5359
3236
3888
5094
-1989
-7196
7816
-8198
-3794
-2699
1152
-9181
5349
-2011
7161
2962
-5162
1322
-139
3544
1774
8726
229
133
-7709
1193
1232
2283
2229
929
285
-2111
-6586
-6644
-5346
-9148
-110
-898
5753
2999
1293
3134
-9324
2507
1816
-9318
-5925
5689
9728
-1477
2929
-4596
1651
4980
3089
637
6079
-3052
-8128
-8458
425
5595
850
-8393
9767
3496
-1483
-5929
3419
7313
-1091
-62
3788
268
-1395
7777
-7582
-6230
-6433
5048
-6722
7204
-5200
8168
7188
4621
7787
-5867
-6714
-3257
3280
-2782
-6114
-1327
-8127
2615
-4761
-1634
9929
2245
4552
-1311
-9559
7872
-5665
-9980
-9951
-5877
6486
7928
2871
-4430
-9115
-2169
5735
5904
6052
7493
7975
-5327
-86
-4763
7381
-4014
-6841
3752
-8417
8133
-9958
5264
-2897
2640
-7824
8050
6513
-2604
-6470
4906
6850
2956
4809
9257
-40
8748
2857
9705
-6552
5704
2167
769
7992
4310
-5088
-5005
-2143
-660
-5096
8995
416
2563
-8076
-5437
8857
-6018
-8572
201
-344
-7005
3984
9922
3206
-7353
2766
3583
9717
-1751
-5410
3533
2857
-844
-2622
-60
-9198
5768
-6148
-7819
1833
9619
-2586
-7066
-5065
-8200
3081
1850
-4643
-5071
-4550
-3511
-8861
8817
4663
-8241
-7551
4770
-8390
6368
8163
2413
8311
8473
-3972
-7527
8664
7346
1131
-8630
8627
-9841
930
6378
-9404
1238
-2119
8422
3884
9787
-2738
-8817
-1946
7926
-5962
8097
-5022
-458
-9403
6176
3616
-785
8438
3965
-7446
1551
-9353
1433
-6450
-6417
2100
-767
4855
-9883
3647
6935
-1145
181
2649
-6735
-973
9608
-7328
-614
91
-1419
-1036
-4777
1156
-6501
2023
-3963
9972
8337
2817
-2051
4009
6836
1517
5113
5655
-7200
3684
5840
5436
4186
-3948
-6403
-1438
-4310
-4212
-7650
6960
4358
-9529
-8584
7821
2697
9554
2392
1298
3394
7164
5204
-8533
-9431
-9735
7696
-54
-180
8819
5373
-6969
2632
-4659
-6948
7224
51
277
4128
-6167
-1994
-9722
-3471
1625
-6472
3351
-2644
-7855
3030
-1148
1607
-5279
-5106
-7529
-8653
9336
1339
18
7259
-7937
-4805
-7077
8649
-4301
-85
-5884
2440
-3458
-6412
-5034
7140
-9455
-9697
2363
7565
-2528
8484
-7227
3322
-3814
-9792
-8195
3977
8099
-3483
-2997
-6299
-273
2891
2463
6465
9022
8900
1371
-959
-3089
-8019
6237
-4999
1474
5697
8812
-4820
-5939
1032
-8258
-6026
-7686
3884
7939
6213
-1540
1420
3122
9890
-8691
-9015
2894
-5458
8325
-9187
-299
5959
-3111
-84
-987
-6294
781
7251
-8789
5362
-2409
-7427
7242
8286
7090
-5323
-9148
-2927
9819
1653
-1273
-9389
7788
2013
-9577
8245
8307
-129
-2828
-5262
5070
4470
-3896
9457
-923
6327
6415
-5050
131
-9408
-9629
-7560
-4141
-6994
-765
637
307
-9974
8448
8674
6999
1891
8036
6119
-9731
-9929
-897
-4377
-9591
3466
-9841
-7499
-8387
1274
-373
-8479
1494
-9687
1548
-8070
-2011
-3911
-9255
814
-6968
-7370
-2707
1325
8517
4012
391
-1268
8770
8218
-146
-2075
-2812
-1634
-8449
2747
8259
6768
1461
-261
3462
139
6515
670
2720
-6363
-6608
6347
934
-2592
-4864
2201
-6581
-7495
-9509
1874
3355
1310
-7027
-1452
-8976
-67
-5959
-5967
2964
-6121
4426
-8170
-4748
2451
888
3496
4989
-145
-3117
7050
9270
305
592
-3205
-2822
-9957
237
-3171
7600
7485
-4158
-9424
457
-8731
4261
-7971
-1931
2257
474
7599
-4894
1989
-4170
1083
4242
9144
494
4992
2519
8393
-8063
-3607
-5874
7951
3902
-1936
-2570
-3443
-8109
-3331
747
5125
1108
9931
1412
3427
1764
-8564
-5883
-1894
-5501
-4061
-4031
9996
-8651
239
-4305
-8029
-7510
5511
-4056
-3811
1935
-4160
3995
-2780
-80
844
5773
7483
-6200
4925
-5744
-76
5927
-857
3007
-9762
8926
-9500
5363
4988
6218
-3599
1925
849
7291
-5003
897
5815
-1728
2721
-9821
-1392
-5967
6035
6192
4467
1561
4629
-6540
-3960
-4739
-9918
-4909
8111
5197
8777
-4402
2969
4295
5546
7189
858
-1630
-8259
-125
663
-1667
-4814
-5158
-6438
-7612
-2638
3260
484
5468
-9499
4259
-254
-9491
-1683
-931
-2440
1417
-1904
328
3161
-7332
467
-1914
7641
7762
1281
3581
-3142
8991
3179
-9778
-8958
2223
1033
9583
1518
6795
1311
3463
2688
7428
2234
4134
9875
5600
-6118
639
-4433
-4770
2794
-3293
-4488
8551
4202
-5414
3073
4883
-2706
2752
-994
4437
255
7195
7895
-1915
5727
-844
2648
-2776
-5750
1177
-5723
-7491
-8776
3534
-2261
-5882
4222
5100
-2030
1969
-2060
4439
-5106
-7134
9842
-8641
-6443
9216
6516
6739
-8629
6361
5661
-5316
8696
3538
7159
6718
7804
8078
1720
-1018
-4135
7450
3648
-4465
-626
-6509
1375
-4904
5316
-5387
9396
1434
-8672
-8126
8911
-4440
-7175
-8213
-3720
6248
6308
-7427
9577
-5976
-2805
3659
-9578
-386
-2403
4851
-2003
5409
-9665
-1616
5784
-4514
2815
6844
-4864
407
-8951
1632
-117
-930
-8558
-4359
-5850
3178
4402
-9528
6622
436
-9233
1047
2631
1873
7380
7811
1248
4907
9440
-9398
-5874
5278
4763
-7566
-9596
5644
-8092
-108
3108
1342
-4411
6627
-6144
-1480
-6424
-355
-8647
-2024
-6877
2733
-1399
-5365
6958
-3142
-1637
-3733
-9579
-8977
1272
1880
8873
-8280
-9219
8178
8881
-4522
-3065
-7792
8223
-8305
-9903
-1503
7005
-9515
2132
9309
9029
8449
-2099
-4026
9648
5676
8925
-7808
-3738
7674
-9334
5610
-2764
-2173
-4126
-8647
5244
9503
3455
688
-6330
4237
3302
-7107
9013
-6079
6346
7186
-844
8776
-4178
3135
-8850
-7527
8167
-6359
-1283
4889
3647
-6807
-2373
-8629
-4682
5827
4020
-302
7619
-1663
733
4804
8953
-1236
-675
9262
-3068
9607
-2391
9502
9587
7432
7246
4625
3663
-4653
-3897
-7751
7497
-5676
-6897
-2230
9107
3769
-5392
-2399
-2684
5866
-4838
4145
-8673
678
3599
-9748
5965
-5317
5243
3179
-2554
-1151
4577
-1958
-1361
-6924
-6320
-6941
9470
-7507
-8524
8597
-7047
-1476
-6807
337
-1700
-7709
7723
-2160
537
-4046
7369
-8268
1913
5498
-6857
6346
-1279
2256
-1694
-2183
-1488
-9023
8479
-1270
7300
-8948
-3267
2707
-3235
-5055
-5319
2050
2745
-7724
-7729
3010
3550
-9379
6510
5741
1431
-1329
5765
-9585
9526
690
-3943
5266
-8809
5792
-2216
-2325
-7675
3545
-3544
-9184
-4939
8836
5881
5333
6096
66
6489
-46
-9457
4784
134
690
6495
-4935
-5922
-3093
4931
-4395
-9870
3221
-1863
-7549
3545
-3336
725
30
-8639
5910
4073
-257
-9920
-6382
9190
8398
-1816
828
1436
-6842
-7399
251
-2467
6181
8753
2869
3424
-5844
-4994
9918
-2782
5881
-1228
410
-4794
-7553
-5446
-4239
9405
1119
5887
-754
5505
1029
-9238
-8749
-5541
-6111
8495
-4419
-5211
832
2109
-8144
-1463
3462
-7372
-3841
-3000
-5750
6676
-6054
6102
2031
-8528
-2188
4803
-7205
-2238
6127
-6923
-9674
-5320
-4474
-7056
1216
-4020
-1353
8824
-8786
9905
-3700
-7538
-9725
-6007
-2747
-8715
3848
9427
4963
5208
-9688
-638
-4141
-5371
3274
-6295
-4011
-4687
5131
-9389
-760
-961
5143
3183
-2508
2652
-3484
9768
8787
-4191
-4181
-4686
-6436
-5861
5540
7808
-1010
-7545
9150
-1037
1046
2103
7096
-9299
8509
529
7902
-8988
-9007
3447
7619
882
7086
1409
6903
4008
9065
8742
-8379
3779
2969
-4454
-3860
9111
-8350
-6255
9720
2407
1087
4162
2844
-4969
-6996
-7866
-5426
1625
9325
-9344
-5984
9923
542
119
-9354
5186
471
-7682
8361
8456
6108
-6956
-3657
-1856
7711
8999
-284
-1789
-8142
-1612
5905
2498
8813
-1847
8279
-9693
-8072
7212
-4224
-2390
1974
4916
-637
9036
-9170
-3851
-2502
-2711
-5033
-9095
8737
5522
8863
-7894
-9139
-3323
-1544
4364
-5017
9690
3871
39
-3132
-8651
7147
8578
3234
-484
-4913
4651
-2207
-8605
1035
-4813
3995
419
2421
-970
9377
9705
9856
-2792
6964
-726
5094
-341
-1987
7156
9784
-3347
-9686
-6944
6974
1775
-5659
5924
-7924
-6608
9138
-9883
-5020
-1337
612
-9111
-7550
-8032
3101
8330
7721
-1443
-1887
-281
-8921
-1698
4150
-4395
-3193
828
-8518
-5806
-7565
2286
-9504
-5350
-7997
7567
7016
3698
9638
-4713
4058
-3198
-884
7333
-1569
-2144
-4785
478
2524
-5369
9276
7183
-4212
-7673
7169
-7825
7897
-9131
-2348
7328
-3561
-8221
2365
-9612
1405
3979
-1311
-4309
7329
-8220
2509
2075
-722
7159
9627
2313
420
8012
-6684
851
-2835
-9315
610
9232
1368
3820
1889
9263
-3213
-6448
2977
2524
553
-4437
9322
-9023
-7882
6647
-851
-2423
-8573
-8642
-6861
-577
-221
9257
-2619
-2474
-6967
3664
1750
1538
-509
3120
593
1187
5879
-8389
3514
-990
-7880
9706
5156
9235
1221
-5043
-4433
-7430
5214
9346
-5125
267
-9372
932
1997
-7895
1004
4987
3101
2352
-1632
9777
9946
-1553
7155
-2971
4923
4492
3774
-967
-3646
3147
9819
6821
1551
234
3165
3086
3295
-3325
-6422
7665
-9058
-267
-7465
-8903
-1424
-644
350
5329
9336
3132
1118
7860
-6141
7421
-2929
7615
-7084
5776
-799
6503
1485
-9648
1488
8775
5878
-3100
-2458
-4398
1261
8993
3629
551
9003
-7604
-2833
3651
7503
-6660
-340
432
-7735
-5570
-4777
4218
69
6098
9678
9282
2353
-6765
-5196
-5972
1613
-4140
6444
-5389
6799
-2138
6132
9245
-5425
1974
6812
4073
-9674
2899
-2655
9540
-7042
9965
-6869
9850
-1179
-5031
-6177
-2070
2068
1681
-4127
5747
3270
-3208
-918
4522
4344
9755
7490
-658
4492
-6093
-7557
1970
-7943
1512
-598
2521
8562
-2609
-2270
-5343
7121
9971
8238
-6986
7296
-2894
7850
1286
-7676
-4482
3199
6901
8871
-988
-5607
7655
2144
2793
8615
5882
-7423
5712
6959
-1769
-1603
-6087
-2261
8125
-5804
4003
3524
-9987
-2820
3314
-9815
3493
-6739
4492
2508
-9100
2762
6301
4825
-724
5383
-6694
-9068
9925
5307
-2622
7246
8061
5315
2305
-6109
-7698
9424
9838
1908
-9320
1679
-3052
-6628
-4706
-3885
5710
-9807
3501
2625
-9428
6040
-8714
4792
-8174
485
-2148
2683
319
4878
5257
4444
8907
6667
-6181
2854
5993
4781
-7012
6759
-2420
2008
3087
8120
-6650
-3618
8422
8523
-5301
-679
-1455
-10000
5269
3684
-1840
-2364
321
-8970
-1238
5750
-1226
-1123
2774
-5097
-2586
1235
-7690
3646
-3732
-8289
-4444
8149
2357
7467
-6715
-8989
860
638
4986
7511
-7410
-6827
6901
558
-2900
2018
-5784
1729
7630
-4127
-4903
3118
-1852
4915
497
3552
-2856
-7431
-7980
318
1935
2095
4108
-786
-4913
-1054
4670
-604
-101
4079
-9026
-7957
-5799
4154
5597
8142
5236
-6904
-2560
419
2077
9593
-8147
5332
7692
5893
-129
1132
1829
7602
-6280
-8229
8566
5647
-6122
4390
-7556
-367
1150
-1458
-8730
4039
-3819
9947
-9327
-933
7438
-8668
-5710
7208
-5507
1214
9778
3187
-3318
415
-5549
-409
-2847
-6802
5873
7729
-5561
9672
8772
-9772
-3193
-6255
-4414
-3574
4330
-2762
9217
-8967
2820
8539
-38
-1267
-5205
-8698
6345
-9289
-4189
1798
2225
6242
9781
8385
-483
-5971
8350
5945
1504
-3830
-8317
4827
7806
8115
3267
-1692
-5244
-5020
-2779
-6001
-9199
8504
7503
7391
-4968
8611
2424
-5082
6526
-9143
8470
-880
2430
-710
-8655
-3569
-9428
5227
3705
-7741
-8297
5362
6098
2534
4679
-7106
8941
-6159
8773
8400
-9229
366
-3878
346
-6982
7772
9808
9426
7994
8568
5941
3794
7129
-274
6045
-9264
-4414
444
3495
-2699
-4267
7231
-904
-2723
-1288
-5955
-2332
8682
5162
9486
5131
6980
-2824
-2169
8639
-911
-6647
580
-6364
6093
4468
2898
3569
-1370
4625
-5066
-6125
5719
-1459
-3747
-1520
4959
-1289
9442
-5720
9181
-7849
6197
7224
9835
3455
-4210
-1511
8883
-6823
-8274
9861
-5550
-7713
7309
-7303
7720
1834
4486
-9066
8313
-6782
-8293
2882
-4092
7029
870
-3829
93
3459
6174
108
-9560
-6123
1730
-7672
404
-7411
-507
7891
-8142
-9991
-1258
-4113
-2863
4290
-502
-204
3896
9057
5736
-4279
-1537
-3440
-7855
1423
3114
-9538
-5621
-9922
-8286
3580
4392
-2714
-2414
-9579
1303
-8457
-1445
6331
8519
8988
5908
-2756
-3052
-6014
-6046
3444
5807
3927
1232
3483
-9106
1006
1131
3135
1389
-2562
-3459
2988
-4641
-1014
8228
9704
2005
-1476
-8754
5531
-7318
2922
-6573
-3732
-7224
-678
6990
7623
-8805
-8286
-9127
-8839
6641
4584
7141
-8706
5546
-5752
-4429
-2286
-5055
1812
-1678
-9756
6263
-9739
-3435
4361
5016
7760
528
-6900
5132
-4092
-3857
-4541
6237
-8688
-2797
-579
-9920
2545
106
2743
1794
-3351
4682
2830
-3024
956
-5943
-2066
-3677
-8013
-6244
905
-4282
4899
9194
-4316
-9755
2408
77
-725
5588
9386
6788
8933
-2599
-8734
7639
-9118
-8873
7702
-1207
-1744
5784
7456
-7117
4365
8822
-4467
1891
8887
-9563
-7487
2416
-2433
-5439
-8297
7992
-963
3120
-1082
9176
-6052
148
-5568
-2585
406
-4368
-3212
-4849
6522
-8013
-3757
-2775
3081
-3931
4303
5429
4641
-723
5727
9747
4593
7325
6784
8545
-7701
1500
-7722
5041
1111
8334
-5936
-9179
-6684
737
-5847
5610
9625
-3178
3850
-1873
-4374
2569
5004
3968
-1690
-3745
5084
5635
7149
6444
-200
3854
5727
-7426
9365
-5789
-2128
-4790
-1213
-3350
6551
-911
-8696
-1751
9926
-4530
-8247
322
2164
6687
3336
649
9909
3309
454
-8416
9867
1369
-9687
-7374
-6602
-8315
7289
1224
6118
6173
9509
7979
146
1600
-8413
-169
-9439
-9713
-7948
1431
1094
-3120
3109
-5277
4425
-2017
-9230
8499
9599
4242
-1371
1023
7483
8936
1916
-3499
-6306
6477
-1143
-9995
-2869
4428
-6638
-3540
-3051
5490
-8487
-7189
3225
-6182
-2569
-4380
-2488
-9925
6625
-1375
-1603
-9238
7276
4353
-7539
-9779
-9492
-4337
6044
8478
6936
-8128
-9077
-4488
8778
-6871
8239
-2271
1154
4091
1758
-9581
-2550
8956
-189
-2200
-1420
9859
1169
4418
1120
3216
-2029
8437
-2502
-6939
-7006
-9294
7360
-7739
5840
-4944
4480
-4888
-2879
8697
-1600
9656
-5447
-3346
4696
-6101
-9776
-2664
3961
9309
-2750
6156
-9839
1065
-7484
1370
-2522
3716
-2287
2291
-6784
-4810
930
4628
4228
6965
9787
-7821
4890
-7456
4930
4005
-1392
-7754
5931
-4183
7287
7440
9743
-1419
-4725
8417
379
-5157
-303
6441
-7515
439
-3431
3408
1433
8152
6626
-5723
-2799
-4632
-7428
-7181
-445
-8678
4713
-5763
4564
4623
413
-6730
4938
-3003
-8763
-8737
8224
-5475
-6332
-6498
3282
-7929
119
-2313
-2728
6700
4314
-886
-9616
7864
9444
-9400
-7148
4450
-7314
5043
-9590
-8103
1329
9682
2938
6956
1036
-9426
-4550
822
5765
-8532
-6938
3621
679
422
2283
582
1801
-6456
-4734
7374
9647
8164
442
4807
-342
-7821
-5522
6165
-965
-439
6869
-4060
-2154
-3757
-743
1168
-1887
-1648
-3553
-2127
-6406
5865
389
-1247
7320
2990
4170
-5142
5898
-5745
-6778
-847
5020
-1420
-2854
569
1529
-2183
8963
-4362
-3670
-7863
2472
-7697
-5061
7733
6291
4335
1151
-7855
-4483
-4504
5226
2348
-9247
7940
-6660
6379
5810
393
6366
-9407
-2840
6216
6020
-4660
-4170
-3517
-3117
-2610
279
-551
-2564
3462
-3289
-9841
7558
1291
942
9788
3818
2598
-5033
-8655
-936
5673
-3041
3107
-4393
4815
-8984
-1162
2345
9392
-4659
-9112
4620
4321
5392
-5448
2237
-6777
7343
5233
-7848
-4330
5270
9303
4794
-3030
5901
5420
6311
8865
2930
6271
5576
-3885
-7070
-3151
-9044
3375
-4848
9670
-8081
-8109
-2280
-4891
8696
3271
7853
8780
8283
6007
-658
1139
-2176
331
-9064
5178
9339
-2491
2485
-6286
314
663
-8334
-5115
4733
-1826
7310
-1788
2623
-3361
8622
5035
-108
-612
1133
-9230
-2933
-366
3441
-7885
-3982
-9134
1305
-9390
-1064
-7525
6066
3406
-9075
-4591
-5559
611
-1498
5500
-2662
9946
-5347
-9665
-1785
-7186
-7786
-8302
-699
3003
3292
-993
-1744
9924
9865
-2954
-4897
-4319
2532
-147
6194
6084
-7803
-4040
-7928
1862
4756
7361
-7891
-4717
1360
-4508
-7728
9935
683
-2423
9074
5635
2418
-1282
890
-7896
-3573
2320
-7706
7631
-5577
-9305
317
-1782
-5609
-3652
6303
-5637
-6582
-3241
1405
-1513
4052
-3895
7557
-4907
4763
-4414
-8490
9529
-4053
6704
-1678
2616
1625
7734
-1551
-7480
4485
-1468
850
-6266
-808
7577
-4851
-3261
1485
3185
-1533
-6261
2476
5836
-8969
3123
8401
-5890
-874
6879
3116
-8500
-8143
-4979
-6975
-4503
-4404
4097
4815
-3219
9038
4782
-6962
9583
9177
-6498
1425
2911
-7213
350
-1396
-4605
6819
2665
-4401
-6549
7576
4144
2575
-7213
6947
8002
2310
-8235
3333
2750
8977
6312
-2686
-6574
-3785
-1287
-7883
9838
7978
8996
5437
-8086
2886
-9361
5269
-9423
-5354
3011
-9822
2057
6678
-5048
5733
8160
339
-8100
8816
5493
-818
5840
5941
607
7039
2687
-2182
-9890
4726
-4052
2473
-7012
-8643
9943
-9372
4928
6490
-6405
-330
8495
497
-5017
-9372
-3553
6725
695
-5310
1817
9535
-9266
-9311
-8566
-1913
-1902
9671
7014
591
1349
8951
-5510
-7952
-2565
-3569
9869
2123
2333
-5711
7090
-2542
-1288
3033
-2452
-8161
2082
-7731
-418
-5759
4747
-9358
-6034
-6888
6748
-9893
3605
-2506
3408
7101
4039
1221
-213
4382
-6695
-8441
-9158
-4821
3859
1945
6537
2984
8020
-9199
6491
-9309
-1412
3334
6441
6562
4411
-7218
1370
-1030
8979
-8574
3291
7201
2380
-6178
2236
-8869
2452
7173
8551
-4111
5968
-5374
-8451
8673
5412
4041
7087
-1778
8763
6971
3606
-201
-6700
-9560
1039
2310
6569
3087
7447
4511
-3203
7777
4798
-7848
-8895
-4700
8171
5191
-8253
4947
4396
-74
-8397
355
6744
-1580
-8141
5344
996
5382
7131
-6154
-4674
2619
5254
-2805
6633
9661
6845
-6647
3765
7714
-9410
634
-9894
-5310
1801
9292
-6799
-8604
7750
4116
2735
-3855
9622
-1810
7391
-918
7380
7074
-4645
-4396
1032
-5021
2823
-9583
7720
-8366
4170
-437
1611
2175
-1527
-9206
6444
-913
7842
1125
7991
-231
1762
7541
3187
-3894
5539
-2044
-6228
6664
2470
8005
3451
-5004
-4215
7869
-2859
-8376
-1595
2654
7085
8928
-2650
6293
-9529
-9418
-1432
9753
8890
1477
9930
-3068
-4448
-5393
4434
-3489
-4035
-6502
-643
-1291
3242
-2187
1089
-6423
-7843
920
2401
-3260
-7849
7241
-5045
-9690
-8727
-6885
-3918
1918
-4476
-5967
5316
7221
-5060
-4767
-5657
4164
-4713
-2509
-7020
998
2168
7880
-7440
-8217
1955
-488
2403
-1188
-20
116
5687
301
-4287
362
-6961
-9971
-4336
1126
-735
4650
-394
-139
-5934
5888
7494
-7291
684
2664
6226
-2935
-1186
5101
-7816
-4615
-8368
-993
-3316
-9355
578
3744
-1890
8202
-6464
-6244
-1336
-5459
-3068
-9354
-7881
7173
5640
-9922
-205
-6267
1766
8030
-3700
4727
-1458
7860
-1245
2324
-1789
8537
-1038
4559
-6830
-3488
-2183
-142
-7856
1178
-3130
-4161
79
-426
-704
3833
-2627
4871
-8144
2140
9498
-7363
-7283
7910
5907
4821
-7934
793
5024
5068
-7746
-8263
6358
4079
-7080
6383
-8727
7278
8125
-2992
290
-8626
9368
6424
9209
-7650
9500
8176
3120
9954
-6671
-4785
811
-6389
-8647
-8644
5903
8071
-8355
3505
598
2260
-9319
1307
44
-1456
-1952
1086
-1238
3693
3245
917
1421
-2752
8328
2520
-5519
-3304
2610
-6634
4879
9739
5709
-4063
4688
-7924
-2710
3402
-7763
8121
-3632
-3071
-7771
-7951
-3834
-2690
-1766
9731
-3459
-7234
5672
7745
3805
-5595
6883
-8780
-4086
834
-2644
-5687
-4429
-10000
4271
5704
-6280
