10000
4178
3247
509
-236
-3690
-3010
-373
5594
9020
2233
-7284
6706
-5339
-2904
-2553
174
6769
8518
-5729
5648
-254
2875
4674
-2547
-2311
-4395
-194
-3427
2205
488
-9580
9089
5242
-6497
-8603
3825
-8027
-1699
3082
-9598
-9570
-2091
1376
-1423
-338
5858
-3265
3055
2832
9508
971
-568
-5812
3224
-6045
881
3870
3090
-9801
718
2613
-5094
-5705
3037
6072
1120
5191
6786
-7773
-4227
7310
4240
-7409
-5529
9582
7217
367
4753
6510
1362
3766
1885
-7182
3278
-9001
415
-6356
1110
-6236
5103
-2164
5305
-4968
-8566
-7949
-1738
6192
7462
-5851
-4869
-1229
6928
-8387
3352
2323
1156
-8518
4069
-4884
-5720
5879
-8531
-791
-5114
-1127
-3370
-666
-9436
4961
-6834
-6033
-5471
-1823
212
-4760
-2354
9196
-1217
9702
-4570
4517
5903
8122
-1685
3961
-7218
974
3519
-8023
-6653
-4600
5149
2304
8307
-2645
-4814
291
-6636
4733
-6630
-4858
3919
5348
6043
3643
-5199
-6935
-9896
1893
5519
3710
6995
-9301
-8493
-9317
8003
-5497
-7513
1508
-4755
4190
5053
7015
4418
-8885
-4520
9538
6293
7188
9275
-511
823
6302
-7636
-6875
-1711
1629
4101
6272
8061
7683
-7081
988
-158
1337
-5670
9627
4938
7947
3670
-9319
-8255
-9218
-4889
6606
-7860
189
3953
753
5252
9521
-6176
-3434
-2674
3151
-2471
-3529
-1928
3627
-1597
-2896
-4143
-9494
3212
1124
5062
6549
-6983
-98
7125
-1591
8238
1522
-1552
-1909
5366
-4447
-2257
-9222
-8176
-2981
-3278
-7523
4566
9023
2130
-9573
-6069
3102
2723
-23
3648
2494
-5911
-1795
5475
6714
-6861
-8222
2212
5287
-8872
8549
-7867
1841
-884
-5749
5278
-7229
8671
-155
9035
326
6259
-6820
-6734
-7007
-3975
-5401
180
7038
-1050
316
7120
-370
-2409
8802
8654
-7358
-6434
7140
4079
-2662
4039
7522
9070
2107
-2900
-8926
-1101
-9607
-6768
-8732
-5772
9589
28
5682
-1912
-2081
-2379
-8234
-8630
-8772
7286
-7642
-666
-5758
-3217
-3333
4963
6753
986
-9184
7757
1436
8661
517
-6434
4757
-7167
-8462
9896
-6234
3126
1369
-3583
5547
-3583
1604
5836
3998
-8933
-5714
8256
762
8295
-914
-2281
737
4071
3693
1685
-1799
-3140
4281
6003
-687
7384
4402
5319
-7007
3457
4833
2802
4335
-6299
9545
5157
-1970
4085
-8107
-8783
-3935
1599
-7343
-4118
6366
-84
-7499
-8233
8557
3474
6716
-296
2607
8471
1459
8948
4220
6691
4012
4638
-8156
-6720
1586
-6748
8727
-3407
5111
-5292
-2847
-4436
-8470
7787
2797
-6539
-92
-6788
-8822
-6951
7553
6457
-5013
-92
4651
5984
3943
3455
-8270
5861
-9439
-1527
-1799
1112
-2237
-4719
-7126
-2029
1539
4813
-759
-8829
-408
-1766
1701
-3952
3173
-2575
-7125
-3894
4163
-5630
-9131
-5550
2430
880
7168
7234
-4890
-9143
-5157
4154
3589
7392
-773
616
9664
1832
-8693
2931
8919
-8145
4065
-2748
-2970
852
-3316
-430
-3378
-2969
7049
-6935
4110
348
-8587
-8171
-8950
-2292
-5987
-591
-1106
-7832
-2895
-90
3564
-4838
-7145
1794
1217
-2726
-7749
5847
-8746
-2167
-8668
-1747
-7615
974
-4510
-5370
-8756
9963
2788
6891
-7859
7547
2310
-776
-5739
-6262
-9529
-3488
-5211
2545
4888
-1634
-2855
3468
4496
-1702
-3672
-5830
-4643
-1515
6788
6128
9174
-8911
-9092
8059
108
-8481
-6175
-6448
-2210
2086
7398
3057
1067
2701
-6912
-6017
-6527
6181
-979
9303
-9771
7926
7025
-4310
-2996
1317
4123
-6564
694
5310
3270
1401
-3334
3588
-8229
3823
3916
3826
1716
-9172
-5284
7085
-3236
-3115
8136
1800
-2958
-9313
-4399
6451
-9557
5998
-2485
3873
5015
6440
3565
6101
9820
4373
5193
-7223
-289
118
9078
-1286
-8990
-3618
1160
-3181
7303
-4719
2113
4116
6002
-2024
225
8414
-3316
5022
-2023
7294
2212
267
7678
-6956
1616
-8454
-7752
-8512
3345
-2376
-774
-8696
-7468
-6724
-9780
5415
-2475
-1058
6723
-9035
7999
-5579
-7501
-4337
3054
-496
-3461
9027
7989
2832
-6242
2651
4986
-1119
-7470
-4509
-4481
-6732
2001
-2120
-3587
-7238
-5683
6128
-4535
-5665
-6527
-192
9624
-8544
2370
-2739
-225
-8086
6452
434
-8206
4145
7065
-3957
1230
969
-3132
-1956
-5965
1285
-6100
3330
-663
7722
4892
-3405
8419
430
7463
-4684
1953
4883
-904
279
-785
3066
5992
-6769
-7445
1349
-2615
-5006
-3804
9550
-801
-6583
3550
-4899
4975
1399
-3214
4810
9263
4004
1873
5647
7100
1189
2569
4649
5515
-6871
3201
-7317
215
-3422
-5474
8447
7321
-210
-9080
346
-8490
-2398
5895
6523
-9934
9490
4039
5280
-8638
5791
8186
7428
2175
-8451
-6212
-9895
8726
-9984
-142
6974
6301
-3229
-340
-5123
-448
3764
3434
1412
-2407
-1217
-1446
7229
4830
3253
-6081
-6260
-2827
-8583
7213
-9723
3746
-2712
-8207
-4984
4737
514
7918
-8966
-6578
1977
1538
-127
8865
-5035
4391
-4805
5912
-2687
2485
-1348
-7027
438
-1052
-5598
-4665
4449
-6065
-3882
3820
6804
5365
-9374
2931
2022
-4038
-3031
4727
-4953
-2294
-5144
2248
5125
253
9255
-3204
1684
-9067
-837
-2365
2269
8292
-1029
-8200
-6618
-7573
-6659
-7789
5050
-8323
-5811
-4325
-7532
4579
2185
-6183
3629
-5992
924
-4281
4416
-9836
-1643
-4536
7511
-9274
7971
1617
8052
-7077
1551
2149
3549
-8901
-5578
-6978
9988
498
9122
2023
-9198
1164
4548
6567
-7952
-1062
5712
7191
-9006
-9711
-7820
-6251
-4544
6001
3030
-4975
-6270
-5597
-3286
-6268
4936
-4484
-4659
2625
4755
-5762
4352
2916
-9372
-6306
-4508
8391
3774
2400
7535
851
-8198
-3490
-5751
-6125
-3640
-9624
8582
2371
5916
8997
-4545
2184
-7236
-7177
3183
6266
7237
-1315
7527
-8452
6389
3186
-6066
-4307
8793
-2318
-391
-7850
2643
-3299
9635
5123
-2041
-6604
-3479
7759
-5438
-6623
101
-6665
2152
-8525
-924
1329
6105
-1402
3110
8214
1695
4897
1842
442
-3786
-3271
2899
2525
7704
-2541
3667
-391
-2300
-9337
9587
-9029
-2326
-5728
7204
8623
3574
1183
-5179
6581
8535
5376
8377
-2960
3403
9588
-9500
3196
-9143
-8627
-7902
-3361
6314
4088
644
7032
5204
-2075
5256
-6828
-6395
8706
-8205
-224
1528
-4539
9550
-9927
4407
-1080
5979
4095
-6082
7791
3634
8328
7592
9861
4316
-7887
-8488
-7612
5963
3374
9477
2516
-3052
-3517
-797
-1110
7306
9931
-5846
1554
3576
437
5989
-1848
-9573
-5457
-6854
1375
7162
6619
753
-6268
643
7038
-3294
-4387
6147
1399
7519
-6805
-7935
6925
-3141
-4817
-4585
-9471
4918
1065
5006
866
-1689
1403
-9483
-1793
4837
4140
-1473
8023
-5775
8872
6806
-4852
451
8901
6559
4246
463
2464
-5684
4244
-6668
6822
-4233
8958
513
-8561
-1118
-10
7396
8356
-8632
5308
7441
-5087
6623
-3552
299
7126
-3123
1843
-8750
-1817
-1852
4470
329
-8557
-5636
-6348
-926
-4174
-9141
5644
-4311
728
5571
-8666
-4694
-3466
-2328
-2234
-3361
6431
3404
-6690
-8902
6536
9865
5854
5163
-4279
7579
-4057
-2705
-6176
-9769
-7682
7734
-9803
-7508
-2564
4111
-6409
8469
-5119
-4942
6213
-2761
2472
7465
3594
4157
3574
-9284
-5921
-5746
6796
-8808
-9516
5224
-6115
2715
4714
7195
7449
-4546
8855
-9276
551
9535
8140
7684
3697
3370
-9869
-9571
9145
8772
-430
-9687
7114
6292
5997
-6058
4329
1487
1768
-3262
-2198
1182
2217
9487
8959
1293
-7492
1667
-6581
6034
7952
-4674
-4395
1368
7871
-6183
-9992
-3032
7083
-2312
-6249
1331
-6717
2475
6702
6014
-699
7943
6467
-4277
-4419
-7013
9148
-5536
3980
-9166
-4310
-9674
-2236
-827
7970
2367
-1777
-9254
2861
-459
-3120
-5923
-6987
-6340
5441
-135
9728
-7245
731
-3822
-2247
-9188
-5484
-926
-5015
9541
-573
-6385
-6043
7794
799
2886
-9599
-1847
5989
630
2754
442
7576
619
145
8233
131
-59
-6676
-5127
9978
-1068
-9162
-6025
-5409
-397
2607
1056
-8256
1854
2526
-1648
733
6609
8554
8616
8647
-2818
4040
635
6020
6378
8975
2549
1903
3237
5287
-3479
-1891
-3803
8224
4373
9434
2110
-2977
-3244
4274
-9312
-7245
2464
-244
-2580
3302
129
-176
-2476
559
6231
-5048
4718
9028
2240
1989
501
1004
-8762
7929
-9667
9971
3528
4737
6545
-2090
-3421
-26
-1494
-4610
-5699
6937
6446
4555
2126
-5829
1474
837
-7700
-4385
-467
6711
-3823
-1433
3083
-1096
-6549
-8341
-6901
-7522
-4608
280
8614
9527
4219
9012
5116
4946
-4072
4416
-9619
5048
8967
3063
-4656
-1671
1920
5107
2228
416
-5212
2159
5584
7784
-6132
-5338
5481
8264
2545
3770
9376
-2487
2967
-7407
6005
-4615
-9386
7450
8572
5368
-5114
-3507
-4678
9360
9030
5617
-5028
-8126
553
-7401
-9676
9946
-9793
7043
3122
-3260
-453
4747
6171
9272
-9146
7159
-8856
-6415
-3201
8936
4285
1564
-4468
7414
-3996
-8628
1250
4658
5061
-9718
-5682
-4470
7365
8041
7710
-3093
537
-3528
-7922
9696
-8955
9520
1682
4184
629
-851
-3011
-4634
8790
9530
-6580
-9662
-1806
1253
-4717
-2259
9415
5521
-8735
8081
483
2826
-1934
8999
-514
9556
4817
3890
-3500
156
-9784
-9399
4510
9072
9798
-1518
235
-1046
907
-630
256
4263
8595
-127
8233
-8234
-1348
2946
-3526
-756
-9610
-9680
8808
4309
-2233
-5237
5149
741
7096
5266
-197
7564
7775
5955
2096
-2585
9385
-6434
3442
-301
4228
-665
-6824
-2083
-5082
-4566
-9131
2549
-8930
8249
-622
-2559
3285
-111
-6682
9262
-5056
1307
-9804
-3775
6821
2990
9410
4171
-6424
-8655
8113
-4453
8145
-8962
-3810
3277
-549
4611
-556
-896
731
-7998
-4853
9542
-3989
8312
4097
-1676
9810
-678
-5677
889
-1614
4987
2777
2220
1390
6762
7323
2654
-6602
1816
6196
-3218
7824
-4328
1378
-3749
6373
-1857
2118
-812
6501
8075
-3298
1771
-4649
3136
-2372
8425
-4350
6541
-861
891
9137
-978
-4066
-2519
-922
-9878
-3651
4871
5726
-9988
4524
-6523
-7076
-4817
-4174
5761
1045
1858
5571
-6372
9816
-2165
-9118
1610
1304
3095
1975
1891
3415
1200
1289
-5930
-2000
-3880
8120
-5986
417
-3854
2329
-4020
3636
2592
5167
707
-7704
4934
1698
-2653
-4543
1037
-3777
4798
2440
2052
-9428
-4634
-3520
8417
-5754
2247
2151
6854
7097
4017
-732
6430
-453
-659
-4493
8902
4709
3184
4779
5544
4783
-1138
-2519
-6013
-9049
3942
826
-1273
6510
-8132
-502
2972
-2289
-572
-5276
6850
1725
-9671
836
-14
5960
-3731
4385
-3452
1051
411
4241
-1846
-6411
-2440
-1544
-3047
6881
-3160
-2287
8904
-6699
-1331
-3913
9137
-8796
2298
9904
8757
6688
262
-4649
-8676
-2352
-1796
2180
-1478
-6583
-3792
-998
5613
-1204
1643
5038
-4638
-8676
-5017
8079
3127
-9030
1334
9781
-8517
-8321
4220
-3670
8370
1557
8382
9872
149
3314
4690
-9010
2966
-4526
7510
2171
-4703
1680
5372
-3675
-4963
-1215
2851
-4195
-2606
4270
-8927
1539
-6875
-8756
5084
-4502
7071
8633
-3016
-6264
9548
-6316
-7190
-6115
-610
-678
3884
8829
6930
-1543
8361
-2789
5610
-814
5208
3027
6522
3568
4133
-4012
5182
960
-6518
2505
-8760
6892
-8098
-4221
-5896
3735
5860
-8827
803
55
6596
-5717
-394
-8502
-5066
-1833
8052
4183
-2854
6201
-261
8547
4645
8635
-2907
3212
-9482
4486
4682
9477
4423
5973
-1309
9102
-8257
-5772
-1303
-7121
-8636
2868
380
-4655
-6003
3854
-7328
-7303
3446
-8623
-9727
-1246
-5107
9130
-6825
6357
7945
-1585
4324
-1400
7226
552
891
3025
-8389
154
-4837
-3963
-5692
-911
-2248
-1422
6716
4106
7163
-7307
-4532
3258
1311
2072
9103
7518
-7779
-2996
-9947
-1151
-5470
6687
6247
2563
-5893
-2887
5621
5964
-7597
-9767
266
-9139
-1389
4647
5393
5646
-5592
9462
8145
9754
8579
-9448
-7932
-1244
-6663
-99
-2203
3956
-6133
6826
3624
-1455
3872
-8046
5859
-5811
5773
-4780
-5622
2888
2679
-10000
2585
4929
-4144
-6041
3658
640
-1635
-3826
-9050
9113
5560
1006
-3048
-2402
-1903
-2020
2141
5093
-657
-2224
-1320
-7728
6965
324
2018
1823
-5633
-6677
3102
-5106
-981
-3509
8395
-7508
-3147
5208
7314
-3814
5851
-8945
-1569
2427
-6881
-500
6573
8190
1675
-9048
-2406
-4411
5294
2834
-454
-9646
8997
-3287
-1561
-5491
-4331
-4109
5621
-1868
8372
-4035
-3196
8288
-9305
-8304
-7698
-1585
2566
-6708
-1663
6291
8924
-7612
-8345
6967
4171
1461
-5728
1513
5516
-1084
-6511
9609
-3085
9363
1526
8460
4849
7360
-9549
-6099
6260
4699
-3672
-879
8937
9121
-8925
-8843
4514
-2151
1231
-4681
1010
4139
7881
-4419
-7916
6232
6260
8677
2892
9850
-6877
-4245
-9563
1112
2131
-2640
1402
-1274
1755
-8627
-2992
7799
4252
-9644
-7584
2816
-2414
-9313
51
811
-787
1880
-9082
4116
2713
-9788
-8980
4900
7416
-7315
-4269
2439
-7982
9674
5182
4332
8323
4237
7698
8281
179
9833
-5491
4520
-7421
317
-3664
-2654
-7102
-958
-4899
8502
4671
8333
-5925
-5099
9209
-7871
2550
6382
4690
-1260
-8476
-415
3043
1404
2723
1378
-6999
-3146
-6051
-1684
1469
-8813
5101
-9056
4161
2912
-6564
1241
9557
4880
7012
-6164
2090
-4440
4662
1953
-370
8486
8694
-5784
7110
-8593
9572
-4325
9786
-6604
-7242
8846
3465
1152
2080
-3083
9566
8225
-3594
-13
-8230
3568
6248
8570
4017
-737
-9364
3875
5425
-3170
5018
-2485
4156
3561
5968
2153
-9610
-3982
7382
8904
-4710
-6746
5852
1797
5704
-9089
8831
6663
-7111
5030
-7958
6069
-9005
1506
2969
-8008
9591
-4671
5753
-1873
6648
2306
-5876
5993
7622
-8963
5288
-5757
-6424
9904
8767
5053
-1527
1286
3705
7323
9001
2758
2365
9365
-6796
-8618
-529
-9253
-273
5449
7827
3593
-6194
8300
7663
-5597
-4605
-7351
6031
-3859
-1326
5910
6850
586
-8704
3518
994
-9105
4073
7529
-5423
-7454
8784
-5430
-9313
-7820
-3951
-1755
3719
9369
9586
1083
-8583
-9152
3577
-6029
9939
147
-1289
-9433
7368
-3379
2338
2856
2754
8530
-64
5967
-4348
-8240
-8641
5345
2600
-5328
-8447
7454
3688
-6599
9973
-1689
1528
9633
-3231
6409
-2576
-5040
-8869
7530
-2233
-8940
-9737
4975
4794
-5285
1371
5032
1773
7632
-7858
2200
7496
2389
-9170
9092
7651
185
5473
7608
-3940
-8490
-7260
2096
6917
5641
2943
2634
-8933
9615
-4935
-2778
-3024
-6439
-2233
2294
2474
-6996
4672
8648
-7195
-4392
8749
7309
6195
5586
3324
1061
-4412
431
-1549
681
9248
-7968
-6239
-9963
2449
2085
-8080
112
-3362
9519
3895
5625
-2702
3607
-5652
6704
5852
-9036
-9993
3262
-9393
-196
-9887
8961
-4887
507
-7477
2488
-4720
1897
9051
-3032
3448
4939
1617
9193
2050
8520
5561
3472
-1345
-6042
3929
3897
-6798
3808
-8119
240
-6445
-2777
-2686
541
-5457
6963
2991
-470
-659
-4893
5408
1137
588
-1608
-2274
39
3111
-3797
-6791
-1344
-485
-5402
4380
-6307
4799
-1882
-6846
-839
9778
683
-7262
907
8435
3225
3622
9816
2441
3086
8570
9177
6307
2816
-8481
-699
-8038
-9486
-5473
9851
5202
-8205
9882
-306
-9665
-972
9407
-3476
5189
6852
4983
7565
-4617
-7222
-132
2517
-1503
3773
6791
5638
6658
1475
-1114
4997
8208
5125
4748
-1626
-769
3499
-9342
5655
8381
-7943
-3045
-9177
2868
5029
4966
4337
6131
-3788
5308
9545
-6202
817
-135
3489
9665
873
7208
-8840
-4068
8293
3447
9216
4440
-7003
-8886
-7094
7648
5046
-2421
-7568
-6134
-5008
4799
5855
-9891
-8722
6355
-4864
-6963
-4470
-6123
8993
1377
-2092
9791
2660
1270
9039
-3569
-2685
5116
-3831
-3054
-65
7614
6901
8254
-540
-2049
3303
9823
-9222
-7232
-6421
617
2283
-1890
-1598
-9652
-4052
-8648
8218
6278
9097
1838
-3896
-8430
7826
9605
7429
2014
1340
-2137
4515
-1062
3509
-8665
1066
-1812
4008
7810
6707
2657
-2391
-9503
1887
8958
5469
-6885
-7147
5044
-279
-8777
9464
-8814
1270
6159
-1311
1076
-3170
-271
9917
2938
1078
-2817
7877
2035
4183
-5610
2838
-1032
7786
-3669
9389
2645
-2384
8593
-8319
8450
1291
-72
4444
-976
-6099
1135
9943
-8130
-3845
2698
5042
-9909
-8867
-66
-3539
2982
-5819
3561
-3707
-2526
5241
4816
-1970
549
-8321
-8160
-6967
-5313
4
9173
1475
4568
936
-8295
-2262
-4862
-1142
7044
-7219
-6226
9484
-5695
-7825
-2342
290
-2958
9703
232
2141
6346
-1481
-9174
3758
376
5830
-7623
2713
-925
3356
7620
7864
-3471
6906
2149
6856
162
628
7376
1652
7769
9228
5542
1085
3898
-5620
7014
-2845
1774
3808
-7358
-9966
-6364
7949
2639
7947
7155
-174
7766
-2802
7770
-614
-185
5537
-3800
3546
8654
-3584
-4809
-531
-1282
5057
-462
2186
6121
1314
-5800
-4226
-9967
-8974
9433
300
-7559
-1480
-8195
4126
-907
2436
-7324
9414
5536
-8496
9832
1013
-7603
-5037
126
-5193
6101
6690
-4036
6122
7470
-797
-6860
1145
-228
6991
-5826
-2567
-4511
-2813
1589
-5633
4017
4260
-7433
-4709
7457
-3732
8080
-7146
-4259
4085
-336
-8765
2584
4609
-1672
-7835
4702
484
9685
9533
-9050
-5969
227
6734
8099
4889
5042
-816
-9766
-1141
-570
9932
8621
-9431
-4776
-3590
-7242
-1160
-7878
-235
6159
6768
-5960
-3464
8174
9152
442
7768
1647
-967
-2074
-4291
4937
-5768
8578
6813
-830
-6221
-3241
8695
-8514
-5410
3537
-215
-7309
6746
7267
-2705
-1000
2076
2343
-3911
3964
-8938
4163
199
3090
1732
-9049
3011
1450
-2188
7219
-4133
-1285
2291
-2538
9338
-2819
4848
-8879
-1949
-653
-9104
5433
-5527
6629
-7891
-1605
2669
-6516
-7445
9946
-6796
-1978
1977
-1771
-9756
-1335
-4800
1572
-6852
5108
-2036
-64
2861
4001
4147
-5342
-5927
1911
-8378
-6301
-5209
4060
-5196
-1853
-9281
-3864
-490
198
456
-7852
-4838
7256
-613
-9039
4847
5233
-3612
1398
8649
-9964
-3083
2705
-2702
5649
3207
-4194
-8114
2635
-7986
3445
-8919
1459
7735
-2978
4351
7731
-7615
608
-3609
-4537
2005
9654
1277
9829
2723
-829
-1974
5629
9178
5501
-8013
-2084
7748
-3420
4219
-1685
-8164
-5514
7286
-4428
-1875
8315
1451
4612
1864
-3333
-2780
-3508
-1887
5712
3445
6113
6887
-5738
-569
7492
-5410
670
9408
-292
-2917
162
-4207
7551
9851
-8397
156
-4176
-4832
1614
4287
-7294
-4439
2797
3905
506
6093
-5543
-8072
-3758
5172
-9667
-11
1466
-2126
-7146
6861
6393
2721
-7193
-1180
-8238
-3302
2538
4760
5186
-7633
-2112
-5785
-155
680
9609
3135
8056
5784
-1426
-9888
-9063
-8005
6555
-273
2442
-5426
4171
-5894
-5707
-6805
9820
-5533
-3670
-7872
5122
-1173
1155
-4501
-73
-9124
-2072
-9836
2256
-8366
-210
-7225
-7381
3431
-5413
-660
4612
-6309
-6747
-9179
-5210
9181
9176
-5853
-4066
-5896
-906
3429
-2036
1596
-3624
-8049
-9037
-9529
9171
3939
-2320
-9808
-3210
-962
5095
9040
848
4337
1976
-9234
6638
8891
1393
102
5698
5119
2365
1461
-7681
1127
-9574
2979
-9247
9461
-4024
-2803
4041
-7934
-3715
-6227
-1818
341
-9130
4873
-2801
-543
2184
-3658
-2099
7419
-2507
-5050
9494
-2633
-5927
-8491
-4140
-4994
-1148
-5461
8132
4462
-1886
-5937
-5414
-7762
8758
-279
-8351
-7220
5318
-4942
8480
4886
-7345
8699
2072
1873
8280
-9290
-4725
1241
-7611
-5468
5335
3093
9890
6428
-2305
-6378
-3713
-3531
-9142
-7828
6171
7920
420
-9115
-7335
5285
-2685
-4765
-2128
3497
1893
985
-6434
7033
-3307
-2942
-5156
-6331
1548
-7843
-9588
5628
-4492
1673
-7410
-5777
-2809
2649
9139
-5275
-5066
5589
7529
-4037
-2875
-5491
8885
3637
4916
-2279
-1
838
1305
-8590
8423
-8808
-8183
6119
7637
-7016
8309
-9059
9422
-8383
6481
6727
4771
-8189
8496
9725
7139
-9008
-3797
-6756
-6704
-7517
-5184
-1414
-17
6029
4055
-9308
4409
477
-6688
-2090
7023
-9205
9400
8246
-1526
-8702
7627
7437
-6608
4456
1043
-3421
9123
6027
-8738
-1258
-4365
-2455
-2386
2583
-9644
7996
3865
-8479
-8950
-4512
4561
-7594
-4832
-7710
3134
-7944
1369
-8536
-1689
2721
-8579
-2313
-4656
-2880
53
4964
7902
8721
8402
-9093
7637
1911
7048
2597
8642
-8680
9624
-7238
-5707
5781
-2582
-3837
-3611
-2268
-5127
-6710
9016
-8531
-6839
6976
-7206
-7683
-4140
7851
3914
-2262
-4927
5674
-1707
5764
7958
1703
2362
6612
7012
-2632
-7284
7444
6785
-9199
4790
-917
2644
-2103
-3240
3939
-3896
-5145
3472
8904
-4061
5706
-8268
-9985
-4239
-1838
8348
8800
7417
-7346
8156
114
6161
-5501
495
2242
-4595
-715
8367
1695
6387
-6859
-4351
2165
4810
1640
942
-8475
-6415
-9617
6731
-7619
-628
9752
7962
-1959
2296
-8127
-3703
8309
7584
-2812
3929
2829
-5432
-6365
-9735
7124
-5369
7857
-1488
-9554
-6990
-7621
-5030
5546
-5134
7377
-7030
-3489
4151
1397
8781
5345
-6393
-6113
5679
4704
6191
4714
-6985
-7522
-5798
-2753
-6355
2027
575
2844
7068
-9857
1972
2208
-8557
2003
3905
-1515
5253
7452
-7536
-8037
16
3300
-7040
2061
-7205
-4025
-2472
722
9656
2728
2584
2659
8681
1742
5388
-3756
7198
-3458
1562
544
-6467
6902
-7142
-7083
1019
2370
-347
6617
-4154
-1025
-762
-1352
8453
-182
-1554
4171
-3785
-9692
5444
-9721
-4616
1733
4696
8127
2370
-4839
3992
-8554
-1616
-997
5308
-4667
-1026
-9395
-4644
-6107
9388
8081
-9118
-2758
1313
-6073
4058
-7267
7341
-1244
1638
-3100
5926
-3733
-4339
5775
3604
3979
-8237
-1646
-4312
7476
2084
-9382
3271
5110
9066
9022
196
8409
6655
-6044
-9205
-3277
6524
-9972
-5285
-3959
-3217
1757
2539
6501
6923
5002
-5267
560
8441
8417
-9521
8845
-1395
-9552
-9666
7378
-9868
-3436
-1531
-9437
-632
-5281
3700
-2099
-3002
4677
-324
4412
1911
-8188
-4010
-7367
-7894
-5491
7427
5475
-7293
7443
2862
-5272
9612
-4433
2030
577
-2423
4013
744
-3448
7434
7063
-495
5014
8858
-3203
-9008
-5411
-747
9949
3490
1087
-8074
2100
-8521
-8982
5421
-2719
2490
7792
2576
-7406
2543
-4185
-5623
9806
-3084
-6183
-1491
-482
-7446
-4663
-6516
952
-8211
4611
8324
-6806
-226
-7906
-4880
2624
-5566
-5486
-1410
8882
6787
-368
-8258
-116
9492
-3198
-9993
1147
-8750
-1921
-3341
2321
-8154
-2997
-6149
8822
6951
-1655
7869
-2165
8861
-3842
1161
-7556
-9888
772
-3972
-767
351
8455
5587
7504
-7332
2847
-9023
4323
7476
3723
5339
-7230
861
-2554
-8399
-2003
-6680
6249
-5609
-311
-7259
2109
-7006
-1596
7014
-7429
3982
197
2844
-8254
-8517
-7275
-7235
-3149
-7495
-4732
7784
7660
-1864
1466
8639
4736
-9118
-3045
-6542
-9360
7108
-6922
-6115
-1144
3015
8682
-3001
-968
-3843
3798
7051
-5587
9655
-4933
-9740
6540
-2348
8687
1410
-7830
-9261
3681
3657
2315
9097
8485
-2088
9653
7470
-8741
4119
-112
-6030
-1824
-8919
8380
-979
4528
7089
-9329
1748
-4299
-5679
-8086
7432
-9679
8078
-7754
7976
-9467
3983
9760
-2778
6428
4613
1391
9271
-169
7012
94
-3804
-3691
3054
1242
1502
-738
3729
4601
-5042
8908
-8729
-9035
4683
4535
-3172
356
1860
8539
-3955
9461
9437
-887
2411
-919
-4778
-537
8158
940
-9209
4388
3014
8303
-6392
-3428
-4451
-3293
-8372
4004
-3815
-3053
-6802
2195
3373
-2146
4772
-3506
-3921
3120
3248
7534
1716
-5059
726
3055
-5544
5529
5799
-4936
2106
87
1531
-2078
-1309
-3589
2078
-7642
1383
2814
5921
-1080
-7228
-2594
433
1338
-1241
-5153
-3067
-370
6959
6338
-4848
4764
7337
2433
5367
-116
-6534
-2748
797
6241
7675
-29
-4647
5475
-4386
9048
-1079
8390
-4433
-769
0
4444
7478
6766
-5381
-1100
-9159
-8085
5969
-275
-2369
-561
-4696
5723
3535
3637
1221
9748
-42
4446
6491
3224
6503
3748
1605
2587
1724
-2663
-946
1041
6811
4763
77
6356
7349
-4938
4431
5205
-4888
-3657
-1044
-8451
227
-3767
732
-2018
-8342
9230
1154
-5605
8623
-6
3366
5712
2816
1103
-2399
-2592
8833
-7407
1809
-5159
8238
-1082
-2195
-7578
7618
-5716
-7886
-8367
-4394
4662
-4965
5330
-3839
260
-6385
9337
7389
-2689
3060
-5708
-5654
3406
-7102
-3619
-1428
2999
-8813
6211
-688
7765
7510
4820
3948
1683
-1918
-156
-3100
5410
-7640
668
-6520
6429
5377
6850
-5894
-5802
-6778
-4736
302
-3620
-33
-3596
-8117
4460
-3181
2868
5518
-9999
862
635
-9171
-2374
-5183
-2700
-4871
-1130
-7534
-6526
4924
8526
5524
-2902
-9406
-5505
8930
1791
-3051
8114
8453
6695
3744
-4262
-2266
110
9141
8138
-3908
-2649
-6006
8944
2470
-9798
-6211
4946
5813
9231
-7047
259
3777
7542
-6831
3618
-9348
2320
-2776
-9232
-29
6429
-237
844
9296
-3709
6199
-404
-7155
-6217
4940
-4262
6019
972
-5117
5193
-6672
5621
1540
-7278
-9897
-4968
1839
-9393
9009
3538
-2908
5523
-5534
737
-3585
5765
7911
-4591
9467
7511
2538
3270
-1609
-2329
-4104
2211
-8683
3633
-7062
-1450
5599
2990
-8033
-8032
4101
-3154
-5109
-9788
-6719
-1138
-8440
2570
2076
7541
-1589
81
5289
-9999
-7438
-4273
-6385
7465
-2791
-7034
7268
3006
-1045
1158
9492
-3677
1526
-5384
9345
3414
2743
-4658
1956
1178
-2411
-6555
850
-1646
9993
8468
283
4732
-5509
-6988
3947
8232
-8472
6987
5459
116
5215
7766
-1438
-6299
3083
-1005
-7988
900
-7254
8681
-9011
-7822
6877
1172
3367
490
8184
7056
-8826
-78
-5639
-3838
-4443
-3172
789
-3714
4842
-7169
1422
-1320
7212
6733
9953
1834
-6603
1873
7835
9119
-1310
8392
-180
4634
9863
8569
-1645
4230
-1905
2033
4953
-5670
3521
-7777
-6469
-3640
-7105
5289
-6786
-1629
-4728
-5399
-7161
-9781
-8547
-7288
-830
-9129
-8287
8150
-6240
9565
-3047
7459
-8930
-6016
-7053
-6468
-4672
4887
-8989
7685
8988
7926
5223
5935
-8173
3611
-2036
-9897
-6726
1112
9419
3547
2935
6104
-4789
5113
7560
-1649
682
6
-5828
9634
1270
-2200
1733
-8784
-9739
-1231
1893
7900
-9660
-1512
8549
2296
3005
8790
4101
6191
-8111
9657
8301
655
-8267
-88
-3774
-4398
3130
-396
9141
9512
-6540
4567
-3851
-5342
6172
-9619
7237
8637
3473
-6901
-25
-8920
1209
-9408
3992
-9964
4741
4486
5525
-9800
5266
5893
-1221
-2978
-2964
5989
-6067
2286
1549
-979
8430
1940
-5181
-3811
-9074
-5744
-7056
5476
7201
5114
-3285
6303
-5013
-7024
-8061
2639
7928
3998
-6524
-6602
3336
-5335
7442
5357
3527
-9768
-5198
-859
6139
7007
1544
5112
1398
-7159
6299
-3253
6220
-4223
8021
4963
-5442
5117
-4921
6592
-875
8424
7657
-8966
-4854
1579
2686
663
-5631
-1033
-4970
-7417
-9897
6833
-787
7484
-2224
8026
-5231
1769
-1133
-4262
-3776
1525
-4878
-9463
6000
-3108
-6368
826
1801
-8093
4679
-9468
1933
7478
-1422
1933
7575
2559
-8283
-6026
-671
-5915
8589
3933
-2145
-7937
-9615
-8941
3785
9683
-3961
-741
9367
3344
5284
-293
-6588
-7580
5099
899
2997
-3397
-5017
-8521
3027
725
-3084
5498
3027
258
4471
3865
3799
-1668
3309
3633
-2738
-2655
-2431
5406
1430
1548
823
-4639
3362
7695
-6394
-5236
-2890
-6609
-1981
2317
7567
2908
-7336
438
-3584
9804
979
4549
4759
-973
-2470
-3179
-8482
-1088
7933
1311
6973
791
1636
2830
-4388
-378
-761
4222
-8186
-6585
-4195
-9584
6250
-6095
-5589
-5715
-8997
-6693
-3522
-6732
-1737
-434
4436
1474
-4507
-3290
9909
6653
6199
4741
7551
7965
431
8980
415
6168
-7682
-9801
-389
-6008
-7480
9771
-9333
-742
7811
-1922
2537
7094
-355
3915
9918
1094
-9411
7697
-4837
-1787
6914
-465
4041
-2234
-4087
639
-1256
2750
-9110
108
660
-4849
3937
4081
1014
4498
-6678
8271
-2825
-8257
4901
6378
6367
7516
2746
-8383
283
-9472
5622
5000
-9172
-3069
-6061
7076
-996
-4476
-459
-1406
-7028
-4074
369
212
3401
7496
8616
-4279
-4770
-8784
8369
-7352
-734
-4013
-4107
5321
3889
4691
-6092
7600
-6823
-9803
-2747
-7450
-1109
2798
-2406
4534
273
7371
-7710
-4127
-5697
249
1864
-3169
-7646
8023
-6952
-2445
3765
-1258
8482
-5623
-7598
-6167
1751
7630
5125
2543
-6960
4652
-9956
1627
1679
3073
-1061
-100
93
-4741
-3091
9230
-7950
9106
7764
7228
-3502
-6430
1441
-1425
9941
3811
-9857
-3720
-5377
8390
-2230
-8778
-402
8463
6269
-1083
1459
5450
1385
-9117
7031
-9877
9441
5472
-9602
-6842
-4590
-6399
-4247
743
3793
-2639
-3499
-3440
-3668
-9435
-6495
-8595
-3550
2634
5486
1492
9358
4942
8255
-4258
-5506
9607
6431
2717
-2653
-828
6657
5018
4129
-9906
-8957
-4660
-890
1178
-7060
8790
-4808
6062
-9452
-8867
6022
3597
7747
-9692
-8512
4161
6417
-4569
-4285
-7260
3533
-7087
-9364
-6421
2649
378
8590
8784
-7662
-5600
-9089
3514
6382
192
9644
8619
-1506
-7439
-9811
5446
-5197
-674
-9804
-9510
5597
-1826
8606
-5072
1390
-2606
-7060
-3955
1853
-9606
-4629
-7868
-2394
-9644
2767
2460
7502
9202
7839
2648
8453
2038
3145
-1911
-8476
-3827
-7530
-3603
-842
-8762
7576
-2559
6131
-850
-6624
2539
-9913
-5911
-5875
-8291
-9902
-3378
-3202
3846
-696
8351
3977
-5
-3272
5060
-9468
3581
-6678
-1597
-7840
-4345
9890
-4642
-811
-1865
-4479
-8182
3704
-2122
-2646
8583
-8246
-9242
-1022
2432
8138
3527
7313
-9375
-2133
9829
-6459
-5552
9600
-9982
789
5066
-1453
-2628
-6717
1275
-5131
506
-1829
7544
9615
1016
-6120
-9443
-7592
3213
6118
9342
8223
-8555
-2622
-1588
7688
4544
-5475
-4057
3572
-5258
3263
-1766
-4360
-2747
-1207
8568
4144
-6360
-7757
-8208
-6196
-7786
-3437
3375
2568
9413
-6625
-7853
9402
-9063
-6518
-568
2533
-3188
-8854
-8511
-7862
-4389
5467
7028
2334
1771
-2372
-5966
-7850
3063
8566
-4991
-1890
663
-1283
-8360
9162
-7666
-177
-2153
8260
4176
4666
2625
-9468
9742
8282
-1609
-9122
4768
5152
-6350
3252
141
1774
2396
-3668
8794
6782
4427
1629
-3923
-5725
6523
5283
412
-8793
7047
-2158
-6761
2419
-6172
-250
2607
-1875
9306
-3271
-1918
604
3360
-8658
932
3239
-5997
4747
7818
-9029
-7854
6020
4022
2699
-4359
-8719
-2021
-558
-7143
-4639
3884
-2476
3952
-3736
1285
-9918
5194
7860
-363
1692
-5549
-9219
-9049
6161
151
4475
9963
-6686
4377
-8878
1798
-251
-2356
-56
-2701
7494
-2415
6359
6420
-1849
462
-2115
8537
-2681
1319
-7440
-9269
-4063
-2244
8528
-6058
-8277
-8353
-8235
5393
7071
-1424
-1753
3691
6423
-489
429
3924
4625
7325
-8547
5477
-1262
-6009
-4527
7949
8007
9455
-7493
-7495
7750
-4511
-4753
-578
-2637
-1008
-4609
6086
2559
1458
3172
5173
-7542
6431
-8201
5848
-8247
-799
-160
5321
-221
-7912
-1050
6144
-4907
6253
-2875
2393
8566
145
-98
3486
1396
6449
5736
2386
6621
-7272
1156
-5702
5562
-8319
-6834
-4889
-4427
-6857
3439
772
1980
1388
4208
-5000
3902
-3310
2089
-3623
-3086
89
-41
-8146
6935
7430
556
-6402
1909
5964
5695
1786
450
-2775
-4859
9700
3105
-8672
-520
-7301
8869
-6034
4851
6020
-3564
-2805
3904
-9929
2598
5311
-9432
8898
3661
9535
-6710
-610
3438
1123
-3929
-148
2733
-8731
825
-8853
8711
-4489
5956
5402
-552
-1727
-859
2212
-9826
-7113
-2329
7181
-9035
-3085
-3532
439
-1152
-7820
-9240
9617
-6423
-8942
9601
6781
-4608
6844
9299
-5891
-9152
-6544
-7815
-4071
-3281
-1833
9414
8687
-6268
-6534
-6215
9623
3170
7845
-5618
242
-7229
1591
-3279
4303
-4752
8259
3053
-9191
1932
-1338
-9981
225
9873
261
-7594
-8509
1010
-3294
-1341
-4329
-673
-7046
-3826
-1993
-4729
6911
-3848
-7160
7096
-8851
-51
-3961
9378
-1749
-2151
-7535
-4615
9345
9851
7438
-7527
-5488
-1903
7803
3908
-111
2803
979
-1593
1390
-4100
7898
4923
6775
-2686
-5978
-7962
6563
8519
-9142
-2782
3012
-600
-3968
4342
8036
-7150
5330
9696
3745
3221
69
-3500
4195
-3407
8546
2590
-1226
-3795
-3774
2883
-87
4646
-6410
-1402
129
7876
-6448
-4090
4538
-8631
4594
-3708
-5124
8034
977
1539
-2026
-7648
-1147
328
-2151
-5728
9968
8801
-5197
-154
-6744
-8094
9319
-7031
6787
5226
-7354
-8121
9950
7940
-4468
-8135
1226
8265
-2951
9538
2163
9507
2218
5825
-3538
-3667
-5293
-6267
6687
-2090
-7780
288
9989
9444
-2347
84
-1310
-6731
-2185
-9397
9578
-2400
2137
4995
-4441
-8486
332
-187
2278
-2923
-109
1302
1251
-5949
-7454
-5689
-6900
6136
9169
1223
-3308
-9971
-899
8057
-7082
2305
-771
-7136
-956
3450
1308
4150
-6549
3465
119
6108
-6235
-2612
-9228
620
-8838
8812
-9635
6698
8627
1351
3000
1465
8990
9736
-2204
-2838
9175
5138
1394
622
3033
-9476
-4995
-8979
5377
3638
-4088
9104
-8710
-2007
7379
-9800
-597
9757
3161
-1455
8601
-2764
-2550
9729
9466
-8077
5727
3515
-2088
481
5503
6128
4093
-2648
3981
7269
8769
8569
4204
-2113
-6962
-692
-1584
8539
3340
-1212
-2750
-1894
-5426
-3567
9936
-9991
1751
-145
302
-5601
-6070
-2388
1101
144
8718
-2585
3446
4831
794
-6028
-9820
4352
3874
-1476
-8933
-2053
6334
7457
-6200
-9924
4531
-1953
-2505
7687
4225
-2739
-6357
1896
-7191
-5213
414
-3607
8024
3734
597
-5923
8692
-4321
-4162
-9734
-4223
-3399
-4055
8420
-1007
4873
8832
-9597
-7034
-5480
5220
-9290
4805
3260
-7834
-31
-8391
-6603
-4865
2370
5185
9043
-5203
4930
5239
5652
-8022
263
-1890
-7029
-7638
9989
4071
-548
9201
5588
-5696
7972
8462
-3331
1114
1782
856
2287
-8459
-2528
-9084
7118
8138
2924
-576
7787
-1739
3458
1071
-5138
-4579
1867
6850
-2321
3361
2704
2479
7013
-5152
1377
-5776
-8554
9893
6961
4666
1581
9934
6879
-7848
-5975
1463
-2736
-5372
2546
6760
-2665
3170
-8826
-5833
-5418
5337
8946
7003
-4002
-7601
-5604
-4273
3091
-8320
1405
-9345
-6805
8442
-7380
-941
-2283
2903
8533
-9995
7254
5400
2985
-3585
-9842
1339
3919
7846
-8359
-167
-7784
5853
9554
-3457
-592
2824
9746
5510
9712
3326
-5194
-4143
-9839
-2631
4158
-1245
8059
-6178
-1518
3802
2939
8131
-5569
-7988
8755
-4094
-2945
8348
-7349
1433
-8297
-2727
8933
6362
-294
-7308
-9362
5782
-534
123
-6671
8705
7294
-4009
-5403
1282
-8865
6750
-2745
-4742
-2291
-9674
9602
9262
6463
-6105
-2038
-1070
5160
1916
-2647
9140
-1164
9494
8977
1155
7281
4492
-4368
-2054
1707
9666
8769
-2292
-10000
-7291
-4802
-8499
-4142
609
6547
-5861
522
8703
-7121
-760
9434
3871
-6988
-2843
3915
-5779
-9875
-6612
-8363
4355
6143
-5654
-5603
7195
4632
-8601
-4808
4623
-6172
1427
8590
4687
6687
5839
-2278
3198
-6811
7350
-6130
-2358
5348
-8154
-4749
4838
-301
-2610
6030
358
4924
-875
1437
5558
5812
5284
8769
6230
9164
3474
-6346
-362
3520
-3413
7998
8938
-3092
-7044
9116
-3957
-3457
-4451
-773
7530
3047
2203
1327
-6831
9996
-2847
4339
-2696
5113
4482
4977
6817
-876
-6362
6273
-7215
-5265
3599
-8663
4939
8151
-2873
2210
-9782
-1366
-249
-4517
4762
3526
7430
-1417
-8300
-1988
828
2897
725
3715
-1262
-2720
4825
-1368
-3223
7061
5849
7843
-3421
-6079
607
-7418
-2639
2996
9057
-562
-4710
3584
1506
8828
2309
-3972
-8543
1053
5348
9860
2139
-6011
1213
-3842
1092
7099
-1867
4791
-2723
2350
-4325
-8628
-7566
-9211
-5521
485
-76
-45
5837
347
-8722
4457
8378
8090
9958
6374
-3318
-7198
-2382
8266
8363
-9913
915
4872
6417
-295
5523
-4167
5119
-1762
-6313
4845
-5713
-2374
1569
6365
-4002
7665
-2012
-2180
7543
6531
5508
-1556
4058
-42
-9718
4428
-8663
-1326
-9790
-7889
-5233
6245
-2063
5224
-3635
-4153
-2570
-8671
-7165
-2761
-8293
-7028
7543
-412
-6472
7600
-4668
-7575
-3132
-4923
4706
-272
8345
-5382
9582
8727
3587
1235
-2313
6255
7589
-4591
2276
-736
-2999
-5270
1317
-4501
353
1303
-8780
7688
-418
-1268
264
366
6316
-4958
1558
817
-4024
1264
1347
-8731
319
3801
-7733
2048
3653
-5250
391
-7682
8463
-4428
3807
6654
-4403
3536
1708
-2326
6247
6591
8168
6676
1171
9811
2517
-6021
4080
-1481
9190
-1491
899
3907
3790
9126
-4885
-1781
7523
3479
1379
-2511
3983
6562
-8493
4860
-9901
3682
-8877
-4704
-2313
8903
894
2940
-1934
3198
8175
5955
-9805
-8496
-5734
-6766
-2678
-31
-4791
3393
-3370
-7624
-7215
3349
3564
2623
-8751
4241
-736
5056
5575
-7764
9812
5071
847
7582
-5926
-4633
7864
-5420
-9113
5772
7045
-6397
-1834
-8272
-6563
2841
6197
-1999
2223
1678
-7920
3743
933
-2406
6489
4603
6916
7297
-8559
8155
3006
-5943
7286
-2037
-780
-8500
-4856
-1395
2187
6537
-2279
-8767
-3127
-4716
9713
7199
-5332
-8690
603
-6175
552
2991
176
-8770
-5509
-1889
-1730
-2575
7727
6437
-2796
2840
7307
-6473
-3987
-1095
-5642
3536
-5290
-1474
-6359
1183
-5026
-1311
5616
-8004
313
-5213
7133
-1739
-111
-7083
-6616
-7993
6953
2426
8871
-1751
-4753
-8508
5446
-4511
-226
-8453
292
9114
7885
-4932
9162
-7187
6968
-7298
-5785
4604
3368
-6288
813
-5186
1346
5405
4546
-7852
-7223
-494
4132
-5030
-1104
-4810
2653
-7238
-6016
-6888
-9026
3514
5730
1767
1691
-2859
7339
-5222
-2045
583
-5471
4720
2490
2722
-51
3089
-3116
-1474
-9153
-108
2288
-9459
9880
-4806
5935
1933
2649
1015
-10000
-1578
-2362
-2287
-630
-13
-202
-1632
1061
-5843
6681
7670
6005
-2973
8038
5304
4884
-9226
-9568
3594
2458
-6303
-6747
-3126
5020
38
-9933
5170
-706
2755
3703
-9824
2614
-1245
-1133
9619
415
-7152
-7765
-3188
278
8199
-8275
3476
-8267
-9852
-9733
4252
-2518
-9348
-3562
-6114
499
-4790
9960
-9565
3096
1505
6285
4894
5316
4352
9535
-6794
3169
-1373
6781
-7518
9232
-6058
-8392
6380
2914
9700
6842
2071
-6314
6702
-2669
-6755
1072
1720
1185
5969
-9647
189
-1253
-5756
8537
2242
7130
5443
-9130
1576
4293
509
-4281
-2437
5015
9922
-2959
-7960
6383
3238
8669
7659
8564
-6907
-1555
1446
4259
-4031
5945
1389
-8170
3431
843
6046
-6925
-4400
3443
-2993
3278
8259
3815
5824
4412
-1576
3802
7503
-2507
-1417
-1673
4202
-795
4574
9275
9214
-5169
1409
7629
2062
-3138
7212
2491
2560
-3254
-6300
-5806
-9390
1315
1228
665
-7574
-6690
-6844
1899
5387
-1511
1419
-1777
-1662
-7381
-4827
-106
-9056
-9875
-2025
2288
-2941
-2624
-8785
6091
-8403
9722
6561
-215
-8107
-7856
8972
-4260
-7620
-6975
4060
-3071
-3368
5340
8552
-8137
-115
9839
-6437
7258
-1286
9614
-6096
2816
2575
6844
-6346
688
4860
-1063
3283
9082
1028
8712
4741
-8138
-464
1756
8451
-131
-7136
-2145
3523
9150
-9603
3454
9301
5726
8330
-7501
715
-7249
-7975
1520
5340
2507
9338
2278
-6210
4142
5101
4432
-3759
5070
-648
5055
-2757
-9896
-6795
-6846
-3570
-5689
-2717
2449
8581
8611
-5571
9943
-1235
-7180
9383
4377
4577
1346
388
-8697
1997
-5493
-1051
-6402
1076
672
3996
9656
-755
-4100
-4306
1201
3304
3297
-8985
9014
-9137
-2703
4520
-5428
-185
-7066
-3589
-358
5654
9006
-6521
4789
-6882
-1913
-7265
8134
-3833
-1613
3604
-5991
9787
7960
5163
-3227
-2261
3415
-2966
947
6767
7462
5963
4077
-4917
5612
-6317
-3964
6957
-7751
1372
-2626
-302
8800
8910
90
-5496
-3086
-9811
545
-6322
1847
1548
2475
-5704
-9269
-3265
-7253
-2097
7891
-5682
-4968
9589
-5701
101
7865
8934
8238
3560
4749
-5478
-8719
7332
-7116
3847
-8836
7073
8157
-1661
-4714
-8204
-3060
1639
1164
-4720
647
-7185
4941
-7236
5374
-6755
-3291
-6624
-7146
-9250
7508
-583
-3120
1412
-5333
-4020
1914
1139
2114
-6665
2545
7191
-6375
8963
9201
530
-5111
1174
-2436
3060
1829
-6364
4099
-6014
-9261
5222
-1261
-6471
-9759
-2269
-5058
8877
-7675
3818
-9339
4490
-2282
-4414
-6240
-325
7328
9113
8554
3464
-9016
-9160
-4565
-4646
6461
-9992
-2525
9114
8247
-5971
-1008
6136
8719
8544
-2787
-9560
-263
9051
9927
-9850
3874
8766
6380
-742
-8829
9998
306
9174
-2529
-8275
4882
-4323
479
5605
-7521
-8866
4231
445
8151
-7267
8213
-626
9413
-3597
4821
-5233
-5841
44
676
1261
3075
3566
-4097
-8809
-9863
7033
3655
2741
4069
426
-6509
-3464
8029
-2599
-1166
7116
-7551
-1341
-6340
2699
-597
-7326
8211
9899
-8108
7255
-6885
-2441
-3393
-8822
5395
8636
9319
7017
-6128
-359
4897
3596
-3595
-2630
-6899
-6663
5264
574
-1825
7234
3987
-2605
-8636
1324
7022
7780
3315
7979
-154
-3191
-1167
2889
-1836
-4100
-9023
-2202
9308
5804
8806
-1158
8424
6954
534
9333
-9887
-1855
-6978
-8537
6026
-1533
-7700
-5381
-5863
9470
3773
-7394
-7822
-8083
2275
4670
-2783
1770
-7215
3821
-2956
-510
-8057
2789
-3597
5249
-363
197
-1379
5388
6062
2522
2816
5422
7979
1177
8308
-1942
4184
-6680
7797
9583
7231
-2980
3772
-2134
8079
-5283
7065
-9036
4072
-1338
-818
-9972
8838
9385
2090
-7616
2184
1135
-2559
-1243
-5092
4861
2405
-5114
3305
690
1316
-584
-3624
-8211
8477
9516
9279
7595
-5089
-6690
5131
3598
-6367
2251
8458
5977
2200
-2945
-6701
-8777
9688
-3892
-2926
2908
-5783
-8393
8596
-9853
-2651
684
6155
6423
-8436
-943
-1090
-1650
3077
9208
8049
-9650
7633
-8306
-692
-813
-3699
-9455
4522
-4919
36
9663
-8255
-812
8014
-6711
-9016
2095
8522
-8250
-982
-3855
-1485
-5020
-6618
3819
1313
2969
7424
-5778
6783
3960
776
3530
7493
6495
-5563
3826
-1838
-6516
7293
2331
-3737
-1008
6404
-414
-8318
1692
-9314
-7027
-6314
-1096
-3598
1354
4612
7890
-9906
6323
1208
-7852
-4815
3251
1570
-5234
-8647
323
2350
-3022
7274
5837
7491
959
-9097
-6222
9685
2261
-6128
-7225
2504
-2488
1384
-3015
8130
8559
-479
1329
-8566
9243
-1034
6227
-8349
4229
-2651
288
-9633
3232
-1384
-4868
-126
3758
2799
-5654
1109
-4369
7371
-7757
6882
-2541
-2375
-4187
-2765
-7695
7641
6808
9026
3728
-8534
-9972
-4324
-9278
-8685
6254
1911
5745
5361
-1831
6732
9490
-5512
4537
5587
1366
712
6123
-6789
-2562
7118
-3711
1634
-433
-45
-1726
-7209
-7237
2373
-7763
8361
-3489
8736
-8483
651
4428
7033
-6040
-152
2364
-889
514
-9123
2118
6510
-4672
-9417
-3155
-3159
1270
-4727
8146
1139
7265
-9655
-5270
-4845
-8736
-440
3531
-5214
-3107
-1363
-9760
3065
-8822
366
-7365
-7364
-3001
4906
8810
-5219
543
6853
5538
-4242
5330
3296
3736
6567
1870
8724
-3761
3024
-9994
-2005
3275
9291
5829
1372
-5372
-9982
2155
833
2262
3848
1046
5366
3157
8175
2828
4304
2174
8421
-7115
7864
3049
6315
2389
3779
-5349
-4011
-4297
1391
-3561
3575
-3803
7388
6068
-4175
8339
-5500
970
7609
-7012
-1512
-3386
7906
-2651
6937
-9635
6854
-7875
-1968
5982
-6411
2342
6250
6399
-2566
5069
-7020
-3463
4166
1300
2127
-8656
-7428
-2254
-1073
-9334
-3944
-5680
-1386
-6078
2749
5460
-2296
2612
665
-9702
3210
-9000
5271
286
7036
-724
-5408
7415
-6383
4777
-7217
-9315
8039
-9928
-5136
5227
2855
-5027
-1452
6463
2746
-8239
4468
-4513
-411
4814
-4608
-5738
4067
-7612
1155
667
-162
-8951
-940
7090
2922
-1652
-677
-6388
9150
5610
6845
1418
7184
-1094
-4153
-1185
-4725
5731
-4301
-7181
-2289
7629
9722
-9117
-6554
4148
9334
-8890
3742
6361
5586
8619
7176
9172
241
7294
-8212
1732
-3240
-9431
7143
9382
-7943
-9545
7938
-4124
3901
1844
272
3044
7053
1936
1028
-1694
-8388
2050
-5268
-3592
-4364
3145
1486
-4359
-7012
-7026
2973
9437
5252
7493
4984
-5002
-2291
-1165
-1761
34
-553
-6487
-1421
2585
-9753
5550
4809
-8346
-7115
-2277
-2581
8819
848
-9601
9675
8797
-8594
7619
6469
5190
-5164
8136
7920
8841
1023
9324
-5056
4360
-3444
6124
-6469
3713
-5398
387
8309
6079
-4678
6225
-4821
4173
2688
2487
2553
4965
3849
-4898
-9736
-2650
-4360
2935
-3208
-6075
-4081
-1251
4821
-7750
-7178
6358
-9351
-4517
-7381
-6887
-1394
-7705
-9209
-6358
-9314
8760
-8887
-3615
-4151
-1669
3329
6440
514
-9380
-5861
-5053
7559
3322
2309
5161
6395
-6311
-9985
6609
-7487
-7049
8254
-5496
5463
-650
-9251
-353
8813
4440
4577
-3487
4000
937
-8888
8290
-744
-5354
-179
-3661
-8006
-6053
3226
-9295
-1366
-9414
-4086
767
1601
-248
-9543
-6584
-2009
9921
6539
5158
942
1436
5046
2240
1642
3993
-5874
653
3024
-6090
-4885
-6728
-6102
3105
-7720
8604
1941
-1336
8890
-4882
7351
-8436
6043
-2342
-64
7476
-9902
3078
-484
3294
4081
-2605
3026
-2064
-7093
1185
-4260
-5843
-9056
-6094
9603
-797
5286
4231
5270
2976
5493
-3962
-3961
4325
-5969
-259
6050
-4077
-8181
5152
9643
514
5213
-9201
755
8305
1667
5619
-5802
4503
2990
4359
-5548
-40
8779
-2893
9067
-7885
-1171
-9581
7661
6360
-5319
918
-4989
8023
-4370
-8702
1886
9555
-5713
-9643
2293
-7658
8814
-6521
4960
382
7958
6251
-9264
-4459
693
-3020
-7767
-8098
9604
8212
3741
4939
4629
6208
3526
7436
-1544
7087
-6145
-8670
2250
-9823
5983
7409
-8486
-7331
-4844
-557
-1159
-2158
7480
5770
-4578
1631
5106
8846
-3149
-978
3820
-2108
4991
858
-436
-9969
5681
-558
8178
6400
6085
3958
8205
-2039
-3497
4094
1818
112
5281
-3558
3130
4191
-2478
9876
4654
-7528
5390
3090
-1262
4325
-2532
-2377
-3725
-5395
9040
-2583
622
5251
9141
-4339
-3481
-2663
-746
-3314
-1661
9266
4041
125
-7358
-140
6712
-3629
3964
9244
-3442
5649
1047
1324
9211
3816
1954
895
-5212
3509
-3503
8893
3178
-6908
2326
7370
-5259
9077
-2888
8889
-4580
4604
9235
-513
7508
-9854
8268
7522
4563
2794
2222
9071
8063
5198
-1530
-6390
-1608
-8986
4151
7456
6815
-8406
-7461
-5031
-318
8848
8856
7978
3653
-3281
2618
5222
2030
548
-654
3572
8908
7345
-7349
2524
-5787
7011
-6300
-5252
-2437
-6675
-5713
-6473
-5381
5968
7494
972
5346
1820
-9596
3524
6123
9968
-1689
-4539
-8743
8509
-4992
8964
1374
73
-5516
-2665
582
3439
-9165
4904
-1629
1123
5074
-7770
-6187
-2061
-2009
-1994
3221
-7543
5569
-4762
-7553
4302
2753
1090
-390
9929
-7880
4896
1990
4036
5247
6197
4544
-6545
6765
-9845
-9996
9662
3993
3786
-576
-371
-4244
-9742
-4863
-6460
-8607
6795
-2531
4150
1661
9332
7340
-829
-8667
3224
-1821
1534
-2304
6846
4574
-152
458
6143
-3958
-8773
433
-2541
-1396
3875
-3472
3428
8913
2854
7686
-3676
-1997
-3163
-78
9083
2661
7386
-6003
6744
-5572
8033
-4092
-5720
7514
-6508
6161
-5115
279
3438
-1611
6533
7342
1553
4628
-8972
-9119
3458
-1427
1244
-7574
-5166
-8076
7680
2240
5496
-1523
-4216
-5310
-7750
6023
1495
-3805
7403
-8621
-4520
-8014
-9394
-320
-9737
-4924
8696
-3467
-4436
-512
3028
-8726
3666
-697
-3232
-6749
1493
9599
3028
4937
5002
5658
5635
-9849
-7976
3815
665
7294
9524
-7211
-8123
-4955
-3956
-2497
8465
6689
1657
3065
-3828
-7811
3063
-7242
3784
-2106
4528
-4141
-4897
-9722
948
6019
1680
-9125
-9851
-4681
-4984
6802
-8369
-8855
2908
2917
-7531
-2586
-589
2063
7078
-4969
8096
-7864
175
4746
-1556
-8222
-6230
-190
-7630
-6082
8691
8439
-7708
-8501
8475
-5174
524
7996
-714
-9910
5932
6149
2768
-6020
7495
-8014
-4228
-1717
6200
5636
9484
4844
3360
6441
4156
5612
3134
2039
9833
7800
-4938
4612
8320
361
-620
4773
2000
-4502
777
8385
-3423
-3801
-5260
-7535
6398
-5324
-9699
-1929
-7986
151
-9030
-7304
-799
1715
-6284
-3112
-2778
-6767
9956
-592
8121
-8723
-585
2030
5368
5531
-9551
-4919
-617
4341
2029
5470
4874
1250
9186
-7955
-6688
3908
-6462
1418
-1553
3229
-1956
-6752
-8246
9759
2433
-2392
-2001
-7217
5540
8706
-4196
-5963
-8582
-6290
-6814
-9597
9088
7626
-6030
5696
-5476
-8824
4404
5007
7932
3210
-2505
3809
7483
-323
8931
1683
-3006
-3729
-6551
7269
3947
-5169
8636
-2471
6752
-9056
-8295
-3772
-2750
9209
-9535
-8428
5990
8284
-3225
-5154
2329
881
-6139
3107
-7675
4606
-6519
1854
2187
-2491
3725
8685
1072
8346
6340
-7719
-9003
-7521
-6896
6819
30
-1569
-4911
1357
404
2627
-6728
-8893
-6459
4980
-9383
3524
-791
4366
-9569
7537
-7744
3580
-647
4624
-7241
-4330
4498
4573
5994
-6700
-289
-9298
-8957
-1554
-3951
6209
9216
-878
-9078
5029
6931
256
-4212
226
7907
-2523
3597
-1114
6319
-4494
-7897
9228
-3021
6489
-181
-1333
-5373
1668
-1866
-6536
5492
9298
988
7065
6106
-1362
-6687
6152
-2484
1101
-8121
5216
-2876
7748
7233
-2938
802
-4732
1829
1431
4368
-4749
6336
-950
-7295
-5496
-3036
-5118
5202
9091
7645
-4333
7346
-2362
9409
3246
-9058
-3020
8549
6346
-3803
-3003
7628
7089
-3862
6179
-4262
68
-1112
-1660
-9433
-9012
-3344
-6780
6416
-3426
1517
4990
-8121
3658
4457
-8922
-2710
-4159
-1112
9127
49
-3712
7346
8724
3137
-3107
-8945
-2291
8990
-6963
-5302
2096
-7939
4559
3544
6297
-7177
-1063
6706
-4584
8633
765
-3747
-1618
6680
-2825
-1621
9891
-9790
8726
-7014
390
-5744
-3228
-6853
1602
-7688
-9484
-2611
2554
3135
1703
3336
-831
9292
2203
277
1048
-9161
-4335
-2406
1509
4576
6553
-8844
5228
-6116
4220
1341
7789
-5143
-6554
-3795
9401
4099
4526
-1604
2866
-5392
-1117
-5371
-3297
-9163
-364
7527
-3351
2412
-5412
-2427
-7564
6957
2505
-1427
-4611
-9527
3592
-6090
4141
9685
-530
-4190
-2345
7587
8901
6499
-684
-7731
-9583
-7654
7000
-5333
-1762
-5126
-7536
7588
7240
9195
251
-1568
-4857
7947
-4318
7324
8085
2574
-107
-2825
2396
-2778
8964
-7159
3521
159
-3178
4052
8679
513
-7670
6002
4418
6936
-7032
3150
-999
3792
-7678
-7953
4631
3577
7148
846
-5810
458
6229
-9592
3496
9122
-607
-1041
4683
6250
8741
5564
2792
-8073
2399
-7841
6241
2987
-4497
4695
-2827
-1765
-7051
8124
-2487
8267
-4184
-6918
-6188
4341
3376
2904
8839
9896
-9822
-5290
3895
-1875
1014
1206
4744
-9019
5957
7440
1944
1071
-6556
-2519
-7802
9414
-3400
-4001
-3107
-8314
8853
-3749
-8256
-3729
-9929
5897
7796
5826
9948
9795
-4124
-824
6460
-3191
3381
7314
-5338
3245
296
7291
2168
7595
-7355
-1462
7354
-7882
1993
-3660
4600
7502
3279
-7394
7610
5453
9972
9024
5922
4864
-5718
-6460
-4158
-3181
-4965
7598
-681
-9627
5368
2326
6277
9147
-7267
-2576
-3631
2576
258
5901
-5963
-5878
6497
6682
-6941
1352
4190
5894
-8454
215
5304
-5566
8638
-7132
6411
-9984
6999
9164
-8385
-2274
-4760
2799
-8239
-9572
-2935
-2686
-8676
6440
-5596
-92
-5948
2075
7945
6729
-8769
925
718
-8110
-1600
8291
-3545
-1763
1408
-7175
1405
5336
9707
-5670
-8626
6993
2181
2716
6402
-1783
5751
-5815
5125
-7384
-9542
-3673
-8763
1834
991
-9031
6954
2742
-1480
6847
7789
559
8262
-6503
-522
-9341
320
5833
1782
-7199
8925
629
3517
-825
-4033
-565
7897
5434
700
-288
365
-4561
-3766
-4047
-6807
-3514
-8026
-8117
1803
-3978
33
7973
9490
1251
-6809
9835
3739
-820
3341
1110
-9222
-9279
5686
3030
1559
-6734
-2397
3921
-4190
5059
9941
-666
7092
-6724
-8352
1514
356
3836
-4690
-9292
1570
-7411
-2228
-396
8787
-6126
-5323
7133
-9110
-675
-7751
2084
9376
-2978
-4118
-5888
7503
-2090
7299
-5487
-4463
-4086
-970
7070
5551
9362
-8880
118
9
1904
-8182
-6120
4162
-3874
9935
-5490
1092
-959
9541
8852
8663
4378
1722
-2825
-8423
9595
-3891
-1160
-197
1367
-6699
-2801
-1736
-4655
4306
8525
8307
2774
-6514
7386
-1780
2087
-1072
5020
-802
7695
-9251
-5671
-1960
-9709
-3509
724
-970
-6425
1123
-4173
-8069
5981
4466
9377
173
2456
5452
4175
2157
4223
-546
1718
4626
-8883
8111
-9928
9761
-7836
-9135
6084
1451
-7454
-3062
-2088
1475
140
9018
-4416
-390
8264
-6968
-1412
-3111
1383
-4211
736
3643
3166
-8163
5430
1700
3957
2829
8798
-9215
-2632
4869
6357
893
-7924
2564
-9741
5726
4796
874
-2738
-5382
3537
9031
3772
1913
-7680
4797
1302
7112
3197
-8748
9209
-6345
-4563
9370
966
-16
-1671
1972
9512
4468
-674
-6394
7509
-588
4546
475
6798
6761
-6335
6834
1249
-80
6085
6693
-7570
-2459
5940
-6953
-8538
-1925
355
6041
687
7830
-6744
8408
-6780
-3547
-9138
-1241
-7143
-7361
5090
-5243
-6435
6617
-6934
7915
2872
705
7700
-2540
1491
8570
4396
2889
-5993
4756
1928
-4056
-1330
-8377
3774
464
7174
5004
-4715
-7060
-7180
1112
1592
4570
1429
-3914
-8985
-2442
3087
-1440
9320
2983
2902
-2982
4091
-9370
-4918
2091
5547
-3993
-1730
6648
-993
9222
-6253
5823
6897
7375
-1277
-2483
86
2217
-6278
-6628
6684
7040
-641
9197
-1454
9549
-1168
3550
9728
8997
-7797
-9944
-7560
-2533
-8631
311
-1340
4178
-1084
7910
-609
-4636
5466
-9641
1120
-632
-7382
3021
-8112
-1085
-198
3718
-803
-7891
-7045
2071
-1081
4479
-7099
9062
-2217
-2378
-3780
-9730
-9200
-9241
4628
3059
-8739
-4641
-5360
4979
3370
3989
5925
1988
-6801
-2289
-9314
5055
4359
-5042
8121
-7287
-1761
-3977
9518
-502
5801
6910
496
-6036
-720
9937
9612
7794
3462
3582
1614
-3534
-614
-5246
-9789
5713
-9947
5264
-902
-3527
-6365
-8006
-7901
-1319
446
5758
-3655
-3527
-6266
-3856
1564
-6791
-418
9952
-4938
-4443
6736
8296
2688
8343
-7104
-5323
6077
7593
2461
-1681
8356
4212
-3116
-1850
-3877
4235
-5409
1499
5118
8525
8347
2120
1439
5835
6871
2669
5576
-7113
8520
-8680
2844
-1596
-1287
-2800
-9605
-2144
4256
9566
-7388
-9045
8428
1593
-1867
-1998
5306
6284
4717
4237
-1337
-9050
7155
4593
-6464
5150
-8432
2930
757
3745
6167
3161
3436
8058
8004
-9442
-6255
5788
4194
8642
9579
2895
-9817
-4052
1738
276
-6022
-8834
3453
1399
-1963
8883
2592
6096
-7163
8599
5170
-3050
206
-3133
8516
9601
-5236
2867
-7090
4186
9876
-1946
8219
-6207
2841
3186
-8283
7451
-1366
-6399
-9348
7894
2200
7148
5791
-5638
-5994
9042
-8051
3789
4857
-1803
-5099
7011
7935
4113
-1111
-2623
1003
-7687
4721
-8532
5230
-495
-196
-749
9571
-414
4433
-2890
5809
5981
-700
5073
3667
-1553
-4667
8361
6931
8189
-9358
5425
9298
-3811
8172
3577
-4379
-4720
6567
-8684
4058
2688
6042
-5947
-4488
-2927
247
9670
-732
1959
-2347
-1644
4960
7637
4456
4282
-7122
2333
4562
6872
5810
5737
-7533
8527
-4491
-6012
-4772
6124
-5658
4725
-9150
-1745
9498
6169
2445
-4713
4501
4029
4656
-8819
8257
-4011
7923
-8055
8987
-1124
-8340
644
4301
4264
812
-5285
4917
-4983
-5483
-5476
-8603
5598
7433
2801
8452
-7917
-9890
-8826
-1326
4667
1326
-9704
-4472
3143
1099
-7780
-5794
4032
8624
-9430
-3962
7302
-5838
-28
2261
-8891
1173
-5978
-542
-9551
7355
-5460
5031
3007
471
1690
2821
-673
4448
-6548
9156
2777
3073
-2917
-1001
7075
5741
3305
5822
3612
-1904
-7927
-6299
1320
-6880
-1586
-22
1129
-2606
2222
7836
3830
5289
9618
8958
-8710
970
-9315
-7861
5164
3211
-6922
-6764
4903
-8759
7860
-411
4325
9113
4038
2661
-3715
3862
-4164
-36
2709
-6695
2965
7567
-1786
-9689
3173
4518
747
-6844
8963
9071
-5819
-3387
9421
-3716
9551
-4573
2968
-1817
9304
1419
9848
1045
-7550
6291
-2841
-7848
5430
6663
9430
-2641
-6942
1825
-1938
-1751
-7919
6839
321
6822
4357
2511
6258
7006
-2541
-6931
7934
1402
954
-9619
-5115
4800
8066
5451
6425
-7699
-1267
-5569
-8414
-8933
4413
-8601
1963
226
4674
-4803
3981
-9061
-6466
3112
6645
8639
8343
9742
6708
5326
2935
3590
4676
3403
6564
-6069
6770
9380
5879
-243
-1555
-3152
-4581
-7550
-3735
-6607
2596
1530
7695
6105
5354
-8816
6853
5385
-7840
-6308
277
-6507
2645
5349
4861
-6461
-1625
-3628
3955
-2830
-7586
388
-7277
9495
-7956
-43
-3034
-5758
4159
767
2896
-8161
5633
4164
-5417
5657
461
-1954
-6933
-2535
-9139
3160
-1322
1836
8372
3385
-4959
7714
3413
-6
-9024
9939
-9890
9177
-6309
5884
5749
6886
5210
-2425
2318
-453
8525
-8984
-4762
9288
8501
2116
-449
-9556
8114
-2035
-2728
-6912
362
6856
9255
2061
-9325
-7185
-4810
6622
-995
-4879
4408
848
7167
-873
5510
4325
-9956
-2333
-6917
5240
5362
-5615
-4056
-181
639
-6945
-1324
2749
-176
457
-9612
439
6951
-6547
-6077
-4667
-5528
2285
-1090
4226
8608
-9966
7391
-9557
1235
4173
8243
-4586
-832
1338
6490
7388
8467
8286
-293
-5967
8680
-209
-1822
3477
4151
9138
-6985
-3358
3712
2206
-8805
-4218
-9805
-6944
7297
-4373
-4516
3385
9863
7505
-3318
-9406
-5616
-9219
-1349
7472
6016
-5334
-154
8785
-877
-8610
-9788
-6442
6842
-1928
8187
6699
-589
-3547
-3223
-5375
8900
-2478
-247
6861
-7725
-740
6725
4778
8389
6275
-4647
7993
-6543
-4643
7103
-1207
-8384
-4345
1341
2097
388
-3723
999
-1479
-3726
-1653
2897
5689
-163
1956
3446
-7431
7472
-2417
254
1560
-7288
-3109
9199
3849
-1268
-6649
-5325
7959
-9718
6907
6562
2377
-8017
3573
-1588
-3264
-542
3388
-3707
6141
5277
-5263
4013
-1857
-7127
-9053
-4613
9771
6262
8385
-4699
8772
-1836
4682
6479
8026
8465
-1760
8430
2239
686
-3109
-2697
-6700
-6880
-6278
8
9378
5121
-6411
4179
-4700
1616
-4786
-2749
3298
1931
-5083
2348
4825
-9976
3146
9908
-2122
-2389
-5010
599
-1151
-2138
-2158
-9829
-4554
6099
4801
5714
5006
-5497
5018
261
6108
-9196
-1147
5731
-8780
-7970
7014
-6554
4390
3191
-337
-3938
872
4474
-9488
-228
2673
-8384
3274
4125
-7678
3618
-5342
4529
-7649
-6005
-6927
8807
-709
1433
3287
-7369
9938
-3055
3087
-5493
-817
5980
-386
-1045
-7282
-383
-6267
-5596
1212
8384
2231
-3244
-9254
-5111
9380
-2956
8897
-105
-2029
4930
-7713
-4660
2766
-4566
3007
6729
-2281
-1423
-3449
-7094
-8103
-4578
-8485
-5059
-4071
1381
2559
-6435
8427
7889
4441
3919
-4543
1550
-6251
-6920
7582
6800
-1694
2201
-1111
-8093
3673
-6584
-4771
9680
7902
5228
8253
8680
5503
-5004
-8795
6736
2202
1781
-4293
-3894
2396
63
357
8060
-957
-262
-6476
-9346
9444
2818
-8995
3973
-567
-4100
2825
-408
242
7764
3586
-3765
-8100
-2635
-4946
-5360
-6016
-8668
3736
-7754
9234
7449
-151
-1045
6185
-4966
1782
7254
-9666
-7530
-429
1498
6414
-6725
2917
-2552
7866
9301
8533
-2620
-978
-1308
-607
-975
-2018
-5256
8236
-6148
747
6316
5302
2114
-6235
-3076
-4026
8863
-2709
-1212
6339
2292
1327
-8234
-5950
-844
661
5432
-4774
-1941
249
-8488
-9869
3435
-3377
-2292
7229
-75
1670
-3318
-5987
-799
7078
-2495
-8350
9322
-2183
-1165
1398
7480
-4026
-7441
7952
-3413
536
-8977
-2074
2976
9341
-1717
-9793
-9340
9962
-5257
9191
9715
8924
416
-9188
7083
-5511
-4098
-9723
5202
-3019
-617
-9342
160
-6607
-4847
-66
-277
-323
-2383
7841
9933
-8994
3572
1378
2100
-1845
7464
-3398
5734
8657
-7671
-6413
-3058
-9065
-204
-128
1575
6844
6153
4134
8420
-5477
8578
-9512
474
2833
2794
-7424
459
-427
2012
-7047
-5968
9798
-8295
5626
5474
5987
5285
1773
-2459
8307
1183
4541
8529
7364
7483
-627
830
-4079
-6434
4166
-8469
-8771
-7659
7561
-4181
-2116
7187
7426
109
-8335
-8347
605
8263
-238
6707
6610
-1122
-7736
-6955
3644
-75
-7374
-1777
-2424
-9329
8777
-917
1257
7810
-1443
-8302
7464
7067
6975
3878
1560
1959
-2696
-1441
7144
-1595
-4906
-3680
7377
-7738
-1049
3477
9903
-8962
-7618
5836
-6707
-3926
3603
2989
4633
-8611
5735
54
-6762
9545
-59
-6984
5040
8455
-2717
4712
-6229
-5181
-6008
194
1044
7879
8648
-7295
4089
-6783
-1334
9812
2068
-7852
1386
5981
-8222
-6888
-4357
-4021
-8270
463
-6044
-5998
954
-2106
107
4196
-8925
2627
-2096
8366
1508
8753
-2864
-2351
-7028
-9082
1770
-3012
9625
2669
-2627
8515
-1339
-7564
304
-9282
3168
3348
6572
1568
-7623
2648
-2428
-6703
-2026
6829
-1963
-5909
-2172
6149
-7992
-3506
-5752
3591
-1644
5344
-7949
-9674
-1760
7140
3668
4508
6918
-7722
8807
-4972
-2093
4865
3563
3185
-7381
-2691
7474
-6322
3274
-728
241
-6158
6245
-3552
5207
-6017
-5329
-5446
7483
3512
152
-2238
-2802
2381
-7409
-8881
-81
5060
5415
-1310
8989
-2234
-1224
7739
-6393
-6845
3901
-4744
6367
-1278
-3781
-4181
6478
8809
1217
7191
-5631
4358
-1782
-3705
5568
6456
8351
8971
-769
-131
-806
1136
9294
7192
-8378
-1990
-6581
-1474
-4030
5184
1591
-4386
-1532
7781
-7354
2571
5050
3374
8432
1447
-1205
7269
8549
-7251
-1507
2377
-4867
7387
-2193
5808
9452
-6022
6790
-7942
-1931
4620
7750
4723
-4362
433
8118
4772
865
-8202
4038
3638
1898
9691
-2260
8069
-3716
-130
1897
9245
6983
-1687
107
7668
1940
6421
203
-1564
3929
7930
-3369
7651
5063
-6924
-5302
-1792
-2624
5971
-2537
-1989
-3929
1951
2053
-9694
4336
3174
-2508
5988
4694
7748
-5058
-3372
-4629
-7986
8152
-9892
5610
-3653
3351
-837
8840
4047
-1232
-5411
-9751
5189
-9672
-107
3247
-5352
-374
5721
-3603
-7890
1191
6554
-742
-8190
-5129
-1185
-446
1740
8717
5181
-3530
6511
-6647
-939
6850
543
1656
-3126
1535
685
1014
-4739
-3137
465
-1869
8711
2822
-5037
-5678
3122
8601
9366
-6930
6836
-7378
-7615
-3656
4586
7139
-1654
-6148
-8435
2762
7617
-9022
1587
-1918
6519
9008
-7708
8993
-9974
1580
-2601
8589
-1010
-802
1961
2058
-1831
-4908
6330
9741
-1622
-576
8484
-8016
5527
7292
9016
7614
-9901
2958
-1577
3854
-5192
6022
4681
-6260
790
-8092
-3714
-7054
9240
8854
-8449
2007
-721
1759
5552
-8834
4573
1748
-3324
-305
-9984
-416
5437
2530
-7686
-8569
6399
1879
345
-4153
-9553
1347
-3993
-6214
8013
9509
-4144
