10000
734
9888
-5134
-9945
9862
-3671
3871
-1136
-1138
-794
-7998
-4564
9643
6872
215
-5167
4075
7422
9729
1690
4159
4776
-5854
3117
9043
-4044
-1465
6117
-5576
-8760
635
-6847
-5053
-3446
9116
8168
-7889
-9505
810
-873
8765
7870
795
6248
4764
3312
5195
-6880
3395
3783
-7919
-4170
762
-392
6797
731
-6055
-8778
6686
5674
5992
1645
3952
4430
6566
-6505
-206
-9462
-2234
2238
-6875
-5815
4147
9871
-5711
3843
2292
5111
5970
3208
2858
3517
-945
7468
2294
-6052
-7477
5967
4791
-1061
9524
9384
-7247
6570
-3271
2669
-9782
5339
6617
2594
7887
-5061
-9770
2267
2035
1772
-8759
-4784
7991
8160
-3697
9916
-5564
-5068
-9632
-1487
-2283
5350
352
5021
6578
6773
-5265
-2543
-9608
-9932
5403
-1549
-4396
-7638
5045
-9694
-498
9033
7617
2529
9666
-7192
1671
-6301
-8471
-2977
3110
4433
-5002
9023
3624
4122
477
-8884
6385
-9576
-8882
2297
9361
8731
-8097
7006
-3975
8756
1447
759
2378
-448
4199
316
1416
-817
4483
-71
9070
-7344
-1778
1065
-2820
9403
-636
3604
-8373
3130
9648
-6206
-1472
-6795
2862
5114
959
-4232
1451
572
55
4323
8520
-200
4443
3951
-130
-9943
-8527
6392
-4165
-2063
-1213
3051
-6966
5201
2196
5709
6865
-7483
4844
581
-4972
-4933
-6764
-9497
-2538
1358
-515
9470
320
-93
314
-6859
-1030
2271
-1650
-637
-4457
8867
-96
-2479
4909
-4379
-309
-5048
5953
-8436
4018
2780
3489
7304
-2672
7823
8107
-5813
9710
-2493
7596
-4920
7022
-3360
7042
6855
6340
-7042
5666
865
7845
1456
5846
-7490
55
2573
-802
8745
-4344
8444
5847
-5843
-5254
8699
2938
-5233
-2341
-1524
9947
5607
-3885
7421
6929
2012
8247
-5774
6101
-4454
-6565
9105
-3100
-8493
-8091
-2774
-8737
2287
6364
-4735
6834
-8143
-4130
-5990
-4175
7945
9617
-1569
8669
-2193
-1935
-5455
-9786
1282
4200
-4119
-4181
221
-3972
3945
-9314
1234
7459
-9724
5699
1799
5009
-5946
-8458
6410
-5390
-9823
-9013
8721
9427
9494
-6575
-3662
2330
-5444
7696
-5828
3030
-656
8658
-4303
-431
-2950
-5666
3136
-4127
-1961
8607
3587
-2914
2440
-5501
6290
6127
-9994
3263
9730
-9635
-1279
6032
1565
-4919
-9820
-516
7839
-1255
7878
1591
-5302
1485
4351
4098
-2553
-5168
7684
-1107
9466
9290
-5518
2269
-7936
-2894
2612
-8407
-2200
-1503
-9136
-514
-1077
546
5876
8227
-4695
9893
6392
2903
5409
-7341
5264
-1579
3117
-5029
4497
3961
7192
-6997
4765
-3075
-8163
1274
-9267
861
7645
-702
5082
-5991
156
1772
2855
-904
3193
7748
-1297
-2776
-6711
331
3270
3012
5134
3466
8047
9199
6297
-3452
1978
-3939
-3367
-4347
-3369
3505
2334
3191
-7780
6721
-785
-9293
-6834
2038
-3004
308
1167
-7185
-3903
-5145
-8155
-7772
-8208
6718
9955
-8376
-5094
-5852
1430
3368
9697
7564
7694
-8399
-4259
4834
-7033
-7634
7697
-221
-6029
6510
-1815
3016
-9403
-5212
-7213
-1540
-3939
4200
9111
-7441
-597
6139
-8684
8388
1762
-3800
9560
9381
1754
-3899
-4037
-2122
-1630
-5799
1017
4359
-2528
5112
6826
-1278
2502
3849
-4928
9445
7475
1032
-900
2954
7459
9320
9966
-8383
149
7056
8519
-1473
-9993
4582
636
8431
47
7338
6841
5703
9544
7449
1056
5782
1271
2225
5245
8122
-86
5940
-2041
5454
5996
134
-6891
-4224
-2857
5873
7322
8960
1814
-7512
-4098
3380
-6122
-9144
4475
-7224
9097
1818
2961
6435
7894
4693
-506
2806
2528
-2304
-834
-9011
-4591
2485
82
-4920
-4797
3809
3088
-9373
9419
6408
-3441
7600
-4797
1606
-8819
-3449
-1805
-4528
-7896
-2444
-2373
8025
-4139
-7954
2943
-6160
8096
6728
-2258
8135
-5376
352
-847
4110
5782
-6091
7277
4190
-6558
8950
-6955
-8078
-6334
1334
5360
-3313
-9239
8603
-5022
-796
-2537
8693
9753
9068
8826
4748
9175
8048
-2911
-2382
6550
1866
-5543
-3081
7197
3909
-1722
8508
-7970
6496
9440
-6017
680
7793
-4217
-3115
-16
9894
9252
-2699
-9096
9606
-5155
209
4377
-233
-4492
-4064
-1646
2232
-706
-7113
4556
-6546
-8709
3702
-5975
5789
-7017
-3874
7529
-4820
8892
-8192
537
5515
-1103
2609
2200
-9936
-7725
3833
-6841
-9636
9006
9899
5261
-2563
5463
4815
2244
2764
4330
-1125
6019
9143
8252
-576
1833
-7591
3708
-6303
-9437
-9787
9643
-9698
-1734
4866
-8748
-1714
-1444
7664
6121
2635
6597
3145
-1732
2503
3754
-8286
183
4061
3777
-4176
4729
-7453
1872
4904
2158
-9093
8241
5215
8873
-312
-2049
-1392
-6688
6973
-1663
-1636
-6907
657
4335
1515
-6596
719
7525
-368
3005
2186
3139
-8405
6984
-3890
2142
8809
4832
2545
3943
934
7142
-4951
-3850
9586
-7629
-9225
5811
7024
2961
3744
-704
1563
8343
-2787
7622
-7260
2047
-9400
6907
4183
-3835
-9385
-723
9756
-2018
-8923
6446
-7719
-7470
-8693
-2789
1460
-6536
-5746
3915
-6027
-6387
5970
-335
9610
2417
-2067
6637
1989
-6306
-618
3381
-4928
-1627
-9028
-2501
-5919
2823
7058
4636
4088
8685
8008
-3995
-6907
-2556
1941
5569
1942
-9608
-9232
-5981
-5970
8588
5438
-4787
-4958
-4940
-7130
-5861
-9731
-7793
2209
-4529
-2077
8004
-4563
-2310
1106
1783
5152
3203
164
-5624
8569
23
4529
-2647
4402
3853
-7598
6042
1489
2068
5312
9155
-3106
2780
1627
2381
1072
-9890
4486
-2851
1536
8553
-8912
-786
1823
-8022
-3635
1738
611
-3913
9027
4357
-9444
5784
2081
-1642
2789
-7694
-9975
-4942
887
-3022
-785
-6650
215
2290
665
241
-3761
-4245
-6906
349
-7719
-1001
4107
1272
5784
-895
-9096
1107
2913
-3892
-4902
-6026
-745
4476
1657
-2115
-3595
4741
9793
-9580
6275
-2161
5599
-9718
-3892
9219
-6719
9365
1318
-748
1856
7010
-8496
-8084
3737
-7593
2394
-1422
6742
4455
7102
373
-7892
5328
-3156
1752
7198
3189
-5245
2778
6014
-7853
3772
7520
2291
8867
-1600
-8798
-841
3659
-3654
-3441
6775
9760
679
4477
-1346
4765
-8086
-559
9355
2457
-3268
2791
3614
-6809
-6815
2399
4242
-3665
-4619
-3644
-700
-3387
-8667
-2598
9521
-6269
1210
-6397
7934
9000
-6705
6159
3761
-1780
9124
-2754
9565
767
2732
146
3163
-9667
1537
8214
723
3120
9240
1509
-2502
3746
4686
-5896
3509
-2788
-4959
1552
-5252
-9504
-2853
-484
9658
-7328
-9303
-7705
-1391
7674
4043
4514
8442
2672
-8828
-5686
-7894
-8408
-2832
-6315
-2896
-1571
2005
-2946
3419
1407
3474
-5558
-9160
-7058
8021
9462
-1096
-3538
-4183
-1281
4272
1383
-6612
2158
1275
-5668
3358
-5602
-7782
-8090
-7051
7595
8764
-5171
-9522
7801
1208
1250
9118
-7394
8663
-9956
2662
4781
4175
4685
-1051
2560
-5207
-1344
519
-5407
-668
881
6619
-4811
-8717
520
-8349
-4763
-1695
-3916
-1084
4075
-7915
-511
8766
2581
-5168
-3083
9685
-423
8979
4076
3821
1462
-3362
-594
8596
-8702
-9453
1194
-3686
117
-551
-1262
-6468
-2703
-3
2802
637
9997
1874
-8850
7733
9181
1081
5495
5508
-3841
3484
-9335
-2497
9732
-4268
-5692
4363
-456
-3350
293
8808
-7760
-7462
-9311
3460
-6416
-5196
1309
-9487
7063
-6659
-4435
48
-1273
-5038
7751
1196
9428
6060
-8029
-6428
-1079
9439
-6926
4960
3441
-676
631
-7035
-311
5591
8326
5731
9375
7811
152
-5077
-250
-5800
4936
-1250
5210
2199
2957
7649
-7318
36
8948
9069
6919
-2286
-2054
4098
1415
9309
8771
8508
-6250
2033
7642
-2946
1370
-6328
9925
5610
6498
-1200
-5405
3026
5290
9898
-5979
4489
6893
7727
-4665
-6829
136
3629
-470
7515
-7577
2927
1199
1923
5582
7003
-2479
6582
-1114
7733
2976
4058
-1406
1249
3190
-9759
-83
6630
535
-898
1458
8750
-6774
1012
8070
9065
5006
-5782
-3434
2545
2939
-7429
-1367
7368
-2665
-2390
-2126
-5027
337
2739
1525
1038
317
2013
-1837
-1785
1164
5803
-4812
8457
-920
-8526
-4369
-4762
-4279
-7964
-3303
2185
1079
-4853
-9816
-2574
-8324
1681
1186
6687
4293
-5860
-1593
-218
8917
8535
1911
8734
8902
6635
6114
-5634
2877
-7570
7691
8925
-6264
9138
6424
2457
-5257
7645
-360
-2509
-5579
-2088
-9935
9847
-95
-9727
-3803
-903
8845
8444
6464
6907
-8942
678
-2271
-9237
270
2345
-3422
-8503
6683
-7444
-58
3783
3693
-1630
7679
6057
-3512
3651
-1799
-373
-7332
8599
9510
-7838
5758
46
-3610
-742
-8764
5837
-1486
-4609
4796
8868
8773
-2984
-7542
699
-3895
-2707
4220
-3767
-6182
3145
875
4903
-2216
-4806
3600
-4871
-2546
-8683
-63
-2196
8474
-8169
-9433
4190
7513
-2937
-2659
-10
9744
2551
-6073
-5740
-6215
-4440
7916
8995
5000
-9875
306
-7349
-2503
8680
-235
-7197
-1991
6321
-8925
2564
-6739
-2346
-4361
7513
-7006
-2437
9424
531
3218
3394
5325
2392
-2704
4070
3335
-8677
4912
-6143
5099
71
-7754
-5298
-6542
9557
1913
3145
-5345
7037
3316
6930
-7371
1224
5929
-7344
-9293
6436
4626
3570
-6612
-7311
5765
-6640
-9369
-4519
8771
5905
976
317
3262
4230
-5287
-5974
5669
1331
-6831
4170
-4307
8430
7774
-3626
5853
128
-2406
-503
2358
-2904
-9784
-4528
-419
2943
6545
8094
6951
150
-1697
2428
-2144
4283
-2090
5054
8567
571
586
-6160
6506
-2079
3329
-1521
9481
6908
-9627
-9068
5514
-6241
9349
9643
6728
-3166
-2934
8930
3288
-9914
5650
7772
395
4598
2698
4358
-7367
-599
524
-4255
-6416
9988
8850
-5186
-9704
3707
662
9672
514
2104
-8951
-9126
-1427
8596
8748
-8975
6836
8771
-8882
-3300
-5225
1197
-7134
7473
-4188
4438
-9124
-9543
-5469
-2786
-2968
779
-3877
3108
-7450
-6698
-4316
-4282
934
3064
4938
-6396
7837
-1076
-6598
131
-927
4000
5452
7309
7623
4068
2702
-1483
-9034
-385
-9943
-9800
6087
6587
8081
-4257
-7364
9120
-4050
1217
-6246
-8961
4962
-1146
9476
9348
6615
9542
-5035
-6897
9798
-561
-7654
-1956
-9018
-1563
-7126
7070
-8656
8996
4450
4938
9323
-8382
4129
-8753
-5736
-400
6141
-5788
7420
-1730
-7967
-4774
-7355
6814
8420
7857
6363
-8576
9606
-9434
-7451
-3299
809
-5687
-1579
3376
2794
-1940
-5551
-8002
4891
8376
4479
7158
-3042
-6438
-7348
-1100
2655
-7717
-8423
-7553
8431
-5779
258
-9710
-4455
3328
9708
-3464
-4829
9781
-4085
2032
8003
-4982
685
8080
2395
6964
8231
-1978
-4973
1099
-679
-1478
-3535
4287
7136
5583
-6985
-8792
-1543
7304
8761
-2085
1037
-5753
-3687
5048
-1539
-9071
2849
-3360
-3061
8973
8540
1828
-9758
-1333
2770
-7271
3172
1761
9662
-7672
8302
-9840
-5298
3298
-4823
-5882
2135
-4464
-5616
5981
5906
-2520
7065
-6719
3734
-9700
6339
-7314
-1389
-7572
8730
6103
3944
-677
-1719
-4605
6114
-4128
2140
6162
850
3539
-1743
4574
490
-1785
-1381
6781
4084
3959
8531
418
-9490
4409
1051
1603
6021
-2385
5840
3893
8589
-1444
6220
-8557
8955
1939
-1228
-2018
6528
6635
8261
-4450
-126
7024
6646
-2777
-9288
-5901
3562
3447
-4863
8353
8116
6459
802
1488
-9593
-4431
3963
2454
6201
5705
-6428
-4140
-8108
-3260
-695
560
2905
-3106
-2913
-9280
-2671
1385
3522
-9502
3921
3695
-3764
5225
41
1368
9908
8913
-3479
6668
673
-1389
560
7312
-7702
9845
-909
237
1739
7833
3047
3599
-858
8949
-7253
4905
8915
-7613
9044
4373
-2843
654
-5706
6233
635
1581
1580
8518
2752
9100
-5499
-6503
-1216
-3130
5163
1732
7303
4175
4561
-6201
1591
2190
-2728
-3208
-1019
-2873
-3650
-3486
3953
534
-2748
-5239
-5215
7224
9562
-1813
825
-2685
8201
-5790
-2216
-9801
796
-7001
4978
-628
8108
-6352
2022
-5942
4487
1402
-7013
5431
-4196
4002
604
-950
2086
-1428
3244
-2305
-9933
-3737
-7736
-4956
-433
4168
-6792
8624
-8814
-3054
-1486
-8781
1250
5240
-8629
-6135
-4602
-4263
3930
-3896
-3479
-1846
268
-6152
-4089
9105
-4003
3714
-2057
3245
3513
-2591
5237
755
3055
-1355
1259
3412
1743
9815
3067
474
-960
-7929
-9972
5137
8992
-1567
2222
-798
377
-690
2699
-6309
-7460
3062
-7763
-8246
-6627
2323
-762
-5944
-3445
-8192
6336
-4206
-2070
-815
6145
1811
-6609
-2948
9370
-9410
-5257
7477
-4308
-8938
-7387
1016
8248
-9232
-842
-9889
322
784
9698
-588
-2015
9809
881
640
1285
6977
-3081
289
-283
1128
1806
9434
-8251
7017
8206
4868
5569
-7008
-7348
-8542
4920
-4372
6668
-3661
-1065
-4890
-6780
7233
3968
-2065
-9809
9878
-6824
9705
8203
238
2250
955
-4080
8391
-7813
-5736
-5460
4757
2411
-9671
-6976
-9774
-9596
-825
1553
1618
1891
9653
3019
-1451
2368
9961
-3143
9782
7899
7899
-2887
-7903
-3483
-5738
2208
-2367
-1752
-164
-8630
-1290
-1388
-7545
1563
-1499
-4025
-6327
4503
4074
-2887
9589
-5765
-7767
7201
6550
-5738
-5086
4807
-6051
2375
-8381
3238
-9800
-1004
6423
-6595
-1442
4260
-5924
-5837
-1689
-6
-9869
-4347
-9096
3054
-272
3342
-7716
-4214
4785
-879
4974
-6754
7147
1510
-7404
-8288
-4769
-7297
-9243
-797
-3732
-8107
4170
-5805
-834
7412
-6078
8747
-9467
-9760
-4384
1779
9216
-7262
-6257
121
-4648
-7853
9782
1418
-2551
2851
375
-7571
-4069
-9530
4913
6109
2287
4381
485
-6527
-5675
2557
2325
6346
442
6269
-8920
8680
606
8033
-8629
-9207
6147
5502
-5934
-5745
-7134
1545
5436
2381
-3176
4033
-9037
9150
798
9110
6162
-5118
-5610
4404
3810
2741
-5759
7088
-323
-9170
7789
-5139
468
6289
-7700
-5972
5644
3345
6464
-6226
4834
-7290
-1710
-6298
-912
3975
6946
2080
-3097
3364
3256
-7223
-1988
3074
5305
-1319
-1248
-8813
-9803
4388
-1081
4882
-995
-6344
745
-5799
435
2611
-8025
5311
2073
7429
4262
1744
1995
158
8407
4618
-8183
5140
-3625
-3694
6797
2130
-8815
7058
-5509
-7872
-2590
3599
3221
-8053
9653
-9398
7086
4146
-8212
-141
598
-8820
1920
-8603
-2188
441
-2400
387
-1997
-6045
9205
-2483
9939
-6672
8582
5214
1216
-7065
-5705
4740
9216
7197
-2676
3485
-6011
-517
-3796
-149
6146
-7570
-4127
-3116
-2598
5546
-6501
-7367
-715
1979
7988
-5231
-5204
-1590
8078
-2175
-9149
-9239
-2375
-9638
1206
-1989
-623
-497
4268
-7869
-7325
2673
-9240
-9881
3248
-9975
3103
7104
-9366
8721
-7484
-639
-7076
-4209
-9282
4642
1703
2031
4891
7176
5414
9980
-8130
4818
-9997
-5509
-6253
-4125
-8510
5093
-4573
2791
9163
-4962
-3836
-1629
-1051
-5322
-6840
2590
-8018
-9828
-2187
70
9415
5626
6805
9856
4476
2097
-8413
2704
-222
-8654
4134
-9311
-1608
9141
1659
-1295
-8496
602
-4054
-9316
9799
5370
1947
-8092
1456
8553
929
-5126
-3921
-4182
1140
-3701
-480
9870
3741
-4182
3032
-2741
-118
2358
2660
1557
-8447
1255
-8114
-8516
6897
-3813
4701
-4414
-2395
-2729
-1284
6007
-2958
1052
6547
9203
5359
4584
9521
-6513
708
6246
-6292
-128
7770
-1037
-2305
-495
786
-4242
-3503
8188
2706
4027
-7626
2660
9883
2323
-4593
-9326
9494
-5652
3309
4971
-3700
-6047
7699
7754
-2283
5182
-6951
-801
-6008
-7094
-9299
-4253
-4239
5264
-6956
-5161
-9120
588
-6131
-2024
-8002
5295
6583
9313
1403
5295
-3639
-866
8547
-9169
-1953
-9080
2671
6662
949
8833
-4041
7534
8043
8110
-6491
7723
-9688
3532
4101
-1291
-6021
2640
7032
-4956
-5443
-6305
-2584
-424
4242
-6073
-9450
-6878
-6705
-1352
5903
9267
-4459
7843
-2787
767
-8773
6925
3097
4204
9258
-7665
-4929
2717
-4095
-4914
-4838
8662
-1799
2834
9054
5227
3779
9157
3892
-1143
-4562
-694
-7601
-3167
2500
-8777
5278
8620
-9644
-4368
6203
4992
9034
2849
1952
2830
3994
9368
9529
-1548
2653
-5539
1140
-5594
-494
-17
8469
5524
997
-8387
-9434
7256
5164
1725
-9908
2270
-3826
9644
-8619
560
2783
7683
3373
-8355
-2361
7602
-561
1094
-6144
6428
-4072
-1403
-6466
-7442
7224
3161
-7095
7901
5218
4754
-4571
4315
3651
8182
-5773
7414
-1713
-4370
-8176
6669
6934
-815
-1125
-9264
5590
-2966
-3980
787
7114
8776
-6112
-6482
-7263
322
-6039
948
-439
3397
5154
-5170
-7767
-101
1065
-3660
-5042
442
-8059
-4057
-739
-2234
-1618
-178
5160
9796
-2133
7146
-1732
-3268
-7657
7352
9494
-4695
-9347
-9213
-5867
-5055
4963
-7900
1483
-2852
-189
5495
9838
6531
9459
-2021
4267
5206
9638
6821
-6790
-2375
-9844
-6494
-5620
156
6676
1287
-5919
2918
-6702
-7434
-5834
6013
-7844
-6480
9787
-8299
2286
-8399
-3581
9395
-5011
-3572
8020
-3172
137
7172
3711
9087
9755
-8763
-9879
-7429
6542
2141
-7192
-7442
1786
-7974
1546
-6948
-7093
-8352
7662
7544
-3168
-1273
6166
-2830
1360
-1457
-2700
-7203
-9881
-9951
-3359
8763
8781
8676
-6708
3496
6536
-2055
5040
4320
-9608
-9389
-4673
-1490
-8960
3798
-2150
9682
-924
-2357
-8510
2093
-7506
5853
-3383
-5812
-6421
-2093
2530
-8625
-3534
-3510
5399
8405
-3323
4271
185
3878
-8624
2422
2193
3516
-7730
6681
-5899
1391
4458
-1647
2231
2396
5155
298
9335
-271
-5655
4358
-3239
-7112
-6011
8400
3985
-5987
-3467
-293
4443
-259
-300
8535
9159
5101
-4681
8400
9681
-2780
2420
-221
-6929
1734
-3970
8733
2915
1038
-6421
1425
-7472
3320
-3402
-8106
5002
4744
2048
-8645
-3834
-7558
8978
2152
144
5735
-1315
-814
-6724
368
-158
1723
-7788
-4149
-7858
9988
1679
6951
3581
2991
6371
5533
-9824
-7915
2225
-1291
3160
-7935
-4481
5106
-9854
-6681
-2748
7163
-4627
-8027
-4708
9735
166
-7020
4634
68
-747
234
-1955
-5884
1248
-2128
2491
-7387
1389
-7973
-1765
-5732
8677
4489
7967
8445
8276
6426
1918
4265
1549
-4887
-3153
-2156
-4117
-9339
2433
4465
-5166
9008
1864
-579
4083
-4013
-5199
-8731
5742
-4548
-1961
1013
-5486
-9323
-4274
3678
352
9378
4829
1699
-9170
-4873
7945
-5695
5287
-13
6572
-9160
-401
-2434
1764
-6054
-2683
2970
6727
-6642
-9183
776
5012
-7359
9692
5307
-4794
-5077
-1297
-591
2562
-6439
4916
-2829
3311
-3204
-6935
-8214
-315
-6578
2227
-4324
4509
-5284
5694
4162
-5943
5012
7330
6951
2877
-1428
-7518
9407
5002
-7603
1102
-2815
-2100
-7846
1897
-2621
8185
-7231
-8155
4593
4985
7228
-8791
-2039
-4235
9796
9844
8117
-8312
-1580
-4548
-346
1523
-1067
8495
-5238
205
2539
-9957
9930
7287
1083
2793
5443
2797
-9961
-8701
3391
3960
3336
-4202
-3986
1952
-5257
-9485
-8154
-8257
-9768
7376
3669
7825
-8077
9708
798
-3321
-7376
-9713
-8968
6619
-162
-625
2559
2526
3585
5519
-8716
-2163
-362
2178
8216
7330
-9597
2445
-671
-7129
6048
-7797
5622
-2907
4572
-2230
-2419
-8197
5998
-4590
-6818
9961
5497
486
324
-8916
986
4451
-1744
-4060
5521
6917
2185
7441
-4598
-599
-8828
-6115
8807
-9843
7483
2802
5644
6580
-6611
-9972
-1338
-794
-3629
-2103
8920
1235
-5158
-3715
8484
-6536
-9054
-637
2899
9626
6002
8813
-2783
1872
8821
7772
-1784
-8355
-1003
-2613
2759
3994
-46
-7674
8494
-7342
-3073
-616
-6103
-6713
6458
5666
4071
-1453
5926
-1529
-1179
8841
6087
2916
-9764
-1735
-3911
-2019
4356
6002
-691
-333
-7997
-3551
-5600
3121
5719
-1736
9882
6950
7195
5835
-7136
2573
6265
-4365
-3305
2055
-4467
-6699
-8490
-6742
4305
-6595
7750
7795
5546
-9532
-7911
2296
-1906
-4144
5284
6072
6545
-5574
6906
9203
-1109
-1461
326
-7978
8039
-8064
-2332
6958
-8022
8557
9053
9886
1758
7070
-354
1612
9531
-6600
6260
-1547
-4175
-9347
9798
-3871
2676
4239
9070
7153
-2620
-276
-1099
3093
855
-9385
650
-2886
1445
3928
-7713
-9056
7185
-231
-4223
3018
-2769
3345
8913
-4049
9846
9950
-4732
-211
9636
-213
8499
8093
6152
1297
-4608
-5375
-2544
1402
-6138
-4870
-2417
3392
-2565
7671
-2229
-7724
-6331
-2457
8736
-453
-7882
6255
-5100
-7853
-7035
-2793
7416
3091
-374
3167
-3944
-4304
-3626
8560
-7744
-3972
7821
-3795
2218
2952
8961
-7321
7240
2218
-5300
-6576
1130
-2021
521
5895
1741
279
944
-78
-6911
7207
108
-9302
9333
-933
-7589
-9328
-9344
1552
-9887
-1251
2671
3794
6121
1304
4550
-3621
-6502
-3168
-9227
1818
8657
2313
-9639
-4402
9473
676
-757
7281
-5308
7414
6697
6866
-2948
-4662
-8385
4218
-4374
-317
8722
4337
-9430
-9494
4105
-4103
-9911
5894
-9416
1591
-4763
-5815
-2582
5906
9887
3750
7050
-4684
1951
3105
-9682
9997
-5275
-3393
6529
-5161
4167
8157
-2037
7669
-756
-5124
-5441
3220
7075
-6951
226
6099
2529
-8677
-9357
-3169
7285
-5178
-485
-905
-9014
-596
7185
-8657
-9480
8899
426
-817
9799
7762
1148
1051
-3326
5668
9806
1550
3924
9471
-5602
-6529
-7743
-529
2990
-7962
9667
5948
-3412
7128
8160
5498
5884
205
5284
8606
5284
7587
8641
-6642
5587
-6469
-4417
-6479
-433
-6719
2753
-1210
-7013
-9974
182
1329
5505
-3370
7545
-3312
-5631
-6540
-6586
-1173
-7466
5541
-8424
-9334
-6303
2200
-5308
-480
5653
2389
-1876
5157
574
6742
-8479
-7294
-3538
-5714
4056
2854
6566
-9683
-6873
5461
-5827
-1220
-8259
-4993
-3600
3587
8219
-3633
-4506
3371
-6925
1530
-4865
-9987
-9637
-8585
-8200
1320
3534
-5426
1054
2274
-6785
-3927
3629
6086
-3333
-2617
1091
-6532
-7302
3279
-4538
-4650
-1470
-7902
-8242
-9994
9912
-3575
-8720
-6835
2723
-7059
-8280
8638
735
678
-8093
-3519
-4645
-4181
6918
-508
9456
-3064
-5089
8908
-3650
4750
-2906
-2759
420
8260
3695
1991
-2949
-1541
5359
-7663
1840
-161
3975
-8368
-7235
-9911
-5614
-7360
-2205
-9231
-6616
-4380
-3674
2049
-5844
-7104
2053
2821
-743
-9180
596
5759
355
2153
-7528
-4489
-4467
-716
-482
-4593
-9049
4023
9336
1300
2433
-6537
-6763
8560
-8912
648
-3748
-6787
-4613
8564
3845
-1868
-6684
-902
-9676
-8157
7118
-2445
-3277
-4003
-6257
5297
-4246
-8468
9203
7296
2974
-5439
6154
-7346
-6749
-468
-5073
-9401
-2881
2311
5686
-8872
-9187
-5716
-7822
-5451
-4341
9607
-1600
4183
-5263
2951
6867
5725
-9459
2766
9469
-4589
2031
2343
-8970
-752
-7570
791
5068
-2887
4646
8460
840
2275
-6673
-398
-1032
6806
2843
-1724
-161
6733
9611
-6816
2357
-4839
-5746
83
5500
1637
-6344
-1004
5216
3861
-4933
9101
3402
-9433
9220
-3341
-9726
-2148
9364
6039
-7746
5232
-5223
8596
4459
7652
6889
9033
3030
4893
-2245
8833
2872
-9947
-6206
877
6524
-16
-1370
-7532
-4850
-3015
-512
2081
1922
3402
2482
8442
6174
7643
-7999
2193
9062
-9071
-5711
-3533
-4446
7112
-2469
-4515
-5843
1803
5325
2479
5820
6528
-9090
-583
8616
-2943
-7092
-2574
1275
-1179
2644
-5145
3187
1117
-8722
6480
-2986
2746
6114
-1122
211
-6133
971
7217
9200
-4988
-2138
8166
1622
-7877
-8618
-6067
6197
5516
-9416
-4583
-7724
-1443
478
-399
6841
2491
-1813
-8573
-7567
-3645
9962
1560
-1059
-9219
-7125
-6973
7642
8802
-6374
3827
2795
-7234
-771
3239
-315
6032
8907
2721
8599
9871
-6044
-9965
1843
-5497
9584
7286
4701
1025
8056
6266
176
-7264
-3237
-9768
-6649
-857
-8498
6083
-7281
2585
9108
7484
-1562
6328
8149
4933
-9073
9039
-2626
-851
3286
1515
7860
2698
-9894
-5724
-4522
1349
-8644
-9511
2671
-945
-1277
-5287
-8843
-3854
4969
-8930
-1983
66
-1947
436
9451
1010
2293
-6920
-1183
6306
-2392
-8197
-3324
-3082
-7258
-8122
4543
3747
-1859
-3945
9220
-8702
8649
-7319
8453
-4825
254
-7182
-1908
-8853
4853
-5178
-4104
7525
-8175
3192
2324
-5225
-8691
6593
-6955
-4284
-8828
8153
-2832
-5504
4764
-9182
4182
-1088
-4017
7205
-9426
-4431
2104
4468
-8083
6308
-5097
-8338
-9932
7110
-5375
-3007
453
-6578
-5209
-1015
-7165
-4816
9504
-6570
-3514
8911
-9354
-6067
120
3695
-9494
-9403
7471
5959
-1339
4593
8839
-2827
8669
4925
3676
2188
6752
2386
3360
105
2784
5300
543
1860
6138
4010
3245
4577
-956
-8515
2407
4933
4467
-551
-305
-4058
1894
-9774
-1698
1404
1043
-5088
9541
7091
4748
7498
2660
-1054
-1106
8801
-2490
-106
4133
9955
8567
-1624
-2561
-5792
-6908
45
6156
-5063
-947
492
-4082
2884
4521
8458
-6141
-8788
7446
8449
6284
2230
1754
-625
-1766
-6658
7676
7531
52
-9313
-9159
2706
7655
-1710
-4893
2496
1930
7790
-7236
-1606
1964
-1138
-2869
6247
-4355
8112
-6503
-2561
-1226
6393
-8245
-6756
9573
-2698
476
6829
-8231
-8419
3510
-1142
9319
-2862
-8052
-5247
-1705
7845
-6377
-2257
-946
-4967
-757
5290
3576
8704
4662
-5733
-5999
7137
244
-55
2065
-3492
1650
5872
8050
6948
4093
-2671
-1057
875
1798
9027
-1061
-8357
8980
2663
7338
-9056
4358
-9991
5280
-4732
5284
1506
-4508
2098
-8992
9290
9665
3292
-8209
8459
4489
-9192
7774
2497
-8442
8709
6898
1790
4543
-9525
-1792
8442
7779
5345
422
5607
9397
-2264
1028
3394
9236
-4268
7131
2534
-1307
-4438
-9024
3866
-5569
-2715
6844
-7733
2067
4467
-4061
1300
-7722
7453
-7761
9945
6925
2595
8025
-8876
-5260
-3387
5428
-3898
-1206
-3873
9414
-6417
-4995
1260
-7037
6105
-1971
-7413
1735
9999
-5728
6719
1008
-3093
3490
9200
6646
3212
-4810
911
-1176
1414
-6627
-5610
-9243
-4909
8385
2446
-6093
-6552
-1889
-6038
6975
9507
2448
305
-4590
9440
-6222
-1511
7115
7371
-9769
6575
-1121
-9425
-7510
-6733
-6165
4557
-5287
-5665
-6927
-6231
-4189
6664
438
-9762
1792
3486
1559
433
9767
1486
3427
5251
1088
-3610
-870
-65
-1209
9368
9184
916
985
-4008
5789
-2467
9567
-7072
-8140
7324
-6060
2450
5694
-1531
3156
8413
-7741
2806
3747
-6567
-9932
1604
1527
5357
-6713
7665
-4382
6832
-9168
8282
6976
-6772
-9031
2125
8890
4126
-4514
2232
-1451
-2950
-7353
-2309
-8070
5804
-413
-9729
4963
-839
-7011
1825
-1186
-6844
3326
-9529
9633
-692
-7105
-493
-2326
-7693
-6584
5845
7506
-199
9994
-5702
-3122
2311
-9706
7619
5344
-9785
-9064
5713
9953
5360
3859
859
9827
3488
570
2146
-25
-3517
-5912
-1860
1274
-6608
477
3820
172
-9966
662
4595
-6129
2531
2952
6944
8712
8116
8024
-6653
-5771
42
5242
9727
7547
4323
4708
413
2378
-5834
78
-3267
1199
-8615
1256
1832
-3433
-8933
-8488
-5215
-3973
-303
-9362
-5991
2316
1966
-2330
6946
-8964
4652
1370
6267
-5561
1127
-255
-5366
4828
-8280
4040
5289
5964
9376
-85
5559
-8339
9450
-2287
-8818
4331
8403
-2879
4277
-4084
7445
-9404
4043
8894
8607
8792
6052
-2976
-6352
9582
-9167
8074
-9502
-7422
7607
-7143
7812
9685
4578
-3365
-8768
-1144
-9901
2451
-9381
-522
3476
-8022
4634
-7634
9484
2994
-2782
-1300
-2099
4824
-136
-6413
8779
4518
-7033
4394
4615
4530
-5729
5168
-8694
-698
-8741
-1251
-51
4588
-1605
-1290
-8267
-3050
7152
7436
9500
7432
502
-8910
3530
-509
3803
890
9123
-7634
-3522
-3125
-1479
-9757
-3181
-2720
-990
1779
5698
-128
-9115
-5129
4463
3381
6254
3380
-1771
4331
3041
-886
-4436
-6104
-6261
7737
4170
3618
5268
1200
7685
-9887
1040
8052
3989
3378
-1452
4042
536
-8091
5190
-415
-5456
-5115
5806
447
4327
9809
5417
8358
-3438
3707
-772
8930
4147
5372
-7643
-7470
-4135
4401
6668
-7216
8099
-8489
-7559
1023
-9983
2847
4032
4720
2523
-9235
1591
-9487
-1333
-5261
-920
2419
-5179
-2107
-2559
-6314
5239
8089
-6487
4979
-4117
3037
5645
-8507
-3543
-6540
3033
9333
6937
-2738
194
-6687
8359
707
-2113
-4343
8991
4940
-648
-6187
3416
7263
5783
-474
-5971
1253
-2597
600
5510
8697
1708
-7600
-4267
-2625
-8087
-5208
-7011
734
796
5908
-1971
7387
2543
5936
777
7028
5079
2280
4937
7286
-1650
-3965
6747
6940
896
-3987
-636
-3035
-3140
480
7332
623
-2070
1486
9944
-6538
-4293
4782
9912
323
6267
2400
96
-8845
8547
-1889
-7092
-7227
-3861
-8926
-4803
-2081
8477
-5234
-7848
6622
4646
2780
3726
6776
2181
1858
4502
-7631
-5787
-1023
-6635
-4267
-2392
-2005
6336
2232
6553
3790
-3015
-5560
4419
1218
4085
2603
7264
-4277
4446
5659
7049
-3862
7444
-6246
3405
-2458
-1234
-1164
4477
-7629
-7010
4592
195
-4483
4883
-5678
-3533
1107
-8200
-2224
4250
-8046
-7751
-5137
-6573
-8691
-4954
4025
-6599
-5898
-7312
3709
-4074
4652
-5135
2244
6329
9344
-9016
-4597
6566
-8186
8770
1538
-2360
-7019
-1580
64
5922
-2822
9828
6016
-1341
9216
-3321
3004
-5545
116
-6779
-1500
5082
1464
4409
4923
-7129
1350
3412
-209
-561
-3458
-2239
4723
-347
142
-5756
858
-8489
9854
-8900
-2702
-169
5877
-3641
8443
4535
875
4645
7747
4946
6379
1172
-5569
7303
-252
-1510
359
-9951
-3922
-1982
-9137
-4686
-7084
-2147
-2882
-6594
5761
2410
1645
3059
2827
4976
-1827
2807
-2377
2311
-843
-2630
9351
5143
3927
874
135
-8071
2110
5925
8752
4505
-7977
8520
4438
-9059
9592
7654
5365
3711
5249
-619
-429
-4970
-5618
-7837
-8143
-3021
7446
2374
5363
-3449
3427
1616
7306
-1854
6126
961
-5253
9110
1366
-7658
4238
9082
-291
8928
-1164
-6454
-6144
-2320
5141
1100
3056
-1202
3894
2190
7345
-3736
-316
4330
-2161
807
-7969
171
6200
1790
614
7402
8283
-6660
-4581
-2287
-3302
-4191
-3982
2976
-6898
-1812
4347
6766
-3432
-13
-9206
-9593
7103
3660
5279
-492
-3317
9512
-8841
8857
3197
3200
-2481
3063
1705
-5241
6672
-8750
-5135
-2466
6395
-2196
-7585
1191
-1359
5520
3262
6962
-4288
-8053
7094
-1517
4518
2549
258
9396
-1341
-5970
-1520
262
7039
-8509
-6860
-333
1333
-4561
2185
-7793
-8389
-2818
8933
-7603
1935
5229
-4872
3438
5439
6253
1249
6772
-2475
7559
-819
-7404
-5187
7513
3181
8266
-6507
5886
-6446
-3930
-7952
-5268
-3672
133
-8058
-3881
9484
5915
6492
5363
4332
6667
-5909
2519
-3623
-6855
-1040
-8900
5323
-7626
1904
-8188
-3822
2747
-3803
-6152
6388
5105
-8727
-6774
3304
7053
-2467
6105
-5587
7033
8279
6707
-5177
-7475
647
-9643
-6984
-8163
740
7757
-4681
-6836
4759
7617
9616
-1634
-5373
2088
-6408
555
-1136
4438
-8118
-9809
5011
213
163
5790
-1605
4302
8247
-5067
-3013
8071
-3986
6540
1167
-6297
3806
1287
-2419
-939
6949
908
6985
5599
-9308
1038
6308
-8906
-9997
9256
4466
1333
2661
-26
6439
-9949
-9127
3837
-1058
-8402
3705
2779
1830
-6472
-2541
5369
2377
-1650
-5614
9965
1337
2418
-2312
3579
-1735
2298
-4550
12
-8218
7121
-2920
8855
-863
3356
-3625
-6949
-6566
8375
-5635
4783
-6727
-5506
-919
-5168
-5748
-2968
-5236
-6310
-7735
8397
3912
3858
574
6216
2851
863
2205
2999
-9432
6745
7357
-7073
-7590
2426
8975
-83
-5962
4946
-5794
-1033
-252
4726
-3647
5217
-8039
3288
1633
1852
-3283
-3790
-158
8937
628
2843
-5936
-2885
6075
540
-7802
665
-3072
9308
9118
-5885
-8434
-2025
1840
-4148
5716
-114
-8279
-2874
-2847
2136
-1462
-5028
383
-2185
5753
9528
6473
549
-407
-5147
-4503
4140
-3231
6382
6034
-7499
4491
-8923
183
2264
-3877
7904
-2553
626
8090
5182
326
6933
-7954
-8408
4905
-4871
1863
9938
-3699
-5104
-2935
2144
-5420
-521
9297
5126
-9027
-8023
-2970
2983
8767
8398
-1506
6911
8066
-16
5738
3292
-198
-6930
-8865
3175
6880
2153
-6815
-4799
-4913
-4709
-211
6312
4152
-4024
-700
-4167
5795
5165
-2096
-2961
6594
2325
-2284
6185
-13
-3957
532
-3510
3827
-1271
-2499
3482
4730
814
-3053
3690
7254
-4849
4886
-6859
-9977
3524
9520
801
2676
1763
702
-5243
-4023
874
-520
2245
-7570
-2507
4926
-5896
1253
-9616
2016
-405
-2625
-6905
-9110
-5954
-5637
4057
-1077
9292
-1476
-9302
-127
7112
2566
2551
2371
9218
6421
4389
-9813
7273
762
1043
733
-9973
8531
-2322
-8392
-4712
6118
-2654
-4361
-1115
1594
8525
676
8076
178
5040
1691
8656
-2362
9312
-3817
-6434
1759
-3271
-5989
-3121
1327
-623
9183
-6486
7275
7050
-3500
-9466
-2361
2241
-2218
-1875
12
3428
-3059
-9732
4600
6305
8064
-2936
-6222
-5127
3799
8378
-568
-2477
-5557
6907
2439
-7827
1804
-2773
-9066
8173
-4306
-1206
-7921
-3243
6097
7097
-3396
4437
2028
-5765
-8822
-5477
-8938
-5834
-5652
-4443
-6928
5942
7663
8663
-2414
3024
2389
2376
-6448
-3229
-7087
-8393
2025
2138
-5090
-3045
-3251
-3441
9339
695
-2360
8521
-2585
8556
6062
6854
3445
361
1349
-6860
6604
5022
6218
-7910
7934
-9202
-6527
8755
4099
-6013
-2340
-678
-2607
9403
-7577
7745
-7334
-5056
-8690
795
5346
1077
4044
6810
-228
2284
8561
6034
9120
2900
8558
-515
-9461
7248
-7488
-7848
-6542
-381
6839
9674
-2844
-5913
-3869
6276
-3364
4989
9114
-8060
-2464
-1825
-3961
-2828
-7687
8402
3474
5679
431
6071
3144
-348
5600
-2497
-921
5522
-5828
798
1928
9172
-3968
-5063
-3510
4086
5709
1690
-8841
-6523
-9499
-3550
-3883
9286
8738
-3586
3403
-5540
-4173
6290
-3123
9229
-5901
6769
7367
-6882
1159
-5585
4002
9274
-5260
-658
-7819
-3406
8763
-588
-5109
9022
6099
1086
-8915
5313
609
-1971
173
-629
2965
3647
4398
7385
5092
-2439
-4622
-2377
9342
4768
4930
4901
-2836
9511
-9388
4727
5128
-3006
5276
-4586
8280
-4391
-815
-8156
-2808
8856
-3238
-6851
-3325
8643
7253
-5672
1998
-2745
-5436
3533
7905
-1332
-2411
-2479
-7613
-9338
-979
8861
-2303
-8437
-688
-8883
-54
2431
3663
-2876
8682
-1334
-4402
1996
2113
-7733
-9903
667
1183
-4761
6242
-3727
7231
-4774
-4446
-9378
-4419
-1235
3946
-2239
9589
4616
-3140
-2070
-2630
-2977
-3253
4929
6607
3592
-3485
-64
-8795
4653
2871
4443
8722
-4259
4710
8640
-5910
-3779
3240
-4327
-9891
-8773
7162
655
-3731
1859
-796
-3992
-2326
3498
-7196
17
3851
3208
6937
-5450
-7477
-477
77
-9202
222
-9114
1919
-1484
-3921
7888
5933
-9872
-9673
1609
-5893
-7659
2300
-8753
-8606
-3805
100
879
-4392
-9204
7348
3280
-4649
2548
9513
-2071
9549
8593
2706
-846
-8096
-8494
3880
1111
-4677
4124
3307
-3511
-5190
5232
-6181
2319
-8722
-4408
-7280
4571
-5843
8128
-7402
7415
-1319
9937
3752
2045
1771
-9000
-7736
-8698
1724
-5834
-6504
-5606
-2704
3441
-4200
9830
9407
5943
-1092
-6772
-5727
-1022
9705
1588
3158
-265
-8532
-5568
-8177
2825
56
2558
6524
4314
154
-7146
275
-7454
-8966
-3293
-9446
-9432
-8720
-5249
-8623
-3731
6817
-3114
6143
3208
7061
-931
-4457
7820
-6922
1051
-2906
-6811
4262
-9691
-6468
-2975
8573
5288
-6507
-1940
-450
-2913
5219
-2796
3157
2981
58
-7060
-9136
1796
-1097
-949
4951
3212
-5874
-7916
-7383
-6017
3055
9264
1332
1673
339
-5993
2961
-115
8361
-6802
-3174
1850
7383
4107
-6968
2236
7279
-4940
-5491
-4241
1649
5925
-4693
-7665
-2985
-8337
-1745
-3286
-5343
2558
6606
-3753
-260
2003
-6022
-6208
-8239
9841
4704
-8293
-4472
723
4386
-41
-9000
-7526
4300
2065
5580
-3484
-1035
6405
-8333
-7305
8116
-5886
2883
3902
-6820
1078
7019
4522
-394
-8247
-1996
-3654
8889
-8794
-6572
-1227
-9207
-7884
-529
2964
1065
9539
4521
-8771
7294
-7967
2092
-2454
-447
6572
6995
-7769
-4032
-2334
9841
-3078
-6061
244
-2079
-9986
-4362
3705
-1653
9736
4008
-7394
-1521
5674
-9474
-7140
4305
2997
-6428
-4542
-447
3833
6321
5329
1765
2696
-2842
-8025
5990
-9927
7428
4210
1108
-5879
-9913
-3258
-8105
987
-2558
-502
-2669
-5536
-744
-2259
-1258
-9774
1140
5686
-3198
-3014
-5050
-6727
1138
8209
3899
-6779
9258
9316
-2601
-4422
7487
8272
5842
6040
4704
-243
-5716
7474
2336
4328
-306
-9054
6849
-9656
-3393
-3402
1343
-9519
1887
328
-3946
-1081
6052
4139
-9360
1258
-1746
609
6127
-8576
3049
-4599
-5004
-3887
5535
-2442
4201
1612
-6313
-1253
3377
8614
8078
9667
6378
2402
-1520
7773
7068
9036
435
-1356
2465
-3360
-3983
28
-7055
1576
-4032
360
2728
3042
-9841
4441
-4554
5439
9343
2449
-284
6792
571
2534
2526
2716
-6410
-9583
-6303
-1996
-2880
-2842
-4286
7431
9892
8383
-4680
-2519
-1567
-943
4519
-4274
-4093
4735
8682
-851
-1091
749
3132
-5953
-6778
7853
6499
-9241
2125
-4491
-9638
-3861
-1894
-4878
8730
-1823
7714
7574
-8572
-4123
-90
5932
7917
6950
-663
-8884
7558
-2815
6668
-758
71
1764
-1016
6793
3608
-2667
-6040
9133
3900
3019
288
-7986
7482
2970
-6579
-4343
1257
-4468
1547
-9392
567
9451
-8883
2337
2102
-6629
2524
9972
3236
-92
6127
-8307
-7755
5421
7780
-3726
-2625
708
-6984
5431
9090
7930
9000
-9131
4850
-5013
6149
985
8098
-8069
6542
9400
-1521
-4036
-7188
9120
9414
7468
8719
-6230
1971
2683
-7392
1932
5831
2219
-9437
-597
-9307
272
-5588
3917
8457
5815
-5798
1388
8565
-5406
-2284
1287
-2182
-911
671
-9198
-129
4765
-5191
9262
-943
2365
-779
4852
9031
2572
-3469
-4182
7537
-8190
-1125
-2600
893
-4802
-4906
244
-4347
7301
-6870
5145
-1832
9636
4944
-1802
-2397
9746
-1965
6851
-7428
7345
-6522
-8369
3307
-525
6115
-9323
9174
-4392
-3748
-5524
7559
-3627
-7360
6269
-2244
-6223
300
-6768
3530
810
-118
4223
-8881
2741
-4277
6636
-1389
-9854
637
-3698
-8774
6045
-759
-7674
4201
-6960
-3861
-6895
-8110
-7994
1679
-1386
-2563
9706
4165
-1025
-2379
9422
2208
-6140
-4435
-6871
-2416
-5726
2573
-8520
5146
843
3485
-2588
-6223
-9800
-3732
-1788
20
-4167
5085
7737
4644
2444
2991
-8681
9375
8236
4520
3876
4094
6081
-4547
-2503
-8985
4981
5760
5029
7888
7719
2407
6705
4977
1208
5045
9310
5252
6563
3655
4939
4380
6858
-3843
2226
3327
-3797
-1182
-2350
-3614
-4463
8506
2823
9247
71
9512
-1419
-3531
4263
3321
-1788
-483
9041
-7184
1829
2756
-233
-145
9715
874
-3723
-5537
4181
4277
7262
4732
2240
-7469
849
-8065
-1671
10
-8693
5673
-2825
-418
1782
457
-8377
-3714
3390
523
8105
3467
-1660
-7650
152
-2233
-9876
-5153
-6233
-1611
1873
9831
-2361
-2637
153
-4018
4901
-7279
35
-2182
880
-5459
-8068
-8472
4120
6220
5232
-2474
-1070
4342
-7618
-182
-1064
3599
1573
4163
-3219
-9714
8890
-5766
-3970
6908
-1668
7540
2020
-22
830
2055
9062
7951
-5117
326
8060
8541
7081
5611
3086
-449
-2853
2784
-709
-8975
3690
-3158
6421
-8132
-9066
-2125
7785
2285
-9529
-7821
-8964
-8240
1368
-7015
-4175
8750
-8749
8827
-3128
8384
-5481
1688
-3424
4367
-8363
7558
9181
-8086
-8773
702
-5307
-5693
-345
8192
6500
-8090
-2786
3075
-6193
-8585
-1099
-1411
4133
-5817
-5909
972
-3950
1811
-5830
-8833
4877
-7911
-1470
-3196
2945
-3401
9254
2478
681
2242
9938
7554
-236
8512
5145
5918
-1143
9026
-2050
-57
-5308
9154
-8728
6894
-7171
7253
-6151
4607
8522
8876
7031
9349
-6213
493
-3031
-9827
-6973
7177
158
-4171
-3146
7994
-4474
-2911
-4242
27
-7260
-1318
5544
1092
2843
-7533
-5205
1280
9030
9530
7624
-660
-7964
5830
-899
9871
1072
-7773
9524
-1487
5935
6328
9769
-551
-1310
1265
-856
-2713
-7813
-8562
-5579
842
-8788
3271
4517
-5762
-6790
9722
1193
7110
-6447
-8109
-309
8419
-7790
2230
2160
-1234
3815
-7508
8350
-4360
-1064
8296
-8329
-133
9685
3381
-4732
-9925
-4301
2878
4653
3487
-8044
-6407
-5500
4871
-8481
7857
-9183
-695
-2962
2926
2504
-3413
6694
6435
8039
8799
1250
-4140
-8485
4406
8296
2274
-6765
-3294
3773
-8331
-4276
-4115
-7660
837
-3653
-7953
2497
-1724
-8759
9968
-7988
5675
-5992
-8645
-6111
-4864
3972
-6310
549
5313
-3035
-9932
-3773
2480
5745
7104
-4956
-6022
1534
4676
-6852
7493
7941
7887
-7455
-8490
8770
-7313
1463
6685
4152
5743
-1977
-8259
5233
-3279
-8946
1340
7235
-6268
3089
-2717
4655
-9598
-2642
-6926
-1213
-9175
8974
-1500
-1570
6548
-9961
7802
4467
-2827
6558
8262
8967
2129
7930
-3754
-1195
-137
-8813
6971
2929
6463
8056
2486
-7350
-1252
5008
2142
-3864
-7747
6025
7312
-6508
1573
4365
5491
791
677
-8942
9030
8923
-2029
-3280
41
-5427
-694
-4115
-6395
8996
-2435
7220
9689
2044
5817
-9563
5058
-613
6294
8454
-1947
-1451
3673
6582
-7556
7786
-6007
-6846
-7684
-8372
-5396
-6703
-3073
5055
5630
794
3282
-9703
7534
-5995
-2915
1962
8628
5615
8746
-779
3858
-3465
-4940
6587
9799
6357
3886
409
3562
-3558
-1364
-6712
3945
-6221
5362
3970
-2755
-3561
216
-5628
9322
6400
-2634
-3761
9168
-7690
9458
-6967
-4591
-5049
-6173
-7424
1984
-9613
8640
4815
-8286
-7037
-7766
2553
6532
3129
8211
-2063
3736
-2525
-8918
-836
-6355
5545
-2651
7951
-9783
3910
-9271
-4846
-282
1428
-4456
870
5511
4704
-6313
-5886
-9802
-6500
-2341
8953
5883
-5581
2384
-4584
26
-9865
9830
3627
-5078
-7882
-8456
7103
78
1739
5338
-2366
8849
6673
-3938
-2905
1731
-1261
-6237
-7995
9034
-3554
763
2143
-8857
-904
8248
3294
3527
-5783
-8750
4603
3074
2583
-8009
-6631
3763
8817
7951
-2770
-5707
4513
8971
-2237
1718
2532
8874
6641
-1734
3478
7111
7851
-4945
5190
-7229
4570
-4280
5097
-7574
6179
-2375
-1174
-6683
-2875
-8242
7103
6875
639
-472
4407
-4156
398
-2699
-5361
3052
-6412
-341
-9213
7841
-5324
4129
-3038
793
4666
7273
-5
4194
312
6318
-1228
7
1418
-1786
3449
5852
1467
-4620
-6607
2695
-6207
4765
4812
-661
-1885
-8060
-5896
306
3867
-8060
-2253
9462
-5226
4106
9883
-8020
-2249
6061
2145
-4979
764
4459
-7044
-5501
9145
9601
7162
-7828
-8032
6630
4465
-914
4419
8293
-1228
5975
6160
-5259
8545
-9328
2842
-9770
-7689
862
5752
7082
-8923
4468
-3161
-8434
-2947
56
7499
-8524
-4441
-5296
-7245
-6913
882
8425
5145
4345
4933
68
-1943
6516
3508
2494
9113
-709
-7890
-1030
3703
1940
-3629
-7700
9793
7158
-2045
-2779
3820
-6783
9138
-9930
-6328
-4643
1591
323
3259
786
-700
2886
458
1089
7151
2749
7095
-7009
623
5809
-6845
7372
2115
-2524
1428
-3725
-2740
-2986
-6798
2528
6650
8755
-1844
280
-9436
-9988
5304
-1958
2257
8785
8919
-6927
3764
-8391
-7114
6962
-2827
9133
-6799
-7335
-5111
-1561
7762
-6662
-3869
-1246
9815
6694
-8764
-7474
-1038
-7811
46
818
-6455
-8470
119
7038
2622
8767
89
-4051
9577
-2067
-3578
-2605
8194
3776
2200
-9975
-4421
-4810
-4025
2898
7433
-7238
627
-2008
-9405
2689
9025
-5304
162
8640
1059
3447
-6647
-1336
-400
-9681
-7777
1504
6547
4523
-7497
-2275
-97
-3925
-9999
-4673
-4033
2851
5241
-8853
-469
422
6220
7841
2167
4651
-1381
-2151
-2074
6073
-183
-2529
7453
4725
-8242
7080
5874
6084
-6242
-3312
9442
-9185
-8700
-5806
-927
-6605
5895
-893
-3315
7121
-433
5579
3804
-5799
-7967
6241
-6317
1725
-4507
7234
-8616
6037
-4919
3885
-6337
-3616
-4578
-5954
-5087
-1103
-9728
3397
-6357
6493
-2860
4418
1171
-5377
9001
-608
-859
1094
4641
-3797
-7109
2333
-9783
2127
6955
3508
1028
2926
4186
-2992
678
-4834
-306
6124
-5348
-4963
6914
4649
-5175
-7023
-1102
4218
9418
-8512
-3882
3013
7643
7305
-7924
3254
3411
-5666
-690
-2810
-374
-9377
-1598
4611
4092
-6637
7952
3389
-3259
-2619
1486
7405
-3157
-6983
1751
-3039
-2885
7850
-5
7208
7788
-6591
-1136
1783
8704
-3148
-8282
7829
-4727
-3976
5784
8970
7016
-956
-6211
3710
7632
8133
4830
-2479
-4278
2615
-701
-2153
-3407
-4121
807
-5523
-9955
8930
5930
-835
7389
8376
-4444
1449
5437
-3021
342
-2184
6887
-434
-6371
8346
1350
-4908
-4704
-6726
7686
4791
1609
7423
4792
-9687
-1488
-1250
-8143
-5062
-877
3328
3569
3630
-5886
-9172
-1023
-7014
8086
8785
-6571
1371
-7934
6513
3474
5780
-4095
-8307
9833
-766
2095
-5175
-735
-9795
-5260
-4804
5427
1037
2907
-425
-3217
6182
-1343
495
5788
-7390
5352
1481
-4100
4122
-2933
-6175
205
5216
-9044
9398
-1236
-2372
-4727
-3915
1269
1217
9645
5601
-5659
-5268
-2461
-2788
-6112
-6472
-6810
-5515
4110
3520
6195
-5778
-5151
-8430
8448
616
2322
-4596
4934
4045
2985
-2057
1657
858
-9286
4252
-680
2407
5740
-985
7904
5461
8598
-4361
-3461
4019
4419
-9602
1526
3724
2484
-8869
8848
1552
7268
850
3822
2781
4775
8389
6539
5643
-1813
8337
-5651
4785
6817
-1080
6131
2839
-3915
-9050
138
9529
-1480
9586
-8225
-7020
-8545
-5581
494
1776
1572
-8660
5145
-9654
-1046
-6154
-3371
8125
-2465
-5320
-2
2796
-6310
-1659
5739
8399
2595
-4013
28
9144
-8910
-7981
9712
-9727
-3825
8946
-4589
-4781
89
-4661
9812
8469
-6142
-986
-1004
-3472
-3017
5809
7130
-4005
9566
-3686
-7804
-8537
-7176
9222
-5608
-1143
4037
-9167
-4327
-9249
-4921
-1886
7477
-1855
1759
-9174
8763
2470
-9996
-3654
-630
-9616
-3054
9598
-1436
-5131
9742
-7591
-9311
-1174
3528
-6466
-864
-3442
-6167
5608
1272
1329
6988
-6601
5165
8223
3001
7016
3487
-1299
8300
-6417
4956
2815
-1387
3763
853
-5485
-9224
4615
-9427
6894
-8652
1505
-8882
7328
-127
3544
-6346
-9162
-4334
-4577
8143
1757
9530
-6376
-6627
9230
5292
-9065
-2448
-6054
-8582
-8556
-967
-5421
-2337
-7252
-9735
-6124
8056
8917
6836
-8626
4428
-1796
9317
6768
5837
-4291
-2965
947
8279
-8674
3073
7295
3093
-2904
3692
3550
5667
7715
4941
-1733
5837
270
182
3573
9047
9047
-2727
-5466
8662
7293
8092
-8054
955
6783
1609
-849
-1424
-2272
-1886
568
-5317
-8166
3793
7917
2079
1532
-802
-8477
-8606
8994
6458
-6940
6826
-336
-5065
5786
1376
6634
5338
-9059
5494
9170
1833
7318
1188
4127
-6753
7439
2254
-3498
-7489
-7494
-6014
-1720
-6427
1115
8574
-184
-2121
-4942
9198
7015
2714
7017
-8781
-2962
1537
726
3871
8695
-4864
-2835
-5700
5384
-2560
-1402
-20
-914
5387
-7162
-6132
-4622
-3354
3404
3346
-4774
-6817
1403
-2667
-8705
1500
-6849
4587
-7003
1842
382
1613
-2787
4599
-740
2903
979
-6769
8426
5772
5748
4355
-9843
3895
7009
753
-2105
-4276
-4856
-1636
-3548
-4500
-2331
7139
5634
-5913
4917
2063
7133
8572
1330
4230
-5001
-8228
8432
-6626
9409
4909
4722
5931
5577
-1910
-9430
-1352
5728
-8088
-756
8308
6182
-6989
4237
2212
5779
-4778
3325
4279
3109
-5862
8862
-7017
-4158
-6650
-5504
-8486
1033
-1019
4859
-1320
3929
-3451
5576
3799
-4579
-6501
-675
-349
-3726
-221
-4893
-2439
-4905
-91
-3788
7682
1680
-8652
6422
-1987
3383
1425
1199
-5931
-8417
-1108
-7931
8946
-8762
-6038
83
-1141
-8745
2050
-1399
-1351
1401
-4671
-8607
9702
-7848
-8403
7065
804
-1938
-2041
1970
-3173
-6259
4073
1988
8218
6987
6255
6908
6767
2251
-429
7475
-2447
-4444
3152
7916
6138
-2704
3336
7369
-7053
819
9057
-1462
5735
-5658
-4950
-8092
-7591
1503
8507
-7110
1874
-2369
-6758
7995
2802
-9800
-262
-9481
-2328
5176
1566
9087
5085
-266
-516
-264
-8790
-5640
988
2652
-9111
-9346
-5249
9453
-7927
8207
-8963
663
-2180
-8673
2822
-8703
5995
-7495
2026
3407
-6391
7311
-5835
6071
-2172
1723
-3342
5309
3096
-6800
-1776
-9106
9981
8098
5154
-8171
-9055
47
-3744
638
7089
-5688
3434
-1851
-2160
-3936
-6419
1146
5962
7473
8766
-3085
6594
-7643
100
-8275
-2392
-9209
-7662
1281
-2586
-794
1330
-9057
-4167
4291
125
2218
1821
-5096
3526
-6192
-9183
3781
-394
-7901
2490
2936
4018
2265
7700
568
1498
6045
-4605
-5169
7659
7119
9943
-9519
1955
-5825
-8083
3405
1444
1185
-542
-8113
-8431
653
9090
-5425
8182
-4009
4799
-5638
9157
8390
-7010
3514
7515
8466
7628
-4155
9697
6943
1870
127
-6451
-8143
213
5837
1993
7275
-3249
-2729
7115
-7737
-9318
5881
3780
-5708
-7596
4423
-9675
6279
5583
1722
8026
6656
7904
-9573
-5974
-7141
6774
5674
-8457
-3570
-1721
-6837
-9584
-2459
2598
-9842
327
6424
6097
-7206
-5172
5542
5863
-4490
1335
9425
-6505
2227
7621
1493
-9677
8057
4474
-3386
-4604
-9171
-5883
-8379
-9322
-1540
161
-8098
1844
1318
3831
-8094
8495
-7479
2561
-4868
-1385
1065
4266
-1807
6572
6874
9969
9753
9230
4010
4844
-9611
7121
2157
6760
9356
-1043
229
2543
-3258
9361
2510
8899
7268
5527
7716
9830
-7175
1523
4274
9340
-6071
3781
-8808
-3384
-771
3726
-7368
-7213
-9216
-6433
-3363
-3508
-2278
8268
7720
5417
5574
-7232
-3528
5099
-9135
-9622
725
8544
2962
6613
9370
7265
-9216
-4586
4444
-6500
9333
-5442
5947
-7540
-8867
2063
7077
36
2874
2924
7841
-4597
5784
-4471
1374
8160
-4760
6881
-2151
4767
-5253
-6298
-5851
8860
2941
-8494
-5286
7052
-4181
-3395
5884
-860
-9422
5960
-7801
-7175
6086
4789
-8076
-123
1211
6682
4907
7147
2404
-8022
-1179
-5198
-9435
3923
-7684
3950
-3177
-9369
-1775
-644
-8712
-3438
-1286
-7285
-1683
-8278
-8602
-4872
5141
8997
9838
-7598
490
-3452
-7110
2717
-969
8396
1709
1234
4401
-5067
-145
-9661
-4173
7388
3413
-4805
-4614
8179
7918
3556
-9735
3257
-756
-7710
1594
-348
6829
1341
-5262
-7591
2918
-7587
-3200
1150
-7477
-2770
-8574
-7864
5245
-830
5747
2734
8816
-7499
-7643
-322
-1640
-3060
-8073
-6163
-4592
8727
-3789
330
3750
-2122
4679
-4340
-4922
-8777
2813
3306
-7198
93
5529
5065
4635
-7108
-8561
-9520
3342
-4447
3071
-2793
4734
1135
7566
-1090
-3622
-9436
6274
-5126
7722
-3462
-3239
-3382
4347
-1559
-6777
-5048
1669
-3863
8042
3002
-8234
6070
1739
936
-7715
6924
-8652
1289
916
1554
-6968
7158
8779
275
8323
-1696
-9875
7879
6416
8957
6001
1744
4289
-8195
-9376
-8928
7918
-2917
-7939
-3016
9197
8942
-8682
4715
-9110
4160
-7098
-638
1635
6006
-828
-5864
7043
2126
1419
-3483
-8935
679
9255
-9128
-5292
-8806
921
4638
-9475
3270
-3705
95
2929
-1015
-3005
6663
-2086
-4534
-3626
-9502
5513
5971
-9527
-5439
4209
7805
-2064
-3271
8931
-7293
2292
2922
5314
953
603
-1763
-9342
-5867
4469
-1177
4706
7211
-5626
3818
-189
-1962
395
-3845
1060
7954
1579
-2562
-6980
-4185
411
5293
-9261
320
-818
-5192
-8420
4666
-9288
-922
3123
88
5085
-3143
-6385
-1101
-358
5328
-5211
1390
9967
7110
-4775
-9081
6248
-6665
-5471
-4182
4167
-1917
-3784
5760
-9456
-5781
-8549
-3900
4497
-839
7459
-5802
1611
2236
3552
-7415
9473
80
271
-8009
8252
2172
-6184
276
3352
-7307
9670
2495
8047
-9184
-7837
-4779
4640
7477
-7888
-3104
-5220
-289
1758
9421
-9907
543
-9044
4283
-3294
9201
8733
7183
9339
9190
-6987
9445
5838
-5136
560
-8192
-3916
-3620
-4705
-5853
852
8282
7872
3352
3849
-4296
-9128
4141
2898
-948
-5936
7871
4950
-688
-1879
-6994
145
-9080
-3266
2864
-5824
-9281
-6091
1377
-3547
-8721
8705
1144
-8969
-2624
2967
-8683
8618
328
-8886
7959
-4810
-3632
-5179
1258
-9689
-7529
-7323
-8995
-9856
8079
-7183
-2319
5740
-9211
-1418
78
-9021
-1281
-4925
-1648
7253
3006
-6050
-5858
-4426
8995
3010
-2341
6854
-3090
-4426
-747
-4901
1761
-6198
-1253
3950
4419
8496
-2228
2943
-1344
4853
-3765
5030
-4466
-5893
-5682
-9993
-5238
-5324
-9163
4849
9313
-4675
-6633
7651
6091
-2091
8408
9723
-3407
2968
-4680
1229
-7793
2620
9253
9884
-3371
2343
-752
7752
5543
1707
-1027
-236
2500
991
1396
-5582
-3452
3772
-3980
4174
-1605
-7599
-761
-428
5722
1379
-5999
-9409
-5836
36
-8350
-5410
-9666
238
-3221
-4699
-6992
-4771
-9043
2638
2760
-5882
-5907
-4919
-5874
-8424
8707
3015
-3055
4334
4882
-8193
432
-3283
3698
2908
-4522
9408
8457
8771
-6116
-146
6072
7364
-1550
-5419
9777
-7780
-5575
-1787
1446
-7291
8295
-4741
5213
763
-243
4888
7265
7819
9750
-1890
9458
1818
1445
2887
5371
9263
4097
3201
-1180
-2850
-8435
-9206
7806
-8846
4624
1924
-1956
4630
5331
-7148
2337
6369
-7416
6493
2772
6012
-6296
8180
656
-784
-4939
-6176
-6120
9713
3550
4721
-8153
-9631
5153
314
-4282
-478
5930
9803
5431
3612
922
6479
-1106
4647
-5949
-8769
1792
-8874
-7025
7649
-3501
7712
-1247
-8191
1941
524
2323
-55
9384
6200
-4802
-7200
-7494
-7834
3032
-9475
5108
8804
-2952
5223
-9944
918
1173
-9205
-5555
8450
-9812
-6120
5000
-424
6688
2938
1760
-612
-1252
8209
-5101
1074
9204
4717
263
-1884
-1366
8136
-8840
-2606
-7892
-7392
2768
4151
-2438
144
8214
-5835
-3451
4587
7357
8540
-9709
9044
-164
-3300
-4832
444
-9378
-6236
-3362
-1191
4976
-3178
28
-1
-9864
-7191
9093
-2851
-1563
-7014
1728
8535
-6239
-240
2069
7324
-990
6059
5007
867
256
2121
-4772
2535
-6814
1108
-9295
-3556
5841
-4917
8746
-500
9038
-6868
-5360
-9389
6591
-3013
2292
-909
3844
-6735
7095
9525
-1720
3523
-9076
-2787
-9805
9774
-3211
1192
-836
1212
-7830
5
7036
9238
-5672
9645
-418
5031
-9947
8640
-8686
-3032
9522
5598
-6815
9837
9882
-8738
9466
9835
-8489
8590
-4949
-8988
-4028
-9752
-1525
4465
6620
-722
-8460
8074
8289
5090
6991
-2731
-4039
9188
584
-8887
2995
8200
-7392
5726
7464
-5005
5472
1684
-2212
-6158
8875
-8260
-9149
-4137
5837
-5274
-6592
625
1328
1991
-1815
6439
-851
3175
7174
913
8799
-8603
2328
-7180
531
5000
-8265
-7273
283
67
-5932
-538
-2077
-9565
-5603
-9245
2011
3256
-5185
9475
1010
3262
3973
5964
-8572
8551
-6466
8106
-8918
4006
-6563
296
-8241
8538
1594
7761
8867
8854
-5450
771
2473
6089
8347
-1876
-5141
1679
-5790
-8092
-6355
4659
1358
9223
-2817
-6017
7574
6701
-2965
-8030
9376
-5144
-6641
-9092
7209
6490
1093
-23
8449
1744
1405
6088
5331
-2370
6572
1510
-7262
9272
-7586
3180
-8530
9707
-6778
8866
598
4022
-5865
-6402
-5704
2312
-9589
9453
1812
4535
2336
-1667
1423
-1030
-6333
3557
-3118
4036
2788
7409
9554
-3074
3849
-8819
-9973
7519
-1154
6413
-1690
5994
42
8216
-806
3908
-9026
-9393
9966
9969
5958
989
-1924
8075
-3422
-1348
7218
7997
7022
2593
9746
-1470
-6308
4934
2073
789
5636
1203
-7588
-2668
4242
-4665
1934
566
-4643
-6392
1502
2182
-3816
-699
3389
-3620
8033
-9627
-5154
-6442
6999
2094
5654
-7528
937
-8685
-5757
1277
2826
-2053
3017
2520
-1664
-4918
6519
-7796
-613
5838
4553
-9884
6979
9192
-7034
335
-4854
6325
8265
4764
8608
8377
8957
8591
1830
7591
-1503
8189
6074
-5554
-7669
6441
-3759
6723
6473
-1189
-6334
8359
-254
-742
383
-2154
4123
-2202
8223
-9780
9334
-4172
-1289
-7309
-7819
4199
1895
8941
9404
-2745
-976
-2950
-1868
-2239
-7805
9671
2444
5883
9813
1651
-7334
7954
3119
-1761
-1216
434
4321
5394
-279
529
1942
9414
2834
9000
7491
-5422
-1595
4911
8697
7509
-3903
788
667
9468
-7210
1752
-7351
-8592
7212
-2970
9850
415
7523
-9551
-8696
7909
-1356
4521
-3899
-6058
4887
-9447
4428
-1045
3102
-5408
8147
8647
9470
6889
6908
-3963
5422
9322
4010
4000
-1815
-3114
-9680
-6050
-3987
-2785
9573
9530
3845
-757
2708
3981
-8828
-7886
-6384
6488
-5208
-5262
-1947
-656
-8578
3470
-151
-7386
-3868
-9207
-974
1906
-8247
-4549
-3743
4763
4593
1135
1596
-9626
-1067
2649
-4391
-7815
4455
-7754
7189
-2069
9459
-3039
9477
-4854
8672
-6449
-1756
-7064
790
1545
3692
-7902
-934
9476
-3360
-18
-8011
7934
-4955
-7295
-717
-8970
-9136
-3653
-4314
-8024
4826
-6864
-2101
-1755
785
-5005
-2844
1995
-5240
5185
-8635
-346
-5265
6119
-1782
9826
-6787
4496
-9467
-5492
-3479
-4241
7926
1796
-7208
4614
9906
6113
-2383
529
-5946
-3647
-5043
722
-5771
6859
1610
1658
-8067
8100
8478
2640
-584
5225
7144
5345
-1602
-3729
-3070
-1692
6888
6965
-8078
-3768
8015
-2365
2977
1085
-397
5474
-2269
-1892
6936
6807
-3756
7956
7946
-8099
4708
722
3009
-2434
8937
7212
9823
-2034
9300
1674
-7689
-2172
-8962
2193
-696
-9483
2656
8205
6950
-9841
-543
8923
-4230
-8561
-4534
1872
-8384
4479
6198
3306
6414
-4880
4709
-9743
-6476
4879
9071
8617
9694
4071
-6570
-3402
-105
-5740
9653
-1460
4392
3231
-5035
691
8286
-1509
3134
-5741
-3926
1818
-1175
3586
-1407
8140
8884
-6745
7332
-9354
2831
6602
8058
5835
-2700
2938
-4167
8938
-556
-102
-4093
8531
-5717
1353
3981
-2777
-1579
-3380
-6053
7611
5307
6459
2599
-9064
-8955
3845
8033
-813
-6316
9280
-208
-2876
-3577
-3343
4983
1157
-4934
-9580
9842
3081
-1456
-3927
-7457
-6442
-6459
5819
-2502
-2976
-3866
1230
7713
9796
9308
7332
-1354
3005
-5501
5068
8611
5671
4120
-2711
8983
-9586
3537
6938
-7921
337
-9145
9738
-2384
249
9359
-8010
4304
-5424
-1562
567
8916
-5152
4810
-5524
9236
713
-347
2085
-2565
3325
5316
141
7499
7452
615
9845
4477
-6712
-9839
-5255
6982
-5436
-5602
1010
-4715
-6546
980
2039
568
6933
6163
7825
2782
-6375
9894
-5414
152
8350
-8645
-8208
-8423
1836
7727
2299
2749
7687
-4798
8025
-9723
7334
-214
5027
-8160
689
-3324
8798
1445
-2084
-2299
7328
9468
-4966
-562
-1028
-1667
-7520
3262
-8948
6257
-5288
-7711
7738
7157
-5506
-6426
7275
3292
-1861
-1713
2408
3988
-3557
5505
427
-5311
8877
-2852
-6014
8421
-2793
3364
3331
7713
-4237
1533
-5523
-9067
-3671
-3882
-5706
-2813
-2358
3708
-9066
-1422
-1241
3439
-3569
-8786
5420
8305
183
8685
-195
8218
7844
-2387
8587
-3094
116
-72
3602
-7178
8757
5353
8466
-2077
-2665
-4759
-4920
-271
3820
2162
-7287
-6066
9721
9909
-261
9292
8637
-8234
5519
716
7610
2837
3774
-8167
3588
-6488
-1
6354
-475
-3165
3523
-7809
8395
-7270
7661
-1115
-9105
1117
-1967
-2156
9411
1474
-3000
1149
2679
7809
-7795
-8543
-3225
1880
1144
8965
-8571
3055
1364
-8126
-2946
7894
-5282
7736
6668
-1622
4476
-2973
-4712
6134
-5000
8870
-9815
2198
-2248
3299
1742
-2441
-5188
9228
8675
6491
5971
-2892
2051
-2632
-3591
-2529
-9909
-7808
8849
-6216
-3609
91
-7141
1505
-8773
6064
-3981
-7867
-3920
4707
8550
-3190
4921
6264
81
-8286
8736
-5355
-5640
-3552
9522
-6682
9023
4007
3876
2394
-9304
6718
-5119
-8917
6346
2880
113
7739
-3413
7408
-7001
6682
-358
1866
-6201
2403
-1493
9429
8722
166
-5424
-9676
1359
-2015
6384
-6532
6936
4551
-570
-8801
2014
6562
-967
4711
2746
-9771
915
9406
3410
-9318
9217
-1526
5636
1515
5382
2198
-783
-8804
5756
7500
-1751
1957
-3512
-7041
-5809
8829
-9927
-9340
-4120
9153
4061
-6816
-5562
-8427
-4833
5244
-1108
-2175
2817
-5706
-4195
8957
-1935
-4750
-8795
2087
2764
3277
-5629
-4303
6860
-5967
-5231
2040
7407
-667
978
-4530
-2714
-8932
-9673
9913
4310
2798
7310
-8971
4814
5251
9320
-6732
7813
-9845
-955
-5082
6384
-3412
9151
-2476
5758
4563
6287
-2747
-5392
-9045
6719
-6461
1911
-8693
1326
9080
9611
-119
-5543
-7373
-7706
-6068
2572
-5721
7131
-7520
5029
-6766
9110
-4445
-127
-7974
7282
5148
-411
2899
4785
2347
2059
-3362
8635
4059
9159
-3028
-8875
-4780
-5067
-9920
-4515
1422
2753
3538
3105
-3265
-7757
1647
4473
8725
-7627
-290
9799
6400
-510
6014
-7735
4038
-7924
-4309
5560
-4742
-9526
-8257
7009
5511
9629
5076
-7714
-9498
7229
6728
1904
5487
-9180
7546
-9766
3339
6551
9105
2269
-248
621
-6692
8588
7910
-3971
2708
1643
-8177
1288
-6915
265
-5020
-5952
1163
6135
6514
1972
194
4260
-1309
9593
4118
-970
2832
-2890
-1680
8007
788
1612
-8366
698
6172
-6080
-2415
632
-7237
-8985
7297
492
-2278
2765
4816
2039
-1523
-3199
-2744
-7440
-3424
4544
-8200
-7268
-3024
-5251
7276
4806
950
7946
120
-8229
-9154
4582
-332
2020
8310
3971
4993
705
-9247
-3886
-7862
5663
9772
4750
8613
6389
-1864
-1342
-7623
-671
-8938
-4425
-2598
3226
-5967
-7843
-3569
6097
3716
8053
-363
-2327
2284
122
-356
-2992
-7976
-1942
-7921
-5831
2750
-8940
7761
-9064
4935
1728
1059
8505
4490
2069
-1758
-1987
-9129
-8853
5485
7314
-2455
3982
-1724
1613
-3394
-3733
-6804
2215
3011
-5670
-6833
-3919
4872
-1272
7264
4886
8052
-3424
-6628
-7604
-9583
2422
9420
-6987
-2329
-5680
4007
696
-7705
-8847
9108
3959
5917
-7870
-1555
6894
8489
8383
-1440
1255
-4505
-5412
-5265
1308
4170
-1166
9495
-22
-2201
-8950
-7699
-6162
-371
3013
-3004
-2113
-8685
-5242
-7252
-601
3338
-4836
-332
-5825
4370
5615
-944
1062
-9944
-7258
2101
1502
-9860
-429
8097
-7708
4448
-2724
1497
2474
-5379
-6841
-7510
3090
1120
2113
-8784
1609
1810
1355
437
4637
1285
9921
-3151
3389
-183
-4408
2992
6476
-7649
9044
-4015
7937
-7099
5171
-9654
221
-3184
-6247
-7991
-6486
-5448
4713
-9963
-5971
2285
6493
1716
6376
2567
9491
2374
6831
4027
-2316
-1394
-8284
9
3297
-5936
-7983
1938
3676
-9291
-1822
7336
592
-3604
-2564
-8643
575
8972
2430
-6563
-9850
-7628
8562
-6792
7502
-6253
-8272
-3657
-4526
7523
-3152
-8432
7016
5711
2889
-4779
-2450
5814
235
-9242
979
8616
-7210
-5593
-6945
2029
820
-1268
-8289
7109
2746
-7920
1905
-6454
534
-2011
8360
6289
-6603
-3642
-9476
2192
-6956
5065
9970
7961
-799
-3088
1508
2532
-3762
-1026
-8980
3692
3472
-2458
914
5679
-7526
7519
3376
-9767
-303
-7083
2302
7386
1612
921
-6914
9011
-9173
-1960
-506
-9327
-7152
-3960
1702
5072
-8418
2463
-5611
5280
-6868
5214
605
-1435
-2810
299
-6497
-4040
-5919
2524
-9916
7819
-1735
6511
-6783
3594
-1975
-9161
-8411
