10000
2660
532
8260
1060
7260
6122
9777
2060
6896
3235
5397
160
4263
1266
7607
5702
6433
5759
6121
6579
5738
2278
8039
3493
6245
9656
6611
3618
8549
5892
9560
4092
2077
9175
9172
1511
2719
9892
7913
1239
2445
3036
3959
192
9744
9146
3881
8622
1089
8946
6157
3095
2493
3122
8565
6743
3849
8335
5614
3150
2286
6137
2244
1520
9956
8217
4056
5532
3248
1547
8861
963
3987
108
1973
3931
747
5257
8296
7334
4055
5022
5252
1038
1911
3147
9931
1476
2392
800
8433
7118
1564
3742
2633
9131
3195
1934
8852
7331
791
7923
4127
2409
3376
3914
2649
883
432
5158
4414
4908
7484
1175
9976
6488
9333
7463
6824
8088
8416
3787
9635
8393
3509
5882
7651
5364
6038
235
9004
2001
9035
5260
5815
3709
6699
2859
6429
7727
5174
4281
1284
8170
9953
3736
5231
1453
1972
5405
3106
2749
142
4147
4455
8936
280
1681
7980
2188
710
9621
3378
5151
8063
7193
6243
4039
4040
5337
6258
9978
2095
875
6305
7155
6145
7649
6221
4944
804
5143
4792
5756
9878
1595
1761
684
4895
4722
2753
1169
5975
1790
270
3361
7963
6504
4221
585
3554
3431
4085
8939
7595
7781
1634
4162
6196
4783
6541
4253
9728
7207
6056
4108
6709
1094
8303
1421
7278
1658
5944
7859
8387
4349
3066
3166
8513
9959
3340
4036
2691
212
7138
5511
6457
3488
8666
6063
8709
5443
7499
2241
6749
9391
7616
8035
8937
9137
5766
3640
7313
9876
5954
9239
2758
8884
790
6198
7953
8641
3751
3677
1841
1580
5267
2402
210
8246
2756
9373
4137
2457
879
1555
307
4124
7682
3328
3698
4847
3971
3034
6042
9566
5062
4417
7833
1178
6108
7809
4886
2388
3611
5722
9461
6153
7050
876
5304
6718
44
482
9819
2398
2232
568
9470
9555
5133
1257
677
3548
6050
2346
385
2181
3599
4249
5225
8484
9164
1771
2623
671
2479
3352
3149
4568
3022
6476
4976
2751
2970
3779
1357
1113
5467
8007
9091
7019
544
1627
1188
9064
2449
3372
9691
8372
4350
6588
6708
2720
7918
4453
2151
5916
1107
430
7566
3560
4513
5705
5602
1238
3476
593
705
7264
9249
1192
4377
1929
5106
4631
4986
3951
7989
1698
3624
7441
8087
5427
4061
3774
4664
4120
5637
5621
5104
9201
5271
8282
3183
1241
5876
1807
8252
9115
1327
1804
1053
7504
2965
2191
7946
4397
2685
6436
8468
9393
5503
3836
5442
3021
6248
9073
1416
5479
9856
971
3726
1833
9323
6799
3961
6139
8924
8391
9340
2420
6214
1411
3859
6698
6832
665
8345
5594
4760
1469
5840
619
9595
4326
4748
9809
1092
7015
936
2767
3125
1834
2273
6669
429
9180
9585
2635
9576
6930
7594
7855
3746
4861
428
7274
5500
7038
2190
9154
7226
1738
9577
5177
9903
1484
4478
5440
236
5162
7031
2338
2678
1071
9076
6092
4302
1439
2955
4531
9619
2606
4758
7868
2951
5919
2990
4261
7172
3237
9344
165
555
5363
9466
1766
6422
7763
5635
3722
5675
83
3196
1270
3465
4443
8364
9957
9082
2883
787
7157
5603
6070
4152
5284
9650
5572
7715
7422
7014
3813
6166
4273
6584
6279
792
7316
6238
4182
5262
1014
9634
6264
3135
1816
986
8331
2641
3545
7736
7617
5406
690
317
7981
209
9551
3462
3743
7246
5253
4482
4285
9606
5391
274
4798
5845
3051
9866
2196
8340
9638
5853
3482
1626
1936
1500
2361
7342
3786
1100
7394
7285
4305
2906
5099
5226
4413
3852
864
8553
9751
4979
4298
9955
3758
1130
5163
7371
9123
6889
8291
8842
7217
4386
8074
9702
8080
8219
7787
7356
5888
9883
9789
3925
5893
8959
8373
7957
1754
1896
1940
5061
7151
6951
8747
3854
7471
9352
5200
2331
6543
913
6676
3419
803
7167
5092
1252
9504
8830
5987
6563
3155
1007
3267
3542
1812
4151
8780
2013
6719
9426
1184
7442
1183
4025
6203
8476
2869
7220
40
1639
6072
5599
6530
6733
2509
2500
378
1536
1004
746
3326
291
8715
8285
2847
9664
2903
8324
8605
42
3913
9247
1325
3300
6150
7229
6001
6365
4812
7362
4991
5222
71
8221
5496
6640
5763
3895
444
784
5799
4652
1217
9447
8332
96
2710
4047
9264
3540
4539
224
2806
2211
8703
9483
735
6016
4450
2718
5715
8616
9292
5997
901
9908
4674
5538
4382
6130
3960
6521
6299
8576
1122
5573
2820
3387
2481
9012
9586
4804
4922
9451
8781
7596
7433
3467
3993
3485
2411
2487
1818
4843
2019
1625
5672
4799
5636
101
7948
9851
9231
6618
7108
5208
626
5714
3448
7209
8102
1805
3178
8481
7240
572
7370
9414
1957
7929
3714
4571
26
1774
3745
6996
1565
5852
5974
9659
4885
6295
2922
5209
631
9540
2123
2298
1006
3356
8632
8635
421
6546
5539
9107
7239
6284
6842
7464
9703
404
3124
299
9945
9999
4933
9973
6361
4565
1246
5352
1612
7721
9113
6800
9003
1869
3486
5634
1956
2523
4919
9245
5810
7982
2727
6838
6159
7447
8682
3495
4517
5832
8916
7482
1306
5632
1150
918
3963
8323
4740
8461
2312
9406
226
1574
859
1483
504
3322
5502
7049
4322
392
8727
9986
4213
5762
3039
951
558
1549
4114
9291
4811
2595
4258
6882
8086
7113
6656
1578
5769
2410
9358
6447
4629
6739
1568
5887
8233
8466
5548
6357
7793
9781
111
9221
8390
3957
1456
575
9612
7658
2943
8382
289
370
7190
2958
9818
8097
188
8224
9147
9761
4575
6452
3985
9027
2702
4997
2037
1062
6076
8984
4014
5459
2791
8386
9407
3156
7328
485
7886
4719
2591
1070
2908
9877
5886
3805
622
2442
7751
6012
9122
4627
2940
4961
598
1322
1231
8442
5890
8571
7086
2760
9195
4150
7415
7700
6098
8131
2565
6642
3671
7445
2264
9271
3093
7188
3577
1859
3543
9599
5198
9610
2359
1496
8133
5437
5529
6666
8699
8344
2722
2371
8128
3241
5979
3251
5668
2140
2356
7122
4485
530
932
6919
1289
1585
3002
2899
8645
6478
6781
8055
4898
5809
8090
8590
2251
7972
4160
1403
6285
7807
2489
9109
6742
2386
9673
8650
7039
3168
1248
7811
6385
816
6998
5393
5792
8341
4948
7073
4562
8847
9489
375
2880
326
5305
1704
4447
1030
6494
1720
7273
8211
9844
9403
4840
722
7792
3461
860
5687
553
3433
6602
2360
9571
9408
9748
4622
7036
6250
6099
1631
412
7310
3366
3820
4600
4140
8597
8859
5555
4094
7630
6152
9189
8651
434
2755
9839
1752
3785
1822
1980
9200
7966
8320
2395
4894
2458
2228
3976
2647
141
8684
8101
1591
4850
5448
6538
4303
5926
1492
3900
7076
5349
4474
1584
9484
6852
4749
1499
2438
5090
3455
4580
9302
8953
3406
8851
7092
6763
7069
396
2072
9136
3140
343
6788
5239
7775
9281
4331
6791
589
534
1486
6664
4441
9167
1079
5075
4636
851
6497
4505
8037
6451
2334
5268
7355
5767
3719
8835
4123
1136
8915
3638
6114
2315
1858
4489
1273
3475
2235
5847
2643
832
2664
3874
258
1792
1111
657
3345
7692
9427
320
7438
3718
3910
9531
5233
1505
3660
8339
5255
4126
1446
9316
7589
8326
3847
5653
8023
7907
72
8208
1041
4588
4109
9256
8812
1610
4818
3382
4555
7216
145
2659
7392
3371
2498
2849
1356
1939
5430
8321
1561
8832
4824
5523
2784
9910
9928
7909
1391
6836
2575
1334
2296
5552
4000
3972
4610
6773
4614
720
2504
281
5172
9349
9556
5522
4602
4347
2602
1223
9846
3068
2828
7150
3027
3035
8293
7851
9310
9807
2165
1074
2483
4713
4359
9867
1709
874
639
7378
5362
3190
9441
5351
2370
9539
5953
8225
5409
5560
6113
9452
7233
6041
1824
6107
6021
4956
1637
1374
2673
6995
7282
5758
4750
1102
7905
1204
6518
8975
3851
2063
6557
5551
9129
6199
8214
4653
2186
7686
7550
4372
8697
670
8475
5673
9490
9062
9927
2715
9840
4637
6311
9150
3443
3537
9705
7074
2548
2496
4304
5902
5931
5546
5734
8545
2946
8992
1808
5963
3334
2797
3869
3163
6610
531
1460
8243
9947
6600
8879
5084
6200
90
3866
7694
1497
9507
9043
8982
2406
4655
7554
2987
6318
1064
1987
9500
5580
144
2937
6660
5345
1110
8863
1785
956
2856
7600
8138
9954
278
8082
366
3557
6976
4177
6915
8530
4278
5227
9235
2665
1507
7755
7337
1480
5344
7836
7750
1903
4871
9681
6519
8017
7428
6275
438
2294
7196
7041
5666
5753
3489
8072
388
7655
6634
1197
6977
8407
4802
5794
9919
4751
5281
2459
206
5856
4428
7403
4729
5309
9735
5234
91
1290
8425
6794
4100
9459
2299
2844
115
3720
6910
8292
6067
197
4280
8862
6498
8021
938
863
4550
3102
577
3393
2097
3199
4076
4203
4181
4368
5348
7538
2823
4548
9462
8205
843
5256
2068
3008
4032
8657
995
2716
8892
4778
9031
1059
9652
2676
5586
4790
1328
4855
6869
1977
8342
3596
9173
9111
884
1530
3238
6323
8231
1293
6650
9351
7945
425
565
2615
9845
7770
5897
2936
5332
2491
4890
6945
7288
679
6874
8027
3686
8848
2002
5838
257
5238
6850
5456
8270
305
1133
2218
921
5059
9054
1847
458
4640
9514
8944
1422
9714
2675
8952
3067
336
6089
899
9527
4846
3780
6131
9494
3193
2108
2807
4230
6685
394
2997
3112
1085
9074
7354
9768
6957
3995
3158
4532
2535
18
9529
6571
5193
4830
8814
9668
3309
5096
4437
7626
9554
3918
3333
25
9330
4472
4235
376
3498
836
7010
3063
3510
3233
2834
2237
8931
5913
491
9835
3756
6273
1701
4228
7541
7973
3887
1199
7928
3096
9423
7061
6160
5055
3656
5356
8533
6246
8209
7418
2956
6720
1449
7592
4021
4590
7931
2627
3131
2365
3028
218
8441
1784
655
9328
1431
6384
6672
1897
9475
510
7232
20
8447
8192
3631
1961
8720
7975
2576
4832
6759
3481
4796
967
3412
2139
1454
4605
3245
2221
6655
1526
1744
4329
1349
3958
4865
6471
2737
8230
5925
9244
6841
7194
4970
855
182
1186
6599
4596
3860
5004
9080
8714
1546
8279
1355
5460
36
7252
1207
4658
7689
8744
5807
4752
9984
4686
7163
4380
1537
4775
288
8258
812
6787
5207
3943
6197
5837
52
9272
2692
8174
1209
8620
3133
776
1443
5011
6745
4530
2450
4975
5723
8933
9179
5241
3713
2938
3223
862
314
9075
7301
5381
2953
5008
395
155
1815
313
1269
4638
857
1385
7315
2667
3561
3226
606
5806
9343
2471
9849
2239
8798
3634
6897
1240
2778
6020
4998
1308
6417
4470
5831
4921
4764
7552
5372
1922
1260
6601
1865
2878
6658
3415
1592
7520
2911
3421
332
2079
8464
8776
5581
3981
3654
7318
49
6614
9817
1717
8153
624
9191
1519
5557
4454
3076
3834
5605
7268
6526
3801
1147
5576
2822
739
5988
9010
8054
6522
4198
881
3791
6330
7516
22
8228
9802
443
1952
8156
5713
2
7766
8244
5224
2124
5042
4913
1806
4325
8542
8350
6793
4316
3930
7332
7411
6278
1035
6205
5972
267
1296
2624
3469
1057
1459
3404
1670
1611
4957
1856
2147
1493
3377
7820
9916
7749
3344
5708
1410
4332
7333
6769
1352
6183
2618
6981
8544
4535
352
529
7443
3896
8158
1437
5077
5124
1659
3256
8060
5116
755
2304
6694
5296
2462
4585
6110
3579
3230
5428
8139
1467
8316
5571
5251
1726
4833
5297
5811
7052
2270
5150
8169
3259
380
8073
545
5098
414
7146
7280
8515
1850
8550
4934
4384
5864
2171
5778
9661
8368
237
4274
3964
736
2259
7035
9594
9613
1013
4511
2419
3091
5484
9952
1253
4543
1742
4090
9749
1573
1523
2637
7866
596
5005
9516
5855
8654
4369
2592
6479
7124
3672
6758
838
9502
6501
1225
1969
1606
122
4660
3282
68
5470
6855
9420
2771
8308
329
6597
9546
578
9482
5123
6344
9645
7063
7381
6104
7556
2882
6134
928
7688
8860
5782
6627
1635
3511
7385
3413
9569
6629
1049
5945
5135
5288
194
4295
9081
195
7241
2387
6118
5993
5550
5720
858
3451
9176
6395
2006
7971
4773
8912
6480
3626
8825
7454
9888
6744
6653
8968
8070
6683
4173
9756
3136
9783
7718
5446
2768
4155
4809
3480
2061
6415
9040
5101
2098
5245
7027
6490
740
4185
5861
6423
402
4746
7358
337
114
7639
7202
9515
1594
5336
2468
3705
8346
5283
6805
9558
7994
9796
1842
6667
8629
8823
9197
5325
2220
9362
4159
3723
908
2552
1723
4558
3304
8621
962
331
794
9578
9580
4730
7704
5745
6019
4498
8404
4883
3928
3474
821
5145
7465
9810
693
2805
338
9791
3612
128
5669
6084
6732
1819
3080
2525
6312
646
3749
4735
4481
2058
6587
3446
8723
2683
9320
6346
2485
3740
8917
4260
9285
8014
3016
5842
2325
5340
783
4464
2026
1688
9826
615
948
8951
8930
3541
3800
227
7786
1686
1358
2217
58
7166
6717
3748
6402
5579
7303
4668
1076
6766
3659
873
9864
5407
169
811
8819
7503
2537
1418
9199
1857
7570
9772
7914
8478
8105
7257
9290
7018
1394
5189
6169
1937
5757
309
3921
2089
831
2625
1665
3693
7962
9306
7058
6204
4445
4613
1671
3388
6029
3097
6902
8504
6146
4745
8005
4424
2014
5289
5301
1432
2051
244
6554
2770
8437
4111
7741
7895
4552
4905
7892
828
7459
4439
5559
5477
4232
9279
4669
1370
9428
4110
1161
9059
480
2269
1998
4234
7154
1907
5144
797
8459
5113
4936
2212
5178
8890
5900
744
318
9760
5825
1814
8772
1757
5833
3855
602
7933
708
1712
416
9816
9141
3549
1103
7992
4839
1210
3604
7860
4845
8290
1623
3471
3445
6949
5698
6459
4381
8696
5939
2349
5469
2200
284
2996
2389
2362
2276
7569
1055
8575
8185
5114
4788
6696
8938
2340
3268
8537
5465
1187
943
1894
3622
7883
3270
3325
8679
616
8203
9941
3864
8465
7806
785
2084
7322
8311
8380
2017
7500
136
5060
8552
8242
5733
5730
982
2917
3229
2263
1032
8249
9355
8207
1769
8255
2734
7540
7461
3271
4665
9707
3980
6128
4145
5662
2848
6645
2835
940
1176
2539
3003
1145
847
9465
5535
6039
6225
8618
5841
1902
4742
7338
6688
4167
6784
4577
9193
909
5780
2508
1721
6467
5911
3275
161
8956
6372
2858
300
4208
1003
2488
3296
7299
4776
9259
5597
1485
8245
6815
4215
5656
7469
358
9982
6954
1510
1213
4432
2129
2490
3691
6115
1925
2213
9099
8236
2505
3892
2127
3690
7758
191
5732
8470
7543
3342
9464
9778
508
3426
3029
594
5411
7624
6727
949
7760
1705
8777
4705
2902
8974
4048
7348
8085
9134
5316
2405
4725
9745
2513
3030
8856
7106
6259
9814
4779
6367
5869
9486
8118
1438
6916
23
7893
6532
3144
6652
4689
5041
7581
8528
6858
1015
9165
6823
3608
5957
2988
9861
5620
5686
715
8512
9869
7769
603
3954
7474
4821
327
7429
7548
5751
894
5230
8462
3670
9798
166
4829
8505
9533
1533
202
7295
635
7478
7856
6337
7091
8266
3597
4188
6589
9963
2076
9643
4681
9740
8300
4050
6523
7645
2764
3452
4574
8728
2380
4754
1604
4503
1025
1068
9057
3812
5182
5179
2461
7477
1125
5736
2149
5740
8566
435
4336
4525
1037
3064
3778
2868
3996
3683
2307
5079
8333
8961
4161
5828
4374
7339
5955
4308
4950
9718
3662
9754
9106
8213
3620
7829
1478
7985
8069
9640
2311
3120
6678
4287
8602
7009
2527
24
3810
3020
3161
7691
6596
1945
9274
7305
2656
325
277
3970
4223
3573
2115
9282
5561
4421
9417
7410
7105
324
1031
1722
9347
3932
9429
3647
9218
7366
50
6297
3939
3363
4823
6485
8888
1550
9443
1617
8309
2193
9741
786
8634
6190
2611
6929
5223
4973
1318
9345
2851
5197
8226
7669
1531
2118
4275
6302
761
1364
8157
3703
5293
8381
190
5355
427
4017
6776
137
3880
126
1778
9063
433
5873
7723
7680
7234
8522
9609
930
7784
7495
9503
6747
8401
2540
5839
5984
8263
7643
4701
1817
6239
8134
4835
1782
5083
5350
3772
9753
1129
3113
4572
6394
3004
6622
4480
2004
7213
8562
1344
5891
704
9453
4194
5849
8482
7236
9152
633
2554
613
953
2053
2763
1001
5505
3890
5250
7524
2619
8987
7203
1913
9202
7532
8508
8820
2984
2396
9854
3673
3763
3534
7218
4955
8267
5341
6282
7920
9704
7327
7657
2015
5848
9786
3011
673
9032
1189
7024
7819
2603
2117
890
4803
3754
7489
2703
9590
361
834
1991
7609
7729
3706
8656
3456
7222
2085
5387
4943
7219
2136
5914
9174
8569
5688
6416
3538
6923
5218
3803
441
4301
3118
9682
642
7863
7901
8678
263
6778
9212
9034
8503
1490
7386
2161
9588
3494
6301
8408
76
8451
3520
1279
9890
682
1345
5528
4130
9069
5929
8357
1149
6628
3110
4393
1855
9029
1552
3341
496
5865
2971
8198
1978
2841
7911
6964
4262
743
7665
2155
2578
7979
4661
6233
9105
5063
4570
659
7752
7940
9641
7179
6399
2545
9887
8469
5439
4670
7204
5152
6756
7360
3856
2541
3623
882
500
4601
7934
37
628
2663
8681
2109
2642
6938
9243
4777
5212
7590
6105
8688
6397
2759
3365
4704
9317
1108
2168
9889
674
2256
7094
8093
3806
8784
9698
4782
7326
7512
4193
6561
5591
7160
3392
9694
3536
265
6860
8237
3566
4078
7111
6071
4978
4089
6280
6138
8056
9812
5514
2735
7324
2209
2482
7350
1955
223
450
6044
3057
1435
9098
7605
1440
4201
1233
6903
6529
3712
4703
5976
104
8438
2467
7771
6483
7938
6701
7677
3792
8370
8615
9964
8201
2961
5183
9837
8328
3831
1104
3759
2332
5009
3069
9739
6738
5254
8065
1479
4001
3439
3407
8624
3909
3546
2879
947
2949
271
2153
389
767
4499
5645
2009
2585
6617
4219
681
4060
6762
6792
6856
9070
6757
5795
3635
3280
5160
8989
6942
3286
7684
6891
2519
3526
8792
6209
5027
6288
6724
2057
8802
9782
4579
5608
7695
3666
7180
4136
9538
4300
6864
10
7603
6224
3490
6550
8676
6371
1414
8764
3563
5601
8064
5023
7858
1395
2033
7877
4753
5232
8686
7816
6779
889
3984
9674
9284
827
4490
6935
7129
2630
9251
5328
5773
7148
9574
5660
5282
9925
2687
9553
5816
6807
7620
9177
5020
1099
1333
4691
6345
9444
4178
6218
7100
2184
2348
6046
9386
9266
6605
1305
8539
199
3098
4028
7768
6797
3203
9397
3285
5609
2377
9654
1825
6722
9254
8108
1711
4355
5671
1892
9565
9038
4595
7199
6975
706
4697
2130
8652
5320
1452
6081
4930
5558
7051
1874
6965
6051
233
4128
2632
3997
2653
3663
1664
2959
4971
8042
1860
513
2119
1883
3049
2526
9100
7033
466
147
4324
6819
8869
7248
1983
9696
3551
3408
5995
1949
6300
3708
2484
2086
9800
5801
7993
359
3432
8788
2005
8036
2375
1848
5365
968
4473
2800
6349
4925
2464
3444
4248
1226
9086
9268
4724
4313
5210
5270
661
5981
4999
8670
3697
1948
3642
8204
6918
7939
9402
6049
5003
840
3587
543
2113
3249
2197
316
8633
3678
7861
1167
1021
3079
7867
4072
7275
4488
4038
8964
1166
369
9537
4866
5242
8050
4005
1291
8589
8689
8658
1882
5292
73
3942
7293
7954
4657
8161
8322
3897
3725
8813
5729
498
4608
5347
3339
6240
9338
2831
4237
8358
8177
13
8929
4892
1598
5036
5173
3827
97
5519
9158
4154
4870
7835
1267
2426
1051
2230
2255
3905
9037
9519
4931
818
3848
4522
4002
1691
2052
473
1375
9387
3501
282
3312
2962
9972
6822
6413
777
9511
581
5201
4549
1295
2617
3138
830
9536
1908
6700
2824
8405
2612
8251
5067
6061
323
38
6348
5898
2236
1471
9001
7206
2840
241
7283
4341
1877
7671
8547
4387
3602
7615
3401
9593
5812
9083
3458
7444
5043
3781
738
1535
5264
7361
59
8000
1799
3615
2562
3797
3198
5690
7623
9808
1090
6500
9405
7006
3038
6059
4780
2550
7349
7542
1242
269
4195
4148
3682
2208
4291
7937
6386
62
185
2385
8995
9327
5770
9680
6069
8395
1506
8960
85
7530
2640
8144
2796
9626
2261
6043
6619
7997
8336
5298
8693
4409
2206
1905
1572
2093
8151
5677
8012
17
471
7421
6022
8900
2501
7577
8899
8008
6603
4236
7479
8594
5259
6846
6912
6486
7054
3816
459
2865
7098
6271
2189
9008
6418
2982
8116
1797
8472
5329
4069
5765
7611
6335
8828
4245
3457
8160
5824
4717
5967
4868
4904
4401
219
4900
7173
723
6347
301
3423
7518
4566
1613
7116
753
3585
9261
2039
7991
3005
2776
1886
6062
9182
775
2204
8011
8154
7307
6983
9825
3598
8059
1984
7077
1648
9769
7884
7872
2337
8771
6510
3343
9116
6120
9413
2023
8767
6103
7102
6102
4218
1177
123
6141
4299
4175
8238
8032
2368
9528
2283
7141
1539
9658
3086
3180
3440
9918
7314
4283
74
3728
2250
5912
4858
9233
2567
3809
9468
2082
2038
9325
2698
5184
5322
7773
3732
3574
7944
3425
6268
2083
3652
8706
1093
5922
1703
3386
9833
8455
6424
1141
651
7998
2258
1679
8150
5874
8818
6028
9665
3228
8601
311
6517
5436
6703
3088
7089
7899
3817
4496
6648
4675
3815
7450
9440
2738
3819
1605
7456
1559
5693
4190
4896
4990
7372
1923
1216
1740
6328
5819
1993
2510
7488
6216
6509
2690
5948
5774
295
8430
2101
7164
8986
448
7485
9605
7149
6223
1332
3395
5206
2248
8988
179
4149
6829
7136
6814
3266
3428
4862
6921
2416
9909
4462
4430
340
6165
3335
9015
5909
5070
8750
4903
1153
9913
4732
3033
6578
4083
319
1968
2650
201
4067
7144
9689
5565
351
4457
6770
7511
6124
4119
87
7889
9549
7375
2779
171
490
2852
7047
5108
7066
7261
1880
9711
3948
322
2918
3111
5382
2766
3553
2897
7724
2862
9378
6406
7353
4962
7287
5515
4591
1763
5718
8299
6383
7915
3629
981
64
6716
4980
4205
8810
6017
1926
3499
778
9371
9935
7345
7045
15
8972
5654
4477
1326
7824
8724
3990
9940
8496
3842
6598
1131
5680
6572
6270
8817
9336
5808
4184
6816
5180
9501
5983
8297
8957
6657
6531
6871
6419
8107
5380
3398
173
9112
5449
6437
8413
6491
3151
5644
5985
2542
5037
5463
7625
7670
1716
2154
5266
8648
5915
5388
3750
7363
910
6228
4526
6679
5781
7804
9148
106
675
5478
2080
4666
2920
9896
7796
8261
4834
3484
2853
2832
203
5032
1258
1879
9932
6924
2195
1715
9793
6421
3956
9492
6326
8507
2568
9334
9651
3699
8046
7821
9277
7794
2262
820
9579
5973
1618
1560
3247
6132
3606
4202
7162
5321
7099
6736
9567
5315
1557
6408
5749
4023
2830
6723
1392
8760
3891
2978
6481
3472
6469
2731
8457
7201
3074
3707
5961
7191
7020
3514
3399
4984
8626
2909
2695
5977
452
33
1654
9071
3134
870
8543
4815
5513
7634
8359
503
7711
120
9496
2808
2561
5205
6170
6943
9149
7435
7734
8599
1157
7134
3632
5127
4857
7212
8115
1976
8049
4534
2761
4031
5785
895
5051
6000
7093
3621
2125
8506
9943
5764
8903
5016
5518
6867
6006
8025
2107
7401
3416
2422
2620
4981
6568
7964
7183
6780
2345
9508
1809
3529
1630
2317
996
1661
7147
6845
3962
6390
929
4733
3767
4334
7697
5936
8269
5435
5354
9024
5942
5432
590
4842
2579
5146
2837
1461
887
3449
5624
8312
7601
5607
5646
9360
2963
2502
9842
6630
5493
6097
6806
8840
3221
2034
8434
9260
1516
7165
4306
4144
6181
1951
6948
6905
9011
8362
1974
4771
7510
7096
406
7825
2775
644
1073
4699
3938
9942
3503
4045
5457
9065
5191
6782
3414
3692
8424
1529
9548
4153
7114
5935
3017
7527
2207
9587
5346
9951
2696
9305
8759
8272
310
5584
4844
955
2789
6936
2520
9742
8232
7369
216
2047
5836
1228
4058
3616
3496
6482
5517
6764
46
525
8353
846
7090
4099
3060
1475
9014
3191
5498
588
7917
8955
583
5612
8701
4442
8940
6826
1423
4095
4026
1990
4546
9805
5447
6296
5085
2369
246
5854
7712
4425
2091
8421
8206
2532
8113
6649
2913
5007
1040
672
1647
1012
9042
2915
2282
2581
3844
1534
3999
8985
1650
3628
1906
2777
3901
6026
2587
1155
6458
8587
3153
1928
2055
3189
5681
6840
9706
2907
6219
5495
6851
636
754
4418
7121
7312
1010
7912
6230
8653
148
1962
4561
9914
409
7412
7139
6989
896
893
8751
8638
3794
9592
6154
8548
2199
819
1218
88
5735
718
8866
7487
7745
7879
2802
6783
377
8746
2194
1914
7706
6623
5395
4959
3018
3390
6625
5631
6234
7523
9181
4797
7171
1780
9886
6003
8845
6524
2762
7685
6760
2178
3633
3532
5026
5541
6350
9396
5237
4606
2521
7965
2156
1371
3790
1909
2875
7614
1696
6506
1501
3418
7181
3944
8598
5504
4097
5418
2538
2120
9653
4940
869
2465
6187
252
4337
5716
9848
397
2586
5755
1495
2069
6904
9604
5875
5877
4319
28
9210
8079
1656
4554
698
9983
772
5243
6624
4353
1736
6126
489
2674
5501
4479
2443
8325
4142
6621
7266
5633
8215
9917
3092
3857
181
570
5592
9885
9882
7211
2050
456
5272
9118
2877
4756
922
9170
6014
2372
2932
2701
4763
1441
774
8038
2666
5073
8034
4983
7432
3936
8954
3073
4422
2588
9572
5339
2022
7582
4993
8529
7864
796
5390
3288
3902
7902
8797
6401
973
7298
80
7958
1803
9965
6654
6839
8967
897
2790
3090
2182
4277
5682
7528
8996
8906
8604
3516
1747
9603
6460
2874
7177
4677
6646
4475
3318
1746
5829
554
8557
9831
6544
296
8001
3650
1137
8647
2890
2707
408
7037
8220
7231
6354
3558
1444
3717
9716
4838
2497
7572
4269
7947
4523
1382
229
8173
5904
5018
4836
1123
4209
9047
5917
1917
2584
6917
2499
632
1303
3908
907
2783
779
6391
1302
3463
3374
3487
7845
7650
8668
1607
1677
2654
3128
4238
5426
5423
3687
8099
6377
6465
8740
8029
9156
4527
2137
2215
2393
2812
6592
7790
2795
1541
232
5048
1839
6626
1448
6484
2302
1642
2446
9852
230
5175
8431
9743
1919
3973
4949
4801
8448
16
8627
6920
1018
8298
685
3045
9534
4891
8730
7558
878
8950
4412
7130
512
5593
3675
1307
7250
8048
1887
3595
475
9774
9770
3965
8354
7430
8110
4046
6101
8846
163
1399
9473
4671
5859
292
5155
8716
1551
3359
9780
9439
6274
5494
2466
4030
1660
8360
6775
268
9228
1426
5112
9030
8541
1791
3765
6011
5482
5097
1464
159
8877
6100
5674
8766
487
9547
2891
7916
1918
614
9478
4360
991
6339
4222
6374
7145
3175
1950
2560
9039
4769
4204
3301
8864
4465
6873
4563
4113
5899
566
3865
1011
3459
2219
8717
8874
3572
3826
7267
7578
8779
8117
9476
400
6025
6857
4074
6726
4366
330
1170
2846
5353
3099
5857
9055
8152
8854
4912
5527
2150
61
9381
9799
7880
6558
8928
6030
7648
1620
2494
762
4786
2046
1775
5570
6620
7580
8051
9006
1276
1749
9841
3281
9480
7847
5214
5894
1767
8719
8756
1958
1230
4784
9488
7865
60
1996
768
9398
286
4899
990
7870
2506
9263
4569
495
3244
8371
7060
399
5015
972
7198
2888
8637
5906
648
7537
3272
6586
6456
6366
837
420
6834
7123
6525
3384
6817
7407
886
132
6217
5039
7513
7475
5147
5195
8790
7468
6937
1442
8414
8288
9143
8071
5028
8314
3716
139
1372
3888
7235
439
6222
7205
4466
8958
5279
5425
2547
6755
5072
3172
795
1128
3505
383
387
4707
7827
8278
8196
5327
8485
7977
5952
877
1933
1690
8774
8882
4785
7195
7666
6639
494
9981
1862
8399
9821
488
8491
7840
3014
609
9923
2376
3302
8883
769
8265
5323
9144
4402
6078
4079
3776
8659
2799
8098
9368
3213
9442
5319
6911
8429
892
2613
9331
3825
1629
7335
7837
9637
4728
7638
2381
9085
4626
1008
712
4642
2290
7636
742
6999
2090
7185
8834
5574
3798
2266
945
5547
8397
6635
7740
1997
9850
608
2486
1619
4974
262
1396
9128
6292
3994
1329
2843
5611
6879
6428
1298
7779
5589
4884
1091
9759
6555
3853
9784
516
966
7703
3988
6393
417
4738
760
127
3470
7085
697
1579
4711
2268
1151
7678
2321
7908
7526
5419
8077
4766
6641
9078
4789
8284
8561
2476
4646
92
2551
8752
662
4240
4400
1028
7561
2166
9376
8076
7373
1200
6512
7491
1942
5278
7896
379
8495
5582
7881
255
841
5050
7814
2861
7097
8427
364
1708
4965
7127
7602
293
1401
4268
7978
9921
9294
3667
4520
2966
3435
465
5109
1172
6866
9497
6321
3619
2594
3575
8250
5737
8887
6193
4373
6396
2600
8519
574
8829
1748
3528
4807
4044
9552
5403
6173
5921
39
103
1801
8458
1309
6987
983
9871
1603
3103
8171
1206
384
6341
4146
8610
520
436
5779
7633
1643
1221
55
2866
2222
7753
391
9907
3711
5739
1509
3179
7377
4338
8765
3170
5706
1425
789
3630
8520
7974
130
5413
5330
5054
8783
4117
6495
8976
8521
1249
8922
1105
2689
4107
1733
3284
6613
2814
4542
7071
4365
781
3200
1622
5249
5185
1653
788
3646
1160
7762
5244
3169
3894
187
3884
9724
6023
7439
4727
6556
3933
6771
8737
8319
663
6877
7302
611
1614
6319
5709
8122
3115
3941
2657
3182
418
2134
247
6140
1838
941
6595
9755
7925
7505
3688
1751
8486
7826
8276
6785
2836
6643
1182
3083
7720
6533
8301
3
5943
1121
1662
4139
328
9194
7728
6010
4897
7409
2328
3350
3955
7587
5307
9130
2896
9625
6048
1127
8493
5240
8075
8019
9544
368
8159
9611
9526
4621
3298
6907
410
9971
9948
100
1826
9467
7321
2793
6914
7258
9762
6505
4361
9734
1601
6400
2964
7757
8166
9690
7702
2923
9870
7215
9434
5452
157
4611
9671
479
7571
6237
5658
4493
2382
9296
7707
4020
9880
7738
6796
4985
957
3222
8948
6412
3317
7950
248
4255
8596
9125
6172
9471
4103
7040
561
5569
3160
2739
79
904
7200
5564
3696
243
1069
8234
8003
4426
3593
5064
5417
143
7228
931
1428
1699
1294
5357
6932
7888
6174
5850
2939
3870
9524
5012
4029
699
4819
4645
1545
4635
766
7573
8836
3789
5487
9178
2679
9186
8142
9787
1760
1274
5159
287
647
3478
2524
8807
7119
3643
4224
3148
9348
1596
1965
3227
6382
1132
8753
1214
3321
7968
6320
6551
9385
5585
5746
9584
3313
7112
2441
8822
2174
7227
5213
4540
6994
2145
9620
7799
999
7413
8675
6702
8619
8040
3319
842
9767
617
4768
1995
612
1362
833
4062
3299
1813
1794
4987
4916
6373
8363
184
7028
3287
9855
4276
9623
3219
1265
2773
5927
6888
9581
763
7709
4831
3734
3644
5065
3010
9223
9127
7176
7668
9736
7722
2472
620
3945
9697
1521
2240
4977
1359
6430
7284
2167
8092
99
8754
5275
2170
1106
8690
7175
7382
1058
4088
745
3409
1967
9687
7026
3535
7952
9915
7823
2347
4449
3969
5543
8603
7545
9435
1256
3450
1795
2495
3119
30
2245
5171
692
1281
9934
8841
8067
3583
8471
8902
9629
82
8162
780
9240
5817
6015
135
4814
1039
696
9160
8355
7178
8081
587
476
2794
4663
8348
5308
5306
4385
1264
2473
6162
8749
1383
4394
6633
4942
9205
6434
4867
2744
3042
9985
4551
7084
2169
6593
3846
6765
676
1953
1116
8417
4964
6079
1772
6734
8775
2454
3355
1317
6392
2288
6567
2626
7509
3873
208
1835
9089
3904
3330
9627
32
2320
2726
9797
5567
1118
4923
7583
4376
5941
7737
7396
8698
70
9230
1115
4102
8743
5721
5110
3078
4035
5938
3104
6053
9601
8193
2947
5491
7453
9456
5402
7996
8149
121
6753
1854
7311
2246
3752
1730
1458
8044
8891
559
109
654
8212
4229
7789
4945
560
2957
5400
5872
3519
2638
4679
4715
604
1707
1368
3929
2300
8739
3877
5617
6212
7924
539
3084
7885
8878
5506
7705
7613
3702
5047
7805
9364
3405
7874
6933
7276
5360
5802
807
5640
220
3331
7304
3358
9589
178
2238
8450
1930
9092
9911
2845
3224
8216
3369
6283
1732
5093
5531
5595
5486
2333
4603
7351
4252
4528
6171
7455
5516
8352
2503
8013
2914
7286
8791
2469
238
3167
9215
2008
3381
2631
5742
4121
9353
9135
5657
7701
6576
8439
6448
1687
7065
2105
3269
9936
3107
7906
9227
5188
9363
2669
9493
625
3468
3477
4793
757
8473
6185
4363
4408
1282
6697
4007
1316
7352
6369
2646
3669
1036
8966
2788
9213
4599
6574
6409
8317
4311
4129
8977
6013
4246
7563
6992
4639
2819
1019
6164
3373
6767
9425
9715
1468
958
4582
1920
5338
8186
5017
7329
5932
4096
8980
2292
6848
2686
8412
538
582
5190
1288
1046
9900
6440
4762
2088
4564
6970
4556
8981
5265
1884
7659
4371
4589
3186
5367
8824
4469
8191
9602
469
7606
4346
1628
5302
2042
6986
9631
5038
2281
902
41
9794
5959
2857
7056
5992
4206
8660
5107
2323
3811
6725
5563
4939
3915
9575
3721
4138
3893
3473
6227
2972
6813
4960
5663
4375
5248
3306
8785
7927
334
1366
2252
7635
4497
6878
8687
8578
5650
9897
7080
8639
7506
3770
5696
1849
5125
6229
5556
3617
1044
9974
6863
9614
6389
8796
741
4013
4242
4848
4288
9922
6359
1649
6925
1765
2424
4649
4243
5870
4436
4994
2580
4461
900
3240
5094
6106
4854
6213
5835
9771
5647
4486
3681
2960
8514
5310
5317
4929
9301
67
964
6184
1080
3875
405
3680
8006
3001
3556
586
6953
714
8369
6133
9710
1191
3992
4726
4737
5122
6980
1341
6637
5844
2177
4312
8409
290
1156
7536
4825
5069
1638
7101
8176
6439
4594
8527
8868
4856
339
4419
6748
4879
5433
9430
9675
4618
2163
4352
1234
8833
8306
3046
5131
5768
6868
1082
3368
151
5578
4049
7619
5157
4065
664
5014
8947
2655
2308
1314
8
1724
349
2214
1139
4172
2792
86
9647
8667
1898
1097
7376
6536
8126
3799
8738
5488
9525
9
9288
6577
4747
2439
3215
2705
3525
4695
6729
4158
6112
1457
5648
7687
911
8617
2721
4370
4877
4378
9790
8239
7841
4101
6636
2514
9077
933
9881
8106
2425
3316
5115
5507
2658
390
156
650
8510
7158
7803
131
7457
5499
4134
4294
8881
5220
2769
4714
8896
5670
6352
5095
6336
9997
5481
1126
4982
4105
2229
6690
3641
8109
6403
4444
1194
1227
4817
6847
9041
472
5303
7460
3025
4091
4227
9132
1727
1114
4889
8905
8024
1543
2339
152
2343
9056
9615
2555
9660
9019
758
9686
6659
1866
9354
2780
4207
5434
3694
9446
5791
5867
7574
2066
2434
5980
8095
5476
3637
21
1095
2549
4344
1275
5790
3159
9719
6514
7336
7894
9096
9273
2430
2062
2133
5221
6810
5326
4623
8422
9278
7857
7467
9192
1853
8942
3293
8631
666
5431
9072
2983
3983
8202
2870
4822
2121
5429
2533
7772
8257
1034
7761
7016
4604
6175
4168
9289
5399
5045
1863
3108
502
9013
6472
9838
4483
1621
2309
1232
8256
9424
7126
4864
1554
7168
885
6803
3394
6468
7208
9319
9246
2517
1280
1195
4852
29
919
3116
6662
455
6093
5466
5776
7725
8677
393
9318
6475
528
8710
5510
2900
7184
3564
4321
6909
5057
8630
4
9597
5536
1666
6008
6761
8347
4191
3550
9416
2765
3242
1065
9458
3400
7754
9670
4256
1415
3351
2336
7871
8901
6158
2709
1360
2477
3283
5313
1788
6244
8839
7075
6438
1024
7470
8850
7408
3739
2743
3152
1208
9211
8722
7777
7967
2740
8415
7555
5695
2605
2730
1844
9337
6973
6188
8374
7292
3260
9823
652
8197
7251
8898
5236
3639
4051
2536
3338
5827
6231
3053
3975
8180
6064
4995
7943
373
3858
4917
8795
5966
464
4755
6802
4011
5164
2157
732
3094
1292
9321
1675
522
3727
3879
4772
9788
4504
3584
3436
7132
4199
3710
8661
9168
8517
1802
19
6772
1009
1710
9968
8483
3773
2774
6493
7004
478
9437
3867
8573
4662
6178
1713
8497
9618
8732
1445
6380
4407
6281
9120
4066
4683
2597
9726
1331
8305
2596
9644
7960
4494
9270
2138
988
8091
7919
1287
9356
1941
8949
1224
8805
7959
3899
7346
6913
5451
4937
2067
6684
7529
997
9709
3922
923
57
5665
4143
9893
5772
6686
8104
5761
7187
6143
9262
6580
7631
6060
5858
8499
1397
751
7653
2786
3466
125
3253
629
5508
6431
3530
2604
4536
6265
9499
5692
6665
2201
6057
6831
5540
9958
3924
7831
7424
2935
880
2421
6256
8460
6242
9314
6539
5299
3264
5217
3274
1134
1873
6091
193
1347
1512
2224
8945
5202
7808
9666
8136
8655
8742
4954
9255
6443
3665
815
211
2357
1870
3952
9862
6368
7742
4492
7448
6513
8165
7849
1144
1340
9829
2234
5678
276
110
4583
8120
507
8492
1491
7699
4673
8804
1202
5600
2825
5378
5002
5103
4612
2175
8555
2993
2322
5777
7046
8734
5583
8858
6821
3757
6997
6548
729
9639
4293
3383
526
9646
2025
4364
4967
3050
1022
9521
3453
7059
1885
4644
4625
1971
5276
8030
4617
1020
1846
6692
9633
2180
5659
35
266
5001
2141
8873
8636
1820
6435
6985
3438
5375
8782
600
5638
9117
4214
7810
9912
4878
8583
3527
119
9477
3609
6861
9207
8356
5604
6294
6446
4063
5986
1487
7419
8843
256
2303
7546
6928
2816
9153
1571
7922
6342
7330
3664
9813
977
9415
7553
7910
5661
5521
6298
7813
8428
9379
1644
6590
7462
2203
4805
9312
2717
1027
6094
9990
5752
630
1407
937
5747
7290
7079
1735
1201
3605
2355
7995
1931
1247
1868
1363
6207
3531
4052
457
9171
8366
4200
7008
7612
9433
6604
3403
8763
7593
426
7343
4678
9401
4920
7398
196
367
4037
2316
4968
8089
1504
926
1684
6705
8018
2601
5154
5996
8419
3089
3246
6313
6507
7767
6033
1683
750
3202
4254
4186
1567
7662
3411
6740
9868
2384
3332
9505
6668
264
7291
6969
1831
1254
9906
4744
2924
8410
7551
9980
7007
6566
2054
2704
7887
1599
9977
5342
7696
2529
7708
6119
6827
5933
1737
1463
2029
6573
1508
4330
7519
3205
4244
7323
9421
6691
335
1695
5285
7434
9365
7387
4598
9479
621
6537
3555
4323
6142
8384
9162
6499
1878
4292
5300
1624
8998
7501
5311
2904
8935
8628
1047
9209
4216
9252
1300
1466
6410
6445
7848
8584
8200
3109
3209
9198
1205
9879
5575
5408
970
9404
524
2629
2436
8454
1553
9474
3753
6492
7272
5796
5121
6163
1900
3841
1959
942
4433
2429
6884
9028
1668
2394
4587
4634
8560
2688
4716
5903
3303
5117
442
7832
5544
8855
1992
3645
9937
6811
1674
9672
2645
3176
7681
2729
84
3055
2945
2277
3212
8713
4157
7055
7850
6037
1652
716
6215
7030
4180
4328
4388
5910
9820
7104
3232
1000
3277
5053
2985
5846
1229
1924
9795
8403
9058
4609
4272
959
2122
701
9280
198
3380
865
9938
4888
1943
8010
2697
2752
7270
3923
8769
2651
4022
2723
7259
6040
2798
4484
6795
2599
8768
3657
2351
8806
580
6515
4765
5991
9522
3310
8121
9815
731
6351
4500
8502
3889
9238
8963
1180
4616
3769
1515
9695
9329
1832
1982
1600
6854
2474
5130
548
1935
9411
4992
2021
4231
7521
509
1164
6024
2423
9737
9663
303
2018
6257
7265
7719
9520
1759
987
117
2146
261
4460
2417
6047
7900
6066
9020
2860
5694
1427
7221
5464
5383
9506
2247
1285
2905
5719
2973
825
3171
6426
2507
6849
5999
4712
4452
1646
5192
1655
3508
2754
8725
8254
6220
7815
283
9341
505
5056
8426
9339
950
6707
5783
8808
1960
8009
2607
7404
249
3236
1262
1694
8673
413
5641
1502
1830
9357
8509
1002
411
5314
3840
242
2813
6338
8494
5697
3515
9517
4557
1148
6156
1768
2916
1393
4509
5562
2712
4267
7159
8248
1335
501
1052
9598
7107
5960
6853
7567
6927
3127
1731
9166
6249
2374
2569
872
4476
5520
5006
9596
189
6086
724
8114
2000
5149
5473
9678
4731
1994
6247
2192
1336
3522
2172
1577
5982
8707
3926
6461
6752
2757
713
2544
8525
75
3764
8745
3061
8837
5280
1988
8440
1212
9324
3974
8489
3389
542
5139
7296
333
4495
7192
1989
903
756
1171
374
2310
1845
8031
1198
153
9161
8849
9418
9463
4881
8969
7517
1556
8535
2661
372
1641
9725
7001
5787
6065
9049
610
7890
2233
7628
4741
6004
4872
7795
3071
8579
2815
3986
8445
5823
5312
3337
3777
365
1088
8646
7490
2893
9677
2329
3912
6
9746
8592
8294
8318
5786
1277
8096
2073
9190
228
3211
6487
308
6735
5132
2518
6363
484
9133
222
7064
6940
764
4693
3044
4282
1312
8022
3329
1773
2745
6594
2071
272
9361
6109
7451
2400
3257
3165
3845
3737
3142
7244
6674
9545
607
6968
279
6768
733
5639
6959
483
2227
213
6956
2803
9225
8175
9236
3231
6276
7746
2152
2672
8925
4122
7309
8351
4340
1895
9991
707
9860
9276
2287
1827
8910
4718
5956
4132
6027
8762
2065
5989
11
8474
2116
9048
627
7417
658
4170
1424
6096
2249
9472
2274
4893
1084
1828
9758
7400
9309
7853
8904
3861
7534
9216
5379
998
1404
2976
4392
158
8857
6828
7739
4813
4567
1810
3354
2275
2078
7070
7271
8247
7142
6148
6192
7397
4667
7449
7690
8794
6908
4502
7347
9562
2677
8188
979
8876
4315
6693
1271
8235
7759
1734
2948
9995
7481
7300
852
3581
3862
6314
5455
527
7568
8143
2694
7502
7473
9583
7256
2480
124
5750
4082
1413
8793
4581
3207
6144
467
77
7128
5664
8286
6068
5215
9684
9124
8761
7783
9834
1718
6835
5741
4024
5128
2440
7839
138
4761
3968
564
2746
2111
2941
1165
4859
357
3013
8674
5228
6952
5918
8130
4951
3594
5771
9485
8289
6206
8155
9469
3132
2670
8606
5021
6005
1299
7042
5416
3570
7544
1339
6677
3911
3239
2162
1337
5013
3768
8609
5820
5684
4333
9090
8135
1473
8400
1179
4547
5830
3916
5294
3747
4019
4459
6272
6875
567
5102
8918
403
8691
2383
2546
1685
2999
4545
8392
4404
2566
6974
5490
8349
5024
7169
7022
5908
5871
6388
5468
3724
3360
1023
3052
9559
4405
4946
562
7364
8376
1583
1420
5712
4685
866
1494
6470
4438
5335
782
273
5137
4882
6155
8273
5333
7801
6534
5881
5699
7834
4787
118
906
641
7308
3982
5368
7597
9108
5483
6035
540
346
9307
6055
9487
686
2981
752
2289
6901
3674
6303
6317
7817
2087
912
2639
6972
7002
2187
668
5396
8815
5566
3059
521
1406
3130
7365
9541
8240
6774
8394
1190
5710
140
993
6375
9509
1098
3829
6360
7854
8913
6591
3146
557
6682
1043
6355
7646
8004
9685
7663
5034
678
3353
6432
3185
1823
7405
7249
6095
6315
9996
6381
5793
8184
5415
5803
3324
9367
6808
2931
1904
645
8287
56
4791
1158
2598
3518
440
9234
1725
7431
6900
4628
7492
5052
5731
9582
9184
214
2928
3533
350
8444
5655
9067
2574
3255
7255
737
4053
3121
7437
1311
3689
2583
4429
221
6978
1946
2582
8773
9097
2886
7143
7535
3307
9369
7135
8280
5878
8993
7357
8831
7388
9865
9563
6420
7277
1379
168
1910
2614
8047
3507
398
2748
8016
1872
1026
8229
7584
4220
7838
9204
8145
3290
2350
8518
1770
149
8999
474
5889
2926
4774
2952
9299
225
3058
4860
2399
8755
162
102
7117
2804
6870
1673
5384
1811
3802
6251
4837
451
3919
6804
2528
6511
4141
170
5186
7383
6712
355
9961
8477
4529
9269
3966
6876
4659
3571
6562
8870
5928
7131
5261
2185
799
9384
8926
363
7115
2747
1381
5866
1283
4156
3610
5088
3771
9066
253
3655
2785
6663
3261
6728
7067
2933
1259
7458
2901
419
93
7156
4104
9738
4064
3523
9250
2681
8885
9543
4265
2352
6711
1527
1119
7011
4901
2531
6333
5545
4710
3762
9989
1927
8705
9335
960
7072
2512
4073
2267
9557
2432
2280
2564
8965
1932
9206
7406
2927
1203
6993
9248
5046
5
7564
1693
2011
8970
2979
8595
9045
2415
6731
294
1244
1321
4391
9573
493
6182
8168
8789
5826
8551
9649
6950
4133
4584
9512
3173
4794
4163
217
7588
653
2414
1728
1268
975
9033
6210
535
5860
2306
3649
7508
2742
3437
7846
3578
8649
727
3126
7876
5086
1532
6671
9785
1915
6277
2894
618
8736
1477
4080
6235
2040
8028
3054
801
3263
5165
4607
1054
6906
8227
4507
2020
5010
1979
3194
4739
9966
1400
5058
814
2366
6378
2024
7660
9970
7791
4343
9591
5549
6892
2112
7800
4647
3582
1096
3500
8695
3427
8581
5087
4875
6754
7599
4018
9946
2616
8078
9110
5371
9933
371
9832
7399
6886
5385
6255
9636
8435
4345
8770
7976
4918
231
6127
4723
3668
9624
4086
7591
5821
9023
1417
511
9126
4307
4650
3876
2992
3883
2732
8062
3592
829
9510
5901
1163
6955
9046
8816
7632
4873
1609
730
7425
9717
2817
3937
5142
8274
3524
1408
4524
1503
6340
7990
7539
14
8379
4680
356
6872
515
6125
3081
7476
1193
3137
9208
347
4501
2608
2100
3872
9679
7875
8799
6746
8164
1063
551
8585
1185
8919
1514
5700
6982
7644
9382
4687
4651
2741
6168
7472
5843
3357
4966
5590
4115
260
8449
4164
2610
8365
5187
1762
6991
6680
3539
5834
7673
3513
5287
4054
5754
8803
2980
9752
8685
1398
9016
382
541
725
348
1524
4688
9600
1138
2534
4941
5924
6325
7949
8943
6715
6689
1676
1272
5642
8367
5577
1196
302
7068
4351
9332
6820
1921
2460
9853
1017
4192
1616
6963
2160
9346
7942
7391
8531
1697
8538
321
1430
1005
8886
4003
974
9151
7044
8821
1753
7389
8146
9708
6583
8971
51
7359
3364
848
3590
9002
240
9498
5964
5606
9232
5784
6931
9229
8680
1451
6135
7843
9733
6880
9203
9727
7936
984
9874
1173
4084
3917
4874
6176
6236
1384
1963
9265
1891
2881
6324
4826
2889
3562
6358
2571
1310
6570
7780
5453
9326
5775
2176
4196
9383
7380
477
2341
4034
5269
6944
2563
5140
7214
2158
3760
9103
6751
5126
1319
5138
9226
6191
9394
591
3882
8692
5290
7368
7197
8572
4087
6211
3898
4446
9723
1672
492
3871
2887
8591
2470
3000
3117
1353
2373
6922
3701
7788
9311
7930
6167
709
4125
3100
2295
9863
8488
1776
1154
6651
6798
9902
5896
5760
4068
204
9857
3177
4624
3569
3265
8061
6961
1851
3252
9993
9824
748
2173
4630
1409
2272
5274
2725
5703
5401
2782
2324
1142
8052
1582
2164
6267
1581
6608
915
7961
4197
4012
8570
8941
4696
7822
2668
2884
2850
8871
3907
5376
9374
3741
81
6844
6404
1056
3273
3821
4289
8612
5412
2363
5334
7023
9088
1146
1669
1412
4863
861
1562
2818
649
1852
7891
9412
1758
43
8432
6496
6477
1876
810
1843
9257
4512
9712
961
9901
573
6789
4395
994
6535
9700
1837
3766
4828
849
9275
8563
5295
1729
5596
7306
6962
6329
1181
9720
985
4938
5970
4914
3863
1286
6116
2977
2876
4880
9007
9803
9481
6575
1706
845
7640
445
1864
8593
1346
8123
5789
5863
2285
6673
1261
8721
1215
9607
2367
2589
9827
9093
9390
8889
3006
1251
6254
5489
275
7081
3262
9102
5946
2070
5629
3204
1168
9079
5509
5089
3210
7109
2260
3295
2378
8452
6304
5701
2558
1481
9949
8119
431
2929
8210
8800
1354
9730
4458
7988
5598
3589
6502
27
4720
1472
8053
9121
3349
5610
9183
9140
4544
4767
1513
2728
5474
770
7210
4643
946
7842
1590
8809
7897
914
1078
7604
3735
978
6971
3041
3294
3347
5019
9683
6947
7017
3950
3217
3676
5623
7483
7048
6427
6356
8313
3192
9095
3250
3430
2872
4183
6895
7087
7170
9926
1235
8389
2027
8669
6837
687
9628
2305
2811
888
1016
4420
7733
3636
2390
9530
8844
6052
7253
9662
4468
1517
4059
4279
2478
7873
5331
2401
7748
2989
6607
2144
3744
9811
5728
1066
703
9350
45
7496
8914
4435
5475
7186
5649
6450
7627
3043
9388
4927
7247
9450
2622
2871
6405
8453
7402
8702
285
4176
4075
3977
8259
5727
9454
3824
460
3154
6565
7446
8436
7507
7956
7013
8178
1042
5204
5394
8253
853
7174
9894
6632
1741
1390
5968
2511
1387
2159
980
2662
7029
6370
7367
3157
486
1589
3181
8640
5990
2867
4781
7012
1101
7224
4672
514
3927
8181
9142
6186
6002
1376
7782
6327
6786
1159
250
1488
3576
1120
9701
4615
8568
6560
523
251
4093
1750
691
9304
2733
3625
8607
5343
5373
8875
6226
9036
2330
1912
1405
2081
711
4354
6809
7
7082
4271
7062
5273
8600
5626
5998
4318
1429
1498
1050
1975
7713
5711
6721
8463
8375
2827
1789
3497
7764
1436
353
6737
1781
7395
3775
809
4247
298
7679
9300
3188
7242
5229
1743
207
7531
576
53
6441
839
9676
9657
4416
3442
9400
6704
3607
6309
823
2648
5030
506
7053
5414
5246
5707
4541
5263
447
2810
2291
8140
8582
1787
3567
5554
8330
6241
6151
2934
2059
9399
9380
9157
341
935
6967
8385
2829
7797
9729
8897
3920
1756
6616
6647
4411
2809
9872
2557
5361
8588
8446
462
7926
4399
1389
1796
6407
1558
6675
6442
4508
547
177
2863
6007
7932
1640
6449
2132
8894
8043
8643
5141
2391
6638
8167
6364
5537
8872
2096
6310
1220
4057
6984
9370
9287
7515
4757
6032
8909
5533
2045
1889
1964
920
6161
717
5618
8532
2969
3601
2572
4286
5643
6713
2412
1544
6180
176
2787
1786
826
2242
7565
6862
5743
8516
793
8559
868
3940
172
8223
4902
806
7618
8546
3949
5949
6111
4339
2226
1528
5883
9828
2451
3123
4806
2314
9929
8865
2644
3082
5724
9138
9988
9253
7785
8361
4320
5934
7904
3808
3305
8586
5472
2344
6332
9155
7427
1719
8026
3441
8281
6552
4041
536
3788
6379
8218
6553
1343
8811
5049
7743
7735
2326
3521
5905
9169
9763
259
5868
7189
7984
1324
5994
3429
3843
78
4734
6034
5203
2634
592
1745
2114
1465
4800
9303
3885
3362
1067
9792
5166
6894
2003
7390
1462
9422
4027
9884
2110
6463
7717
6859
4010
5685
7730
7903
9967
4827
5804
4935
8277
563
7878
6898
5216
423
3614
7598
6455
8041
7652
3755
3396
8613
4692
424
2048
3174
6934
4217
7057
7844
9847
8718
7452
569
7525
2516
4947
5937
4004
7152
905
1315
7549
4510
4928
9315
3197
3201
3143
1304
5148
4131
1033
3679
6825
2243
9114
2225
9163
3410
8729
667
4586
7955
2210
3795
2413
3818
9359
5421
8490
5534
174
4212
6887
9732
925
2895
6263
6489
8962
9692
8608
5553
5568
6473
9513
4210
1893
234
3491
1236
8479
2403
4116
8726
3379
2254
6045
8580
9084
2652
4759
3031
2930
2301
6547
3220
552
9757
8467
1263
3839
9773
2030
1029
3336
10000
6266
89
9025
9667
2724
7238
8125
481
3048
3568
871
8523
9021
518
7869
5410
1966
9139
3761
183
8295
6661
2016
8443
7414
5613
7698
4356
3026
9409
634
5105
6202
8020
1455
48
4911
6398
4702
2102
1538
599
1999
3258
1237
6054
5950
47
4327
7140
215
6088
4008
1970
7497
8921
2573
5726
9491
8127
3397
5445
2801
4559
3783
2031
3292
7747
1663
7125
3062
6269
2772
7683
8111
5907
9617
4239
1434
8979
8711
9392
8907
3733
3544
2925
6252
6946
3218
4533
856
8644
8911
6316
8564
1576
7898
694
2714
4179
2142
5377
2313
6031
5134
6833
8758
2553
1522
5920
4251
6612
7088
6979
835
2036
342
2028
345
5156
3512
7153
5683
7498
8611
1682
5258
112
3822
7466
3517
7005
2912
5930
2279
1944
4810
4233
5458
1836
3225
3695
6085
944
6581
8487
5725
5885
8664
9026
3075
8923
5940
8778
8932
2873
8084
8787
9648
1739
1588
7320
2967
1143
9994
5462
8100
7225
5951
4250
2099
1447
4816
8194
5969
4241
8132
8712
1367
9050
4226
8826
4358
6453
7384
8893
5512
7083
4403
6189
9087
1586
6376
5219
2475
7622
3591
31
1
2202
4006
3906
6801
7999
6307
1348
8642
5119
2428
8625
7000
637
4684
1700
939
4924
1764
2431
9764
5358
6308
2135
8614
6988
7674
3934
5800
8665
254
917
9445
3730
7637
8558
4389
2556
2092
4266
7830
8456
2577
7344
623
8536
4721
1378
9295
2919
2128
6136
9053
5168
6670
721
4174
7852
5622
7032
8406
3782
9217
2713
6528
362
1881
315
2986
4869
7732
107
9051
8757
1867
9779
4932
2404
6474
2043
9895
9044
867
5025
4225
2444
1222
9731
4456
9891
4071
2693
8124
6123
3460
129
5450
2231
3989
9009
146
5788
2126
9449
3833
571
854
4820
5170
1278
7486
34
7987
5169
1243
5616
8801
6890
2855
817
407
1174
180
1821
3685
113
3492
3422
4410
446
759
6885
186
5369
1338
7340
8195
9224
6559
5291
9905
9258
952
1075
2427
924
1320
3375
5971
9801
656
3547
2492
4876
9432
7647
9523
7676
7420
9535
734
808
4656
3129
437
8222
5879
6090
8526
8057
9068
4518
9298
7941
8880
5526
7765
9219
4770
7921
1255
2032
4516
1380
4171
5851
6812
6714
4081
6899
6540
8337
7263
4958
1365
2064
4362
7951
9283
3837
3032
5111
3700
1369
2994
2455
9313
7034
2711
5798
6082
1361
3047
3807
5031
9564
4431
2284
3315
3953
6334
3835
8402
4016
1779
4641
7714
7514
1793
4853
4015
6508
9495
6542
9830
3164
546
1783
8338
4849
4907
7078
9457
7562
8501
4694
5587
65
5485
9875
200
798
1916
9293
1548
3308
3580
5078
8302
5805
7379
8307
8735
6149
3346
6117
9550
3504
2543
8147
2975
813
6253
5480
2012
3565
4471
695
7230
2463
9022
8908
680
8671
8396
7579
9438
6464
9904
9104
6941
9267
7608
1563
1890
5286
5082
4989
6289
1542
8179
5818
1667
9561
5392
1587
7664
3502
5652
7297
3254
2408
4620
4043
2706
4491
8183
449
1152
3447
4926
3661
8920
1947
1651
4553
3479
9688
8148
8327
8190
3385
4070
8411
1540
1474
4415
8264
965
2826
297
4440
4593
891
3947
7731
1570
4910
1297
5167
1954
1087
669
1077
5525
1402
6195
8271
1680
1086
7137
1250
4434
5277
1117
6466
3087
2954
2094
3105
5689
1330
468
2864
354
12
5962
4906
3278
4537
533
4996
4648
69
3314
8315
4576
2636
3998
5978
1350
3323
9998
3391
2265
3276
3868
9196
6287
8731
4988
9843
9286
6077
9389
9992
9747
4169
3684
5438
597
9806
6545
6083
5691
2148
8068
9642
9822
1219
9699
4290
8827
2335
8066
1636
3139
5211
6036
4310
7416
8540
5033
7281
8748
3946
8567
2942
2609
7557
6893
3586
2842
7120
1112
5199
7223
9518
2143
422
6958
1714
4909
9693
9622
6129
63
1377
4514
4396
5454
5814
643
2839
5120
8733
8990
9436
7522
8058
3206
134
4257
5813
579
3715
2010
726
4077
4538
7494
205
8574
4106
1702
2671
595
3850
5153
6425
4367
4467
9242
95
4284
9632
9237
66
2297
8524
6609
3023
2700
9532
9017
3588
7862
4676
9188
8700
5619
4189
4708
8934
9924
4560
3015
2898
7237
4972
5318
1083
306
4383
6582
5625
304
5176
2821
1938
3653
5530
8997
638
497
1755
9930
9775
2007
9766
7585
683
4521
8103
3704
5492
6201
1632
8377
3162
702
2257
2106
3216
6306
7778
5029
8398
6990
6606
8623
6520
8334
9185
1048
1162
1899
6966
5324
6741
3184
9159
9776
7423
7325
8683
4296
5797
2452
4700
2522
5717
6631
2530
2682
1800
9094
2131
6147
8423
9873
4451
8378
3056
1313
7656
7103
7935
9630
133
6322
8978
2950
601
5161
2680
9836
2364
5679
8304
3600
5136
7294
5044
8094
8853
3878
9987
2183
5359
7043
9375
386
8310
8163
3991
5424
7828
4619
7289
5100
2327
2456
7341
8662
989
2318
7756
9342
6414
9119
9372
5895
3370
5081
2447
6291
1301
6286
8187
4112
9308
7710
3012
98
2179
5074
3243
1081
5194
4519
8554
9052
5676
7110
1061
7986
6177
3658
3979
4709
1124
8083
1981
7133
4390
3187
1657
3072
2628
6881
4427
7021
8994
4406
4515
6232
3830
9570
1840
8343
7726
9410
5628
7675
9950
7319
7269
4682
3101
499
5420
7586
6569
1633
2407
688
9241
3464
9960
2074
9061
5398
94
344
7774
1692
3838
8556
2075
1470
9765
6644
7393
5497
7559
4379
8283
4736
4573
3420
7693
3784
3320
8141
5366
6939
660
844
4597
1602
6260
992
8741
9455
6058
1597
461
7621
6261
6009
7493
556
5923
537
9804
2570
7254
7969
2885
4690
9898
2353
7374
8534
3085
2035
7970
7279
6262
8045
401
7025
4887
5389
1645
5947
7672
9395
2358
5247
2991
2944
7983
6843
3114
6194
765
5370
6080
3823
3886
167
6331
5630
3024
5744
5235
6681
245
4270
7654
4033
7533
4808
2198
2995
2223
1433
549
7776
6362
2968
3648
5651
6549
517
6343
2515
6444
4187
2056
802
934
9322
2342
9005
7262
7642
8418
2854
605
7802
2921
4135
3796
9448
5471
3279
6960
1386
1888
7575
1211
9431
2833
5880
5422
3297
8420
1482
7243
2699
6074
5524
9655
7576
3978
8241
5076
8137
6750
2838
8672
4165
54
2293
9187
2621
7744
6926
4698
2708
8480
4335
3627
5386
1072
3065
1678
2453
1901
7003
1109
2049
7317
3141
2044
8694
5071
7245
8786
5667
3037
8275
5118
5068
1566
3651
689
4953
7440
239
3434
4743
519
9722
360
954
8189
1575
1525
3367
4211
1689
9669
8388
8262
3804
9377
3832
4042
6865
2593
6073
9366
916
2418
9920
7095
6687
4487
1871
1777
3077
7480
8033
7798
4398
1351
3070
3311
9969
6564
8015
6818
8867
9899
9608
6883
5461
8498
8577
6615
4264
824
470
1985
9858
3214
6695
1875
2590
1489
8129
1798
6179
4448
4118
6411
1419
9419
4098
7882
7641
7610
9939
4952
3483
6777
2433
4592
4632
6018
5091
9220
1518
2448
5822
3793
5704
9975
7629
5000
7436
3454
700
3729
1593
312
1450
4506
7547
6387
4633
3145
9859
7667
6503
8329
8708
3007
5441
9214
5035
728
164
3291
7661
4795
8268
1323
9721
8663
8983
3208
2998
7560
4348
8973
5181
5965
2750
976
1388
3613
927
2379
453
6208
6790
2974
2910
7426
8927
7161
4342
969
4423
9713
8172
898
2253
1245
4969
8182
2892
7182
1861
9962
9460
6353
822
6293
719
3424
3559
9060
773
8383
1135
105
3935
4915
8991
6706
2103
9297
3009
1045
3552
1829
3019
5374
4578
3348
584
5615
9542
5884
4166
550
9568
4463
415
9222
4297
4706
8002
454
8500
6830
6710
5627
4314
1140
1986
4654
2435
771
3967
3738
3603
8704
2319
640
8895
7812
7818
3731
9145
5066
2041
6585
6290
3903
6462
5444
3234
8112
8511
4009
3040
6516
1615
175
381
9000
4357
6087
4841
5748
3327
5588
1342
9101
3814
3289
4309
6454
9616
4317
5040
1608
749
2781
463
3828
5129
5862
5958
2104
2354
2559
5080
8838
6075
2736
2216
850
116
9018
4963
5542
1373
3417
8199
4851
3402
6730
9979
2684
2437
3506
805
5404
9750
6527
7716
9944
2205
1569
4259
2397
5196
154
2271
150
