10000
4792
9475
4417
2335
4564
5341
7687
4549
3732
5747
3101
884
6092
9728
5938
5255
750
2037
3908
563
4418
1710
6376
6792
930
3311
6854
7219
5600
4425
6397
96
52
8814
1376
1570
6834
220
8025
7924
9915
7506
1307
1956
7832
1563
1323
7633
8551
7165
6539
9721
3477
465
9819
5517
3393
4671
4948
1393
1688
5065
6344
2613
6675
7141
3086
3930
803
7145
3998
3590
1662
2879
9893
1145
1841
5522
398
7406
3121
4493
3418
9046
7739
4315
158
5902
6773
8347
5862
802
1107
1118
3846
5833
5791
5763
2476
6038
3793
8858
5295
7382
1214
7707
4339
1162
359
9016
4246
2356
9433
148
2515
8171
833
689
7583
8482
8571
3834
4647
3843
8945
2172
1354
7447
68
9914
7638
2827
4373
4161
6090
8899
9292
140
8495
9187
8721
8902
4900
2024
5621
4992
8464
9122
4237
3466
7572
7764
4354
441
5860
1865
5472
6771
9071
1805
8976
9691
7788
495
7946
4558
4261
6656
7329
5818
1292
9924
8101
8182
1811
8853
6602
8967
9579
1462
9194
1400
5333
1248
6008
6880
6071
9231
2451
908
4412
6908
8167
3903
7063
5965
8316
5118
8233
14
5921
1411
8418
6684
2945
8690
9643
7869
1191
2264
2080
8886
4017
2917
7708
8532
7487
1104
247
1287
4994
9757
4014
8760
8785
6346
4222
132
2404
8773
5984
1988
7518
6105
6274
1932
2405
3276
9316
2664
5033
5096
3659
6894
520
6396
1914
1646
9346
2443
1012
5183
2825
8485
603
3747
6088
6015
5452
1161
869
7375
4455
1860
881
1368
87
1363
2432
6547
6766
5893
4224
9293
8656
7991
5825
6059
6791
639
4355
848
1614
1157
5263
9745
2456
8306
3090
8024
7308
5104
4533
9502
3304
3832
3857
752
9348
8465
3787
5330
5469
7363
8350
408
7272
878
210
841
4473
1169
9333
7575
2662
8225
3827
8319
9209
3362
618
8695
9048
7852
1403
2609
8864
4775
3236
6155
4692
697
4589
49
8525
2567
472
8216
1097
5962
2368
7474
5966
8819
3359
1629
4736
5215
6310
9910
347
4180
525
7777
9066
5839
6930
3916
5976
759
7504
3926
3329
229
9431
7312
3265
7874
3522
5722
9337
7897
7639
7391
7790
7760
9334
487
3889
4500
208
1525
1427
680
5573
7105
1396
4220
7608
2096
1186
2059
3730
9215
4831
3794
9786
4402
4056
6928
170
3306
9267
7859
3867
7900
6040
5386
97
627
1863
9511
425
663
6932
6402
3752
9899
3213
5225
8848
6872
8718
6063
1700
3591
4468
6453
7812
6494
386
7740
5420
4650
1142
2880
3326
6488
4726
9039
9809
9661
109
3449
4125
3165
9939
4108
3039
2678
3221
608
6184
4462
7034
5857
2311
5079
240
1332
2355
6581
2655
8083
5414
9258
4819
9425
1680
2297
9299
3668
775
5286
6472
9684
3696
9005
1395
8184
7203
3316
4404
825
6734
6214
677
1910
5851
6926
9109
2509
3652
7416
7811
3862
3520
889
9305
6569
4754
7979
1514
3295
316
9898
4916
7405
3184
5257
7226
8774
9091
4452
9390
7110
6819
437
435
9342
293
6832
2357
1829
6445
5379
1016
4394
4927
5982
7771
36
8723
3017
8589
6984
1844
6298
6697
5951
1335
3684
7011
384
2989
6003
3145
4436
7858
1204
73
8199
1545
2174
957
7047
7702
8324
4932
2835
5359
4945
9881
6018
1102
3873
1689
6919
9347
4601
8622
1330
9099
7016
3891
1774
4299
8716
175
9541
4537
6836
4311
4848
1983
2310
3724
6821
9063
893
4301
9846
9654
2876
5764
9949
964
5626
9572
2763
9520
7541
9323
531
1957
2389
3422
4966
5187
2870
9515
2391
3863
2371
6130
2748
471
9933
3343
2516
282
6583
9076
6232
3302
4331
2211
2000
5864
690
9181
6426
4267
117
6460
586
9196
2287
1898
9660
9464
903
587
4970
576
1246
7781
2997
8450
8672
611
3199
3467
1384
4114
1679
2867
2316
9679
7173
5324
9769
7550
753
8012
491
5646
6976
1958
4054
5123
8417
5015
6678
9704
7932
5935
8469
9266
8509
4105
4030
8131
1182
9228
7926
3072
6540
4020
7207
3166
7833
5475
5887
7414
1465
8056
1058
4454
9859
57
573
3810
3124
9310
4485
7496
2142
5781
2998
6080
4441
74
4972
10000
2127
8379
9488
8818
581
63
4335
4177
8440
177
9664
4015
7352
8345
898
3776
7538
1139
1638
8106
42
9483
9692
8064
6516
8272
2716
5025
7284
4820
9900
3353
6403
7320
8452
4083
6560
9108
7192
4119
4516
2702
8029
3044
1391
9370
5116
5654
8478
4181
5261
5712
2141
1255
5550
7987
3154
2650
2952
4823
4607
5070
53
6744
3847
5224
7768
7677
1189
6225
5686
7123
9311
5314
3461
1450
9307
7773
6691
1987
9116
1412
5395
5765
9024
7718
8093
8753
3574
8120
5445
7690
6830
8996
6633
6572
7461
5077
5348
3020
6546
2046
502
5036
2615
4272
3222
223
1691
2258
1075
6754
765
9689
6175
1771
1986
5622
5293
6157
777
2471
8553
8567
21
5937
1698
6812
8994
527
1637
8220
3448
332
8267
7596
3839
4113
5627
665
2298
2810
2146
2022
6655
9159
2203
6758
7491
8743
7265
244
5797
7930
3209
9947
3952
7184
1483
5819
352
3959
9536
1600
3114
534
6486
5194
2010
4635
361
5289
3604
2962
1509
4445
4153
3407
4007
8775
7657
2098
8827
2923
1109
1822
4825
2579
9670
7928
4615
6242
1877
2078
9118
2775
4431
640
4457
5754
1177
5418
7585
6882
5886
9725
324
8085
3278
2345
4656
6921
3534
598
348
9729
9221
2562
5034
675
9603
7803
1454
3216
9761
370
9850
430
3858
1444
5491
3656
7376
5509
7181
9241
9463
6479
2016
8183
5913
4697
4847
2828
3819
3298
9031
9095
4737
6342
1093
6060
7004
4525
2547
1508
9908
6212
2441
6164
190
7606
127
2510
5308
3667
3509
2236
2712
9526
5478
5799
6590
3654
9740
2596
5499
2508
4524
7810
3172
4708
5168
1042
5716
8060
9645
4390
178
3678
5363
6464
4627
8480
9375
3674
7244
6924
8014
2725
2241
2727
7993
2286
6361
7488
3430
1155
7061
2752
3386
6564
6366
8683
1713
6640
6235
5647
9620
1490
1136
238
9362
1357
105
4277
4134
1243
5385
8218
7445
6646
6706
8882
2589
7868
5440
938
4285
6826
3605
6370
202
1530
4223
3459
1269
5275
2940
1850
1258
459
1060
4579
6177
6817
1632
2696
4218
2928
5872
5270
2349
8236
8934
4235
6306
3174
4512
6925
9479
4942
2644
7361
8514
610
5668
7855
746
9130
7426
7188
5248
1804
8202
1654
2948
2200
974
7823
33
9592
8442
8857
1451
480
4026
7050
6739
3699
5658
2550
1655
203
9833
6703
2329
4415
915
3511
8572
2285
4935
5837
7861
1069
2370
4323
3994
5606
6363
6532
8786
5810
9570
2570
1885
1285
6906
9270
8355
8624
2801
3966
937
2548
7392
7094
3018
9259
1776
2398
3536
8941
9870
2106
8179
1125
7547
1506
3334
9417
3012
388
1197
3097
1845
5040
2808
5486
1569
9836
4362
4971
2697
3554
60
1859
6804
1556
78
7929
4149
8832
8736
2558
4058
8489
4811
1163
8537
4518
59
1587
9050
8575
601
1732
1608
945
6555
9040
1425
8380
7610
3606
6440
3321
7509
2914
3739
7074
4446
313
9350
501
1486
2191
4186
8411
4167
8762
8443
5128
1329
552
9284
9239
5170
1333
1312
6843
6512
8799
7313
1853
3679
1126
4032
3976
9863
8909
166
3368
9073
5504
1537
9190
9493
956
5540
6899
5552
8655
5784
4611
2448
3815
3375
8378
8293
801
1763
987
7839
3729
8511
3374
9597
9067
1375
2814
7043
4449
1767
3736
1690
8717
7501
8356
9529
5590
709
7040
6855
1571
4420
2674
7276
4197
7942
4959
7149
6220
4495
314
8077
2873
1318
7847
8640
5713
6612
2406
6584
8730
3546
9244
3314
5172
8544
3102
3519
7024
7261
9075
7009
7064
6922
564
8722
8287
6636
5987
2390
9628
9671
4906
5489
6779
3979
7609
4100
5634
4039
3993
4511
6053
9983
4695
391
9633
3332
8918
2849
214
6217
8067
6418
4351
5060
3616
2543
8020
7454
6048
9500
6475
8972
2246
883
2530
4204
2972
3129
7849
5355
8243
4836
3664
1599
124
4460
3818
4783
4721
1394
6677
2032
9351
837
9902
7578
1460
5083
1020
4810
6720
3243
8498
7699
4389
6897
9989
8959
4170
4000
701
1386
2111
1132
2121
6962
5356
1130
3572
2575
9677
4179
4956
5342
7396
2597
6260
4899
4777
2170
2364
7880
1631
1874
5729
5558
1583
717
297
9617
741
4750
5402
651
8217
9367
5776
538
71
1220
3253
3589
3404
4173
3423
1156
8809
5749
367
7380
7055
9401
4963
2411
9715
2656
8263
6014
4280
1249
9678
5700
5046
2029
5088
9304
8823
2280
2580
3746
8063
1772
6719
3220
3963
4849
2954
7453
9056
5723
840
9435
4483
3004
4774
704
1304
289
4398
6256
1676
5064
1344
9147
1459
7483
2844
895
9037
3999
3468
9393
1823
1078
405
3196
18
4604
914
816
5577
7107
8564
9965
9770
5687
51
1408
9406
3427
5960
3294
6423
8879
2438
7594
9668
5738
8763
2136
1047
6799
3292
8116
1019
5143
5372
4670
6358
3067
4965
8593
1961
4061
7741
7972
8872
130
5233
358
8668
1762
4680
1040
9982
3791
2164
5210
6770
7650
3631
3424
6061
5537
6026
3803
6701
6321
7564
1612
3669
819
6213
8952
808
8856
6137
2587
6659
8788
6458
1797
4943
378
3671
4800
1018
5344
6957
1601
2412
8421
2973
3683
1544
7836
3988
8009
7081
7240
5495
7374
1671
9278
5394
5376
67
8665
8860
8992
1094
860
1694
9455
9081
8351
8877
646
3971
8550
2881
3217
2902
418
4641
8201
4724
7990
3445
6221
7388
1428
1546
4865
395
9585
2353
5218
2934
2360
7159
1538
9000
1613
7822
4799
3297
1445
3500
8353
7588
8977
9077
1661
2444
5676
7367
9129
9153
3127
7381
8146
5174
951
9927
7400
3159
2685
4779
8609
7748
6273
1513
5854
4336
3728
9029
1196
7291
8606
6193
1659
5315
4910
761
5936
2726
4694
4688
6334
9139
319
739
4347
1338
7648
1741
4399
5641
4106
9642
1675
9733
1345
322
3488
4853
4951
3609
6024
2250
6119
1209
7618
4403
5894
591
3156
6548
4111
5125
1884
8926
7115
1108
8294
7286
2824
8679
718
9004
4112
5961
8375
2397
5030
5207
9422
50
7019
6914
4839
29
4074
7410
4981
7356
6128
5298
6180
9978
4718
2486
8308
9232
9461
2020
5163
4897
671
3983
735
7243
3670
16
6760
1267
1901
6934
6136
2301
8200
9335
8914
7892
4047
3005
4458
9151
1484
9207
7298
7876
5101
8126
3801
8429
3571
7270
1615
4029
4135
4586
5411
2393
5124
8831
3618
4059
9754
2002
5782
1532
5362
142
1311
44
7106
3070
927
1976
3552
2233
6065
6443
7230
3713
3566
7895
5430
9251
5957
5053
7459
8340
5191
4988
7440
3535
5074
1277
1477
9635
4952
8836
4233
258
7225
4555
8366
6680
4136
1272
4133
24
6384
8618
1750
7017
3104
1321
8543
3913
6593
9087
6367
7625
6837
7566
7495
4307
7471
9735
1558
9591
5134
813
8207
2317
1975
6895
5919
3153
9702
8988
1423
9653
1777
4797
4049
3274
6437
2520
7058
8280
4881
7775
360
1745
7331
6591
799
2461
9465
9263
5939
4780
3351
4464
768
6187
5790
8538
2259
2797
7479
9588
2882
5306
2933
4930
5898
4882
6901
2956
3437
2093
7264
6724
5994
9798
2675
1226
4829
1588
9811
3513
6844
3981
4036
8776
7952
1079
3919
920
6318
7494
5895
5387
1339
3561
631
3871
1349
2772
162
7419
7651
582
9841
2084
4884
1720
5748
629
830
9235
126
1493
6742
1231
4148
6741
2760
3060
402
6622
7053
8349
3991
6665
8689
613
7032
3600
6536
1346
9178
6178
7961
1907
9718
7306
1616
7156
9918
7794
5052
6031
3240
5217
3122
4990
1773
9615
331
1682
8074
7985
5698
2659
2646
5693
1274
205
7568
9921
4557
529
3058
2986
7992
9931
4929
4544
5945
6269
7527
3990
3414
6316
7671
1174
2137
574
9298
5195
6337
9774
695
2040
246
7591
8821
2777
3925
9352
6055
1748
7384
7326
9450
4734
8153
1864
4367
4547
9996
1722
7493
9861
1071
1029
5545
47
7643
8610
1007
9537
7402
4845
4556
7666
6788
2818
9880
2853
597
2585
5340
5254
8919
3021
6866
7966
5235
4366
8197
9480
4034
8170
8621
6670
419
3169
8835
9885
5297
1992
4023
1233
5139
416
406
7603
8805
4908
8232
907
2501
5397
7674
2682
6936
1603
4855
6327
2803
9644
3388
1360
5855
725
4447
2284
5479
3117
4239
2649
5265
6825
2974
8048
5231
7332
3531
9867
8386
839
7206
1881
281
6245
998
267
9282
8231
7436
2681
5035
1077
9532
7127
1473
1790
2620
5370
2631
1305
8782
7330
9835
474
5691
2584
8570
3676
8081
1648
3594
6118
653
2365
2210
7621
4396
2500
7478
1989
1242
8613
9049
9495
6567
5556
8517
6898
8556
1205
1752
9534
79
7248
9971
219
7154
2266
6648
1909
2553
7766
5081
5332
5063
2420
3432
3772
6978
6887
234
7179
9566
3826
4250
1607
9658
1712
4521
9731
2208
3391
9011
2307
7351
3264
8004
1013
4528
5456
7998
6673
1591
3192
9990
9097
1757
2248
7022
3836
5080
9772
3155
544
7202
5135
1534
5351
9240
4699
300
8273
11
8015
3284
1379
8140
916
7193
5796
8859
6156
1470
1293
5399
9524
7037
3709
7920
4
9426
2791
5082
3548
9817
2265
1807
4429
159
468
9273
94
8358
8441
921
9681
6689
688
1084
9807
5346
2546
2135
3650
2927
345
1543
4097
3879
2182
8003
8843
4344
2232
7172
8381
9952
9294
4678
5184
2260
5059
2105
2688
5244
9813
5161
8666
8204
2126
9065
9542
1201
815
7460
9211
616
7245
1579
1153
9998
1668
9508
9059
5664
3492
4288
6501
6563
3479
9195
9549
4585
1430
1017
237
2494
8852
2274
4913
5581
4568
4600
4338
6091
2160
8046
6996
2231
3000
1306
8268
9804
5835
3344
17
740
6810
513
1024
1298
7196
3547
7290
4274
1171
8949
6296
1424
5889
3837
1238
1585
9482
6483
1066
7194
4715
4636
189
6627
4346
3105
2375
27
5071
7962
8038
6530
6369
4735
5824
7592
5655
5220
8791
7177
2759
6049
5388
6903
1448
866
8726
5442
7451
2789
8117
7325
8205
6803
7251
150
9876
5051
4826
1649
4887
7887
1554
1900
7169
2421
1371
4252
8807
2303
113
1921
521
9353
719
3395
4024
7093
2915
2590
3681
5858
227
4273
6166
7448
8661
4448
5282
1466
6900
5584
3226
6990
5942
5648
6305
6411
2733
2673
7464
9808
1653
7617
3008
4073
2855
5269
5739
7535
3215
9183
9459
8186
875
3806
7791
8312
1789
7025
1359
9134
5829
8938
4289
8971
8558
5944
720
3706
6982
5904
7599
4752
8541
9191
3977
7258
4499
8112
7216
5571
4968
5529
3262
3663
6716
5274
6168
3296
4924
6644
4279
5360
5737
6385
3949
800
2425
1709
9612
19
2102
6634
8999
3116
253
3777
6056
4444
6549
3228
6664
4628
8968
1385
5018
2132
6047
3409
8320
3198
2167
4946
3269
8318
9695
1210
707
7683
2771
9161
3291
7595
2156
2108
4552
650
6029
2257
2186
6233
6016
9747
4276
9057
6762
4610
3626
9634
7449
2206
1967
4270
4507
6190
758
3429
7800
1747
1057
9356
1753
1803
5179
215
7150
911
3612
5006
6025
7634
4442
9522
9768
730
8651
6850
7520
1291
8650
5126
5673
593
41
4143
2452
1793
8165
7028
2401
5927
8861
3528
2830
8254
5778
396
3551
5959
3881
4717
9331
533
8087
9200
9831
8163
1906
1358
2908
457
3569
392
3200
1240
9784
5105
7096
2919
3163
8653
4028
6230
8250
2896
6131
4612
1940
1551
2556
2228
515
6676
5554
2187
6192
2178
9935
4393
8806
5636
2447
7512
4903
8759
4057
2129
2348
7753
3931
1447
1033
7302
3025
550
5823
6702
2377
5562
6829
371
2220
8582
407
4489
7407
6282
7761
5481
5115
1867
8096
9720
3968
3483
9359
2854
4378
4798
8010
6861
2618
5553
6598
8129
4408
9750
8684
6538
8275
6186
4374
8658
8030
1660
8492
997
3918
6364
2472
7927
7183
4870
9607
1766
5827
9415
7542
5811
2886
8344
5659
5159
7799
734
7446
2935
888
6891
5426
6476
6308
1206
3907
1202
4405
7128
6695
4562
9338
2643
5882
2189
4122
1854
9589
8303
9255
5706
8408
1128
6811
8577
6510
6381
992
1908
9086
3173
5419
4559
7726
2491
7551
1478
6332
6761
5463
2470
1407
3490
7779
4297
2180
6980
2148
2083
8022
4828
4219
7910
1492
473
3373
1098
5624
5136
1325
5142
4051
2436
2061
6450
4379
8377
100
481
827
785
8830
7342
9169
4505
2983
5876
3828
1540
144
5117
5249
3168
5826
6051
8073
5093
4739
5186
5428
1022
1464
1449
1699
4236
7712
2860
3559
3365
1858
797
4208
3986
8907
5384
3112
4127
1658
3079
160
9872
5544
3093
3494
994
5769
1873
6380
8098
9618
9959
8636
3874
8754
2214
9923
8663
3451
1980
7140
1438
3231
9504
7743
9816
1348
9565
6607
8580
9593
1341
8234
8987
6062
1192
9545
484
8376
7008
5122
1004
436
1985
3034
7390
290
4886
2925
9268
8936
8055
8159
5816
6973
6313
3041
4076
5437
4241
5032
8034
3954
315
3961
4199
318
1143
5946
5482
4229
1247
114
7309
5020
619
3235
1468
7531
369
8281
7975
9257
463
4341
749
3705
4184
3688
2813
2123
9743
5546
3357
6469
7649
737
2442
2354
7971
8751
1282
8393
1839
3128
5992
8270
4962
5446
9045
6279
7232
2034
363
1065
2075
3633
8925
4776
2995
755
1928
6507
1899
7027
4472
2192
4102
9442
8965
8016
7292
7185
1977
5954
195
966
7242
8382
7502
5731
3795
8559
5988
1941
4131
3505
7476
9930
5772
1239
8288
5615
2707
5972
2614
887
7951
4856
2820
3904
1044
7101
6915
4144
6159
9528
2734
2899
5559
4995
2932
3401
1683
3809
2984
9096
3973
4488
3775
5520
3417
1769
5307
1945
6524
2063
1892
1549
3089
6300
2457
7808
7641
4794
2388
4934
3944
3456
8601
9875
5131
2149
4761
6586
3009
1090
5380
4874
1402
9142
8405
6064
4198
6499
589
9138
1315
679
6808
9198
7545
7383
8560
3345
7296
3525
6833
8215
8387
1816
923
7772
9672
714
2159
9862
9655
3996
4982
4531
8111
8422
8920
3465
13
8434
6249
9022
9082
9487
1314
4035
1981
3392
4048
8803
4722
7455
955
6828
4652
6456
847
2625
4976
5294
3563
6815
5595
3852
3620
4790
7835
3384
3480
3440
5526
6986
497
4665
3556
9379
7908
8361
8158
3176
4540
5095
8253
56
4079
699
6525
9491
8238
6625
6949
1015
6873
4529
4762
9489
4747
3261
5909
787
2805
543
8746
1560
9317
8817
7343
1011
1225
4802
180
5998
3928
747
2955
8529
8796
8696
7576
3812
8414
2898
5510
8416
6599
8017
1670
3870
6259
5016
3750
5912
2212
4782
5736
9289
2361
2557
9203
8838
4019
6386
70
9966
3649
9296
7916
7821
9543
6679
4597
3110
8927
1415
8346
40
2496
6500
1677
8123
2757
8139
2012
2346
3958
7931
9180
7954
6960
2720
6216
9389
2221
4576
9852
2466
5711
4738
2215
604
4293
4964
3622
8874
433
9698
6267
5642
6756
6933
506
3095
8520
4050
8865
9723
2343
5240
3475
9637
7612
4561
1526
5669
7534
8756
3703
5144
1049
5193
2823
2094
1115
5770
8404
7235
5067
1964
1791
9387
89
5450
6312
9973
9275
9650
5725
6520
3062
8824
8147
6890
1074
7889
4226
996
708
4662
555
2289
8800
8930
9832
769
3651
7083
779
2821
7944
9106
3878
3180
7655
9199
4319
376
3061
1433
288
6433
2104
2812
1062
4038
6690
7556
2711
5807
9276
2306
8825
8391
3333
8956
8562
814
5512
3279
174
9803
4616
5145
3524
6314
2736
4152
7659
4424
5609
4490
2770
470
7701
9262
5304
4844
9954
4244
5805
986
5792
5100
2139
9053
983
3523
2856
8066
9492
4328
8787
7472
8059
3162
2114
9623
5674
6326
6917
9143
4350
7297
8369
3956
9824
5865
5973
6502
7395
1489
1119
8893
7085
8206
9993
255
8505
9629
1596
9810
1053
8623
7875
2198
4413
8352
5401
5494
3970
478
2162
4657
3596
3921
3625
1295
2055
6023
6987
4484
7548
7560
6162
817
8779
7824
6853
9756
8581
216
1198
1158
6425
7533
9074
1942
6408
6781
3920
6561
1717
321
5234
6389
4877
3698
9992
6585
2217
6284
2184
3797
185
9812
3512
7903
2568
9179
4707
1137
328
8115
1367
8678
4872
464
5050
8444
6562
6541
1574
7189
1517
461
500
7883
4730
7907
8828
193
5625
3254
3869
1251
6181
8486
3718
5885
3330
3287
7482
6860
4124
284
81
1045
9905
5335
7437
4510
3046
9438
668
3352
353
1934
2834
1217
3838
5878
5013
5535
1982
1
9546
9553
6268
2044
4778
828
1183
3530
5968
5846
1647
7441
8557
530
9369
6227
7176
2201
9800
8445
3476
3808
3557
6121
2857
9995
8241
2514
3068
9527
2314
9432
676
6816
3489
2288
2395
5801
6019
5675
5325
6519
2532
412
9509
7963
9123
1199
9940
8998
5336
9364
6304
9780
3872
4548
2747
2423
2014
2583
6333
6436
4010
2305
356
304
7678
7953
2660
3880
8261
4388
9042
9085
3917
4013
4044
6941
1100
8504
9550
3630
3814
28
8731
1167
748
2931
8674
6841
4756
3453
9473
924
7195
5061
4421
9791
2254
4337
1778
2943
7755
1808
9308
6747
5251
1241
4228
2603
6554
8339
6852
9624
8932
1232
7339
4375
9795
6354
8244
3533
4503
3
8590
7663
1485
5431
6629
3444
1606
4911
8634
2975
4803
4081
1275
1458
9377
6577
5338
5429
9186
5667
5923
3912
8516
6297
2060
2086
7716
3897
1916
4340
7333
9793
8451
4068
2205
4980
7338
9742
6368
1999
5204
242
6039
8088
6152
3934
9343
2011
4088
3197
5564
5320
6687
5506
6847
8456
8264
5922
9533
5045
4042
7144
1195
1589
831
3077
4985
2719
5043
9578
3035
5393
7941
7640
4915
3219
6331
1911
7844
6422
241
9490
7921
6618
5339
8869
4696
8031
2495
2207
7587
9014
2279
5354
846
1273
5413
9840
7912
9821
8229
8608
4835
8784
6686
8594
2295
2176
984
2852
7877
897
129
6005
2545
6338
7826
7137
8403
2378
4476
9987
9717
9649
7475
568
1316
1590
8162
5635
9253
1840
882
6209
9135
8595
8181
1952
9514
3003
4334
1300
519
8251
5666
3195
6237
8108
2089
7522
1453
9319
1429
1364
4120
8697
7247
3565
7304
1754
5653
8657
560
7033
7842
2581
5268
4768
9568
7350
770
3581
2809
8519
8719
532
1351
5639
7986
980
5795
5875
1482
7161
6522
3396
3442
9860
7893
1352
7615
5576
1869
6147
6797
2875
7323
3545
4618
8300
7215
6356
8326
3464
2418
7167
9373
2634
614
1523
6526
9864
7574
8612
3354
1851
6595
7109
5821
417
9686
1435
93
7848
5058
3985
8903
7129
5405
6954
3042
9188
8028
5078
2068
6966
1463
2833
3495
5167
8311
4282
9102
2788
9964
9324
3478
9468
7263
6780
6650
9413
8793
2194
2912
3481
2518
3307
5582
1487
475
3969
3508
8548
6568
5337
2840
8885
8049
2885
2987
4045
9894
7626
7521
3361
4675
1278
9946
7015
5406
7850
682
2905
2454
9858
905
4838
65
5963
4078
5978
7060
1188
1501
1620
3516
7881
1245
2512
4253
6570
123
4526
9696
1878
7511
7706
3830
6401
7311
1687
4710
1578
3859
4470
3822
649
7957
2216
1815
5995
5417
1507
4814
6207
9250
5572
4094
3141
6971
620
7467
7529
1602
8979
6218
8671
2676
1801
1775
4565
7865
3927
7469
9596
8457
4482
8974
4095
4967
6158
3303
7590
599
7057
1746
438
3052
7316
5473
7667
5533
168
4211
8425
5632
6205
6007
3923
9801
547
8837
7234
3685
6950
2331
2244
1871
6229
6594
6959
134
6824
4165
6545
9419
9277
3896
3496
1002
3821
9576
6101
1176
5349
6302
9485
277
9017
4101
2687
4266
9223
26
3106
6907
2780
918
7662
6661
3941
204
8248
3710
2065
2732
4242
9225
4704
1481
8127
8826
5259
128
7853
4888
230
1933
2807
5530
6674
8542
75
7073
8069
2031
4474
6085
1039
1711
7597
3708
432
9975
4107
5541
8547
6280
7705
5114
6574
3289
6495
8633
8463
6862
2701
1436
5023
4938
2064
7983
8889
2499
5964
5955
8000
1280
8298
6912
283
4759
6624
9907
4763
4744
2282
5112
9675
2671
4969
3171
8944
444
8260
6514
1027
572
147
3824
4407
7786
3820
1948
9906
9072
8639
1577
796
6857
5775
3435
9449
2528
6021
6281
254
6877
565
2213
4617
4409
3324
9580
2524
940
1253
3019
7717
5073
269
263
6748
7379
9782
2087
4902
1215
9934
5310
2028
6208
1903
988
4527
6083
872
6642
427
829
3251
245
6111
5292
733
7700
6404
8330
3389
7796
8245
4986
167
5549
9477
341
4314
4682
2779
935
9452
4397
6668
7260
8969
401
3894
2069
5055
1584
8811
3835
6441
985
5629
2130
8176
9236
4683
7614
960
5859
8052
2526
2565
7661
80
3613
3798
4573
8981
3179
7409
4027
2941
191
3071
821
8230
3045
1023
6785
2387
5470
9776
9767
9192
6248
1943
1237
5005
2272
4621
7997
6107
5751
1324
4679
6641
3055
1089
7552
7237
3558
6444
6710
5238
6755
2981
5477
8576
3348
6240
2283
7112
9058
3206
7713
751
496
3378
537
4551
4667
5803
390
9421
4711
9941
3498
9344
7020
9868
4622
6814
262
1826
426
6929
5777
1973
9392
4923
4132
5844
7693
2308
4666
375
6070
3452
7635
7039
571
3751
3318
2414
1996
4080
8802
104
9953
8107
403
3714
4082
9025
5458
1994
3377
7937
4860
7814
1783
7318
9815
3507
1511
1052
8137
4433
4033
790
3189
8047
6114
5619
9948
9023
2369
1749
687
2890
9787
2845
763
8252
3056
8385
7759
3773
301
1151
3080
7212
5847
1106
780
1727
2157
106
6058
7778
9802
1897
5267
8735
693
4440
7758
9857
4150
1317
6601
5908
8501
5567
9436
7294
773
9295
2786
9330
5107
9260
1439
8057
9044
5604
4535
3898
7018
6859
6106
5651
4502
3854
2367
1623
3229
6566
4477
6442
516
6863
5518
3855
686
9271
5152
8929
6840
7524
9674
4321
9404
7613
3645
1610
112
5177
3780
184
1184
7879
1738
4157
3208
9688
4391
3136
9172
275
9345
4021
7423
965
4598
7175
5028
913
2665
9132
7056
6715
7555
5476
2762
15
1031
197
3639
1028
844
4742
8487
3088
7279
9149
7994
3623
357
6379
2773
6487
5319
1821
1426
9820
3224
5521
6341
3379
9131
7052
2971
7131
3942
864
1257
1216
1001
1695
5019
4693
792
1949
3113
4720
1146
3734
4129
5146
6247
6143
7691
6614
2493
8368
9963
9828
4031
7067
4651
6145
2841
8155
9329
3177
8152
8266
5438
6935
9944
1564
5861
6913
3371
8660
6360
6478
4901
9163
9313
7581
2903
6746
98
1835
399
9736
5334
2533
1390
5842
3027
9470
5607
8923
2883
5536
5991
7637
4949
9041
3727
199
2869
3922
6250
9158
1068
4320
3290
2892
7274
2006
3757
6995
4060
1229
7569
9705
3366
2778
6533
963
3267
6551
6153
6149
1925
1636
6057
1480
3275
5410
2302
8062
3398
3014
7652
6945
504
3742
6553
2832
8174
6294
4215
2497
1067
1593
8928
7387
2045
9950
4216
9340
6552
7068
307
2799
8097
9443
7098
6992
1502
6831
2729
6317
3628
7334
6194
362
7457
4312
5166
9291
3782
6035
476
9287
7980
1235
8084
9904
1812
3394
774
3657
8277
4164
1086
5492
661
4581
8829
2009
8071
1495
3355
8732
6727
4217
764
8415
2315
8332
4427
6573
3249
8090
9372
1416
323
43
7377
5758
3203
632
8755
3975
2263
2554
909
1472
9499
8354
7871
3811
7840
3006
9114
217
3543
8124
9805
8437
910
9007
5089
9765
7087
7404
9602
628
3469
7431
8433
696
4330
4977
2019
6699
1802
6447
1734
2978
6428
9865
2195
8196
1820
8531
6135
3947
6263
7787
6798
4087
712
7450
2800
2793
8289
6809
5820
8323
732
1296
5802
2921
8488
8432
6076
5593
2610
340
7408
3178
8588
9371
5250
1798
2325
4630
9667
4022
2048
9214
969
4676
3433
3765
3328
8255
3720
151
397
2704
8641
5209
2081
7066
2996
9942
2693
4419
8600
958
4508
4859
805
2988
8686
5840
1576
5587
9722
3833
6603
609
8226
7831
2764
9559
7340
3367
3781
1263
7532
6355
9601
5155
90
3282
5176
1134
3257
5881
4546
211
5173
8348
5688
385
5279
9052
6534
2363
5002
5753
2897
3648
6777
8291
6455
1496
1782
4804
3641
559
6637
5779
4522
1054
6904
7515
1701
7222
6878
2968
7901
3098
5302
6141
6324
8643
9386
2715
4909
6320
5467
8635
636
9610
9506
706
7864
2993
6373
7484
4991
9302
8397
83
8693
919
8407
1974
110
3642
3845
9981
9
3555
7752
3840
9245
5757
1405
4731
9012
5870
4294
8579
7435
756
5773
9732
856
1073
3799
5762
5662
351
7680
3191
9711
9400
6393
8042
2960
3965
9951
6030
6856
8399
2936
4099
944
9960
8727
5237
173
3614
4206
1716
9018
7982
621
5733
854
6211
2742
3560
6578
7631
4632
2847
6557
2900
1674
7873
8681
7118
1831
8549
5743
2239
9827
4837
4326
9523
1370
4110
9104
2392
2525
9013
5068
7558
900
8389
4230
6104
9590
933
1200
655
948
7646
6372
2731
874
6068
121
6543
9430
4723
2385
2612
2072
5196
2117
8143
1697
239
2151
22
8694
7257
7492
1857
684
7485
7026
7348
8631
5246
120
778
2623
8398
48
9051
4599
4997
1626
7922
2703
9453
2415
1895
6700
6348
9265
6963
8866
344
9197
1299
8913
9498
270
218
9806
6998
1397
9145
5689
6696
3992
1064
5182
2766
5368
3455
782
8659
6783
2700
4392
7989
6953
8317
4858
5744
9878
4192
7514
6151
5930
2140
4018
5447
1294
5075
8792
7114
8481
4046
6943
3586
4348
1165
5874
2199
7630
2281
5618
7679
6883
8479
4258
4313
5780
3183
858
8402
904
9112
7817
3340
4324
7054
7669
9218
5679
4536
1788
8815
9189
9657
1131
8449
9587
541
1743
7539
9119
8242
8374
4303
917
8583
5993
1051
6609
5597
8752
4494
4381
4162
7317
7890
6470
4653
822
2694
76
5903
2544
3207
9507
2030
7434
4714
8076
4655
975
5026
5322
1432
3868
989
2173
1099
2804
2225
8637
1080
7046
9581
3987
6202
479
2099
9380
5514
3707
3369
637
6621
7221
4210
2887
5412
6050
2950
5085
7300
3717
1515
5608
1721
3877
8997
4091
855
139
7776
2713
2481
420
8908
2679
2434
5768
9599
4944
8712
6504
7076
6944
5102
8331
1927
3611
1168
4305
8507
1755
2460
4751
8554
2661
7605
2690
4287
6737
2079
1770
2992
4174
7463
9395
4542
8962
2951
9755
1147
1644
5421
6782
5697
183
8105
5589
7201
6544
4459
5273
5980
2531
7723
8530
3270
8080
7815
6429
2549
3230
5900
8953
4069
9909
1604
6452
7830
9290
634
6286
4465
6605
5264
886
3023
5328
6757
8522
2785
635
9530
5532
9822
3672
9555
6339
6711
685
1768
1421
2517
2918
1931
2001
9663
3484
4159
9928
3553
3938
7689
1640
4423
4109
2051
4171
7031
8033
4453
8102
3726
5038
9481
4461
4295
2238
3754
3562
5513
2309
7418
7358
7486
4523
1036
3385
9758
3940
6103
2026
5448
9437
7246
2586
7048
3951
6203
4077
1893
2573
3617
4316
3242
1308
498
2884
744
7281
5911
9252
9539
5977
9121
377
7321
5601
1461
6997
4649
5843
6466
3619
978
4071
3188
8189
5997
3015
4300
6042
4958
3607
8849
9788
5640
835
4954
152
3745
3024
176
3946
4609
9177
88
8536
7806
2767
3428
9003
4156
1905
1855
9766
4160
3537
9843
7978
1117
5759
7489
486
5631
7565
9510
4517
1173
7084
2958
8896
1557
5305
936
8006
2334
7211
5695
7354
7654
3148
8748
2396
228
7021
738
8862
624
1319
721
2802
3413
891
5752
7795
2542
1832
1573
6084
7681
368
4787
6120
6967
6752
8916
3911
9556
9773
6911
8561
6927
577
6139
8338
1085
2963
3131
3967
2122
4163
2957
9855
9540
9713
8720
8173
7729
5000
6435
5970
224
1259
6870
5501
8912
8467
271
6942
838
4137
2190
4343
2292
4588
5890
1434
8518
9719
8343
3721
6362
5841
5702
681
9551
7095
1172
6283
6688
6506
5714
3582
5365
8164
1824
4850
569
6094
2407
9176
729
2893
1837
6600
3421
1331
5569
2053
7490
1705
9796
9760
7126
5699
6508
2021
9222
1114
9605
6072
6322
2058
2382
3317
6449
9385
9279
694
2128
7872
2969
2776
2402
5538
5828
6886
8574
6849
9845
212
2598
382
7567
3603
617
3322
745
6753
6480
4410
6672
2427
929
1704
8875
9919
1266
2119
2340
7561
9544
4001
1622
6721
5011
7807
7314
6315
7411
643
9336
1265
6430
1420
2670
3066
2035
7337
6667
7801
4318
8011
3225
4978
5602
3416
9321
3408
8360
4885
4486
6011
4140
7857
2574
4605
7934
1970
1510
2564
2739
4926
2482
9248
4822
5451
8524
4467
2296
9354
3503
9600
6081
7734
9752
1580
8089
1920
39
2965
2572
7526
135
3325
7958
303
2783
3410
1946
454
7262
5836
9632
2669
5542
4138
9582
4231
2383
58
3579
2347
1160
7041
5369
2907
1842
8341
1122
5127
1343
9826
7439
5048
877
8453
5327
9706
1876
6351
9201
7420
187
5229
7644
2253
4868
3092
6336
9626
6839
8521
1038
250
9204
9883
4478
6001
2175
6589
2047
9569
9394
9126
4824
7253
2745
6323
4259
4117
7523
3943
2633
6725
1035
2386
1187
1718
5681
3160
6407
7732
335
7285
9887
8396
8499
5154
8961
1991
3043
7988
3578
3210
6457
9036
3789
2718
8989
8172
1152
3599
8370
449
638
5834
6518
7259
3415
711
2619
4194
1399
5783
7142
308
2511
9604
6985
3370
5141
5947
2088
1665
6182
2966
4889
3995
7967
1619
1457
2400
972
7065
9639
7266
9785
2831
8739
7135
6197
4003
9285
4878
7735
3598
7851
3712
8043
1651
7007
5012
7190
7737
7554
2332
548
5197
981
280
6125
6977
6394
3634
731
7319
4569
291
5527
2595
794
1731
2023
7197
1936
4732
1164
8103
8296
5690
947
6991
8617
4070
7797
4064
4832
9318
2267
1879
7364
2229
2677
6750
7236
2782
7299
7829
7500
6596
509
1284
9611
2049
2563
5288
6714
1083
5262
2467
3701
7636
3037
8978
9428
1978
1148
8114
7802
4784
3447
3193
5086
5047
2738
1380
2240
8036
7730
5704
7465
2859
2489
1896
4175
272
4435
6759
9595
9314
2706
2926
9652
5252
7837
2152
4005
979
1353
8506
3499
4475
5039
4530
6528
4466
3010
9384
7968
2455
2273
5671
2569
5707
5719
7293
8212
4329
3955
2684
3099
3320
6288
64
1374
4619
2555
5683
1135
9101
2913
3825
34
5986
2193
2330
8744
7398
932
5488
2709
8700
6645
3766
466
9571
4426
6129
201
3527
2642
2607
9496
9777
4193
1645
5382
6399
6729
7341
3103
9238
3426
8500
3132
4922
3621
9748
7947
6643
3434
5547
667
4251
7632
5396
9233
754
8873
6375
9055
9834
5638
5766
1180
4806
6391
5171
658
5598
2446
260
7819
7749
1719
4608
7956
5185
5110
6127
1455
6328
2145
3932
5575
3786
2529
8428
8741
317
1250
3693
125
7116
4359
3327
1963
3381
7256
7886
942
6169
3741
7949
7191
9955
294
5774
6994
2399
7035
5098
4492
9164
5548
4176
6142
2946
7359
8141
4538
6124
8729
4643
7628
5580
8627
8946
2838
4690
7974
2100
7955
3363
3007
4745
9892
8409
7763
6116
5031
879
169
1518
3364
7906
9730
279
6231
834
1211
1919
5205
1847
5212
2576
6822
1787
7704
8235
7369
6154
1814
6319
6692
789
4595
3532
5219
3258
5008
4214
8110
8227
5062
6473
9303
1951
7645
6531
9849
4332
4867
8310
9697
4998
8758
6285
2488
7870
8667
7305
8620
6875
309
1076
8473
1758
9002
724
3214
336
7166
3441
2381
1641
4085
3446
5974
3813
6738
3784
9866
8801
2937
853
702
3682
8705
5361
7280
9552
8125
8424
2695
6918
3689
9032
2394
6608
528
101
1088
9984
1474
9586
1328
3538
5400
7059
8333
2843
2003
9237
1702
5029
6712
6565
6185
9249
7438
9341
1594
8673
5109
2628
2115
8334
5746
8472
2938
6835
5804
6420
1170
6683
7470
9312
4863
9701
8223
8258
3575
1101
8027
4146
9355
8447
2627
9970
7310
8960
5948
1261
7000
7233
1935
1203
7765
9656
9775
8552
8534
7938
4268
9054
6571
3336
991
8833
4203
9478
8966
9429
7756
1262
1446
3059
7816
8954
268
6893
320
7249
4640
443
6349
757
865
3158
7841
6012
2864
1185
3054
5203
5423
8545
1955
7164
7415
5694
6406
9830
8191
3147
3760
7100
5670
6191
4817
1950
4869
9033
3150
6096
1422
5523
736
1930
4716
5505
8512
9064
8648
6905
1252
1968
5484
970
6718
7537
2519
3118
8911
155
5793
1096
3403
5213
4428
715
2318
6902
728
6461
3308
1041
3597
8602
2967
9165
8322
3387
1684
8985
9322
4560
2166
8044
7818
7174
9778
8810
7673
5728
1686
7102
8740
38
2237
3397
4815
7347
4506
2183
3223
4264
726
8503
1972
4491
2469
4384
2107
5755
8794
7393
1050
7282
164
6387
8134
8871
2635
2648
868
7468
7097
7430
3915
2278
2751
3692
4812
1575
7155
4939
9712
2991
410
5684
7935
3406
1792
7510
9213
3439
9206
1627
4840
1993
8013
1519
8005
3711
9027
8844
5497
9193
6244
8313
2336
4563
460
8136
9427
4781
7904
9100
165
2663
7069
8113
6537
7682
4896
2959
642
492
8314
5568
3028
7477
3518
7413
2756
6041
3914
7353
2846
4155
4291
5474
3725
2920
3935
7882
7417
585
6017
7670
1366
3939
4807
7607
657
4936
5377
4121
7335
488
8138
8210
61
1499
1055
8975
9884
3049
5644
8523
6309
7884
8597
1337
934
2118
8058
2792
7996
3065
7751
1786
5863
1894
3234
2721
2891
8895
8770
9079
2944
181
1212
5831
8026
1696
2209
77
3149
4380
9127
8847
1528
9707
7401
7204
3245
8426
2379
3890
2985
2979
4481
1918
1228
232
3030
809
5021
6556
6521
6498
6340
6617
2794
4365
3050
1595
6359
7153
8764
8075
2901
9137
2413
1224
6086
5891
1467
4933
6073
7728
346
4052
1388
5599
448
6611
3266
8584
6264
826
9874
9182
1531
6146
400
959
666
1025
1404
3286
3893
4633
7813
8282
9548
7940
1270
8539
894
8092
3783
2485
710
2658
7915
6923
6790
9577
8082
7601
1888
6115
3761
5148
9741
8423
7117
5652
5309
3405
2566
7913
1672
7546
4513
3640
6802
8128
5299
8900
7030
5403
6357
1048
3997
5932
6769
700
6215
644
9424
8670
4213
5952
8527
6793
3945
278
6818
2816
5787
647
4566
409
7540
2909
4767
7134
2651
3743
9844
4596
2218
5202
9764
6100
7973
373
1965
9409
1443
662
4843
3875
2878
3501
9111
3438
6069
414
9368
198
4880
615
4681
2990
9034
1063
8632
8427
9636
8528
154
7727
8737
8180
5436
9325
9447
1524
2667
6413
3510
5905
4709
5493
7198
9170
3844
7138
6266
2961
86
9999
6463
1582
507
1431
5258
1372
8169
2076
3885
1342
2341
62
1389
8496
6964
762
3120
9517
8654
5374
4006
9174
3502
7042
5343
4808
2654
3740
3083
5750
5583
3032
5677
2699
5490
3350
8931
4755
5981
1320
8781
5914
514
6694
9790
5926
2041
8599
8256
664
5054
990
2251
8883
1725
542
6067
3662
9376
8757
1256
206
221
5999
5133
8565
2484
1140
9448
1673
9212
9853
8484
9136
8149
2422
4509
5287
6289
6795
1882
5612
1971
7133
8290
2077
9301
3884
567
2445
3140
1497
4866
1944
5866
3719
3069
3608
7676
7598
8510
1442
4504
7213
1230
9383
8053
3482
6108
1301
8942
2453
2939
8924
9117
5331
902
5867
939
6000
9497
8615
1475
804
3790
1281
381
4257
4067
4893
4625
2042
4182
9184
2621
5049
683
5022
2691
8455
2640
4296
5290
3038
9128
7860
7665
3842
5967
1639
9779
9792
9739
3064
7894
4089
7327
3974
7497
2350
3001
5189
7696
4221
8419
3570
7466
3788
7965
7013
7452
807
6419
1409
906
3074
4196
931
6671
4701
7792
2653
8706
2750
976
8713
5076
3767
3053
9358
8881
2839
9061
4254
9682
5871
8394
7885
9972
8790
9557
3802
6969
2262
4905
3690
156
1327
5800
922
5884
6261
1781
9466
7854
9416
6254
226
404
7209
5465
3491
9070
3108
1861
1113
4795
1979
857
9374
8677
1737
4809
2708
8145
2863
6179
7694
2038
5916
9060
3700
8151
9962
9107
485
7072
5271
3800
2637
3816
1008
793
8513
2593
1730
6292
7178
5266
3431
231
3715
4673
4634
9575
4151
4072
1469
6871
524
7600
5449
1917
8430
1862
8698
3263
6432
713
8461
1488
2326
8400
5485
141
4166
9015
4907
8761
1521
2177
7499
3658
3629
5705
7856
3853
494
3170
8742
138
9363
3202
6768
2774
2043
8950
9094
982
8133
9098
3540
8154
8867
9216
5815
5206
8629
2
490
7602
7051
659
9516
6952
4674
8555
3753
9327
8297
6431
2629
1030
439
7104
3471
1597
3694
9929
5806
6937
6325
2826
4614
9414
6036
3157
3653
2197
3107
5718
6234
8302
1609
6424
2636
1728
3592
8820
928
6764
4450
7349
1779
312
8032
4753
95
7783
1392
1178
445
3584
8050
2008
2865
4928
6970
3420
6173
9797
7896
6241
8948
8768
968
6807
3624
7798
8271
5392
705
6134
8160
7044
510
3281
579
973
3078
4479
5605
5239
7731
678
6113
2647
1082
7622
781
842
691
9897
7624
9937
8109
4698
338
9038
8072
1437
7045
5291
9001
2888
4189
9457
522
4940
5416
9460
4115
9877
3272
9309
1566
6439
4890
1297
7843
8460
8363
862
6733
9021
6723
2271
5072
798
3016
1056
6226
7399
4892
306
4438
2138
1833
2505
9957
8884
2431
9399
8185
9903
5232
2275
82
4353
7905
326
1836
6448
6800
1565
1960
2910
7981
1708
4960
3856
9926
2168
7513
8040
8395
7939
8714
1990
296
5221
4941
8749
3638
422
6745
1254
4520
1929
7945
9080
1410
257
9714
7378
9441
462
6707
3529
8269
5321
3185
5503
9879
2437
7218
6778
7456
7082
9746
6951
2686
949
349
4574
8951
1512
2171
6658
9967
9994
595
4672
1336
4333
5214
6400
7782
3293
4439
556
6222
8321
9167
9563
1780
5113
6776
8122
4400
5037
8626
2829
1813
786
7275
4342
9472
4202
4590
2522
172
1800
4765
3419
2004
8439
5367
3697
4539
8789
3768
1740
5316
116
2052
698
5588
4443
1417
2057
4771
2490
7582
2154
9047
8804
1179
7103
549
5672
7303
8880
3948
6002
6228
8669
196
6052
5439
1959
7553
6446
3687
6265
7442
7584
6846
7255
1213
3073
2552
5208
8007
8964
999
5462
2728
1419
8276
2861
9224
1669
7784
1401
8710
6961
6477
5165
9621
469
5378
6087
7080
3305
772
2013
5524
3722
2608
3704
3542
4012
5003
8286
9547
5149
5931
4961
9641
7148
6489
9256
1105
9264
7738
8795
2477
1618
3673
3048
3964
1046
1350
850
3462
7147
302
467
7604
2641
3635
9456
1555
6183
2328
6615
9839
9155
251
6392
9574
5830
2268
9619
4243
1527
9823
1643
3737
9124
1123
6657
380
5280
580
2095
2290
7809
3962
2964
3733
7544
9361
2312
7960
2588
3785
5256
7432
727
9606
8247
6876
6484
4411
5199
1181
115
2219
6075
6974
3960
2242
9560
9871
8644
8957
7171
4687
2351
9300
810
7223
7711
1966
9659
3660
4979
6983
8568
8846
6647
2269
2534
6663
2204
8772
2015
4993
8980
3774
4126
5918
1872
9829
1657
1887
4658
413
6493
7001
9922
9246
8645
9709
310
5466
2698
8068
6054
3550
7345
1362
7656
8851
3205
1744
5444
8993
4638
8765
5949
3301
7023
4663
4669
7295
1533
4141
2507
8188
5511
2056
4854
3400
7277
5971
8715
2373
3865
656
5391
4066
1003
2538
3514
8041
3655
4760
9205
9349
1830
8982
6604
2169
4834
5531
7536
8508
429
3285
6277
5014
7231
3895
5296
6198
273
8812
2492
145
8262
1624
5578
7397
5178
9030
6786
5989
3576
4898
2074
5056
4766
6864
4234
6868
2871
3627
2124
7186
163
517
941
8100
1219
5565
9168
6848
954
766
9315
2560
4637
4004
5539
1103
4772
7909
7933
6698
4703
6881
4684
7715
3779
3758
4770
8922
9078
5272
1692
9856
5010
2639
2851
1764
2322
452
3339
3204
8777
9423
8955
9115
7919
2134
3259
5794
3309
5594
3382
1369
8222
4592
8431
8676
4727
4205
4093
6082
9156
6631
4037
6371
9518
4801
925
6343
6726
4805
5734
602
9418
9890
2358
7146
2949
6979
8001
596
6946
4580
7668
8897
4532
6662
6503
5665
7099
1547
8625
8890
3980
6708
7562
7157
4364
8704
5915
2602
5814
3356
8605
387
4480
6938
6669
4369
157
1223
8702
1536
9976
7570
9564
3460
8616
9326
7507
673
6262
4256
6481
1760
9647
1061
6451
6350
4041
3288
136
3119
6417
6150
3849
5453
1724
3123
2196
5357
9469
641
7675
3901
5422
5198
5822
9035
6278
2976
161
4414
3144
795
153
7355
9382
4016
32
7238
5409
285
9068
6390
383
3125
8104
1562
4996
7611
8497
4487
3902
3248
6947
8412
9932
2202
2616
2784
783
7827
8384
3273
7269
236
6884
2600
5347
6767
9716
4875
6988
9888
6412
3817
4852
9403
2730
8910
9886
4691
1440
9028
9297
4371
7846
2666
4748
1642
2188
5603
1271
7653
4225
995
2737
4232
8190
8121
6728
8094
9838
7769
9665
1193
1221
2120
9969
4306
6867
9901
9092
8921
7365
1387
4689
9762
2435
5929
5230
9789
5091
8535
4139
9150
9687
7838
9608
820
6623
4456
4571
5623
6
6931
811
3666
3805
8652
298
5345
6743
2163
6794
5614
1915
8078
4677
3882
2464
5950
2795
1520
7789
9381
1009
4185
8436
4098
6034
8142
456
1852
3036
4118
9439
912
5745
9968
3472
5180
6405
5985
4395
8887
2261
265
5613
5151
1586
6102
7697
333
3152
5317
4471
5099
3164
72
6638
4685
3602
2473
3735
4594
188
5943
2722
9283
553
2299
4816
5087
9753
6772
1260
2125
1592
6201
20
7180
9083
4178
7888
5236
3081
7658
131
5004
5579
8937
9889
6527
3390
4090
1095
1806
9160
1268
2498
4937
3841
2815
626
4541
5140
1234
8304
6909
2235
6167
7125
896
1947
5160
6972
4602
9339
8365
7412
7573
6045
2924
7736
9062
5809
3953
7010
1937
4631
84
7077
1026
2430
6033
9680
607
859
6365
292
8891
9958
1765
4660
5284
3646
5009
1733
2090
6032
6940
6022
8309
9125
4317
5525
648
5227
3111
1110
3588
9088
7
9152
3237
2039
4055
4207
3807
2450
7688
6542
4789
8292
8778
9217
2970
6787
5715
5789
5663
3126
6956
8546
7371
9997
7250
1373
743
5162
6078
5500
2822
69
8995
849
6122
1962
7301
6491
6736
9407
8448
6377
588
1635
451
9166
222
4227
5928
3031
6559
6613
6335
2147
7360
3564
3580
4603
3142
6109
4646
334
2502
1070
8390
2582
536
1529
1310
9710
7385
7943
8021
8168
7170
6093
6204
9010
4357
7517
5696
2868
2462
2638
8166
6709
389
9026
8211
8878
7914
8372
2632
6409
7528
5223
1751
7079
9763
818
92
8870
7950
9090
9538
5650
6958
7139
7995
2428
3864
8490
2429
6236
4238
8446
8586
9227
9699
1735
8769
6806
3695
1809
5433
274
9501
7289
584
977
7425
6043
5812
6079
8219
2683
1889
5132
5353
1875
4308
7977
4659
5560
4519
3485
2475
6270
146
9685
4275
3771
4642
7970
9851
9110
4931
2116
8947
4401
1120
7999
1548
4623
111
623
4575
5243
6910
8475
4733
8491
4043
6801
8301
8592
1849
4188
6374
1034
5192
1154
9148
2537
2877
3517
2743
5561
8008
2092
4212
7346
4983
7199
3792
7498
1503
2179
1761
6311
5066
2050
6823
4764
149
8468
4818
9388
4349
3082
9420
3280
885
8259
5617
1611
2005
3402
1303
5832
7143
633
2668
1207
946
5459
3040
133
7720
8023
4183
6138
6210
4363
7224
3063
4894
8990
1340
6161
4385
5175
8868
9486
4702
7386
8850
1870
5468
6189
2408
2982
6238
1121
3186
8466
6293
1111
2622
6735
7062
8682
6196
3454
6490
901
2723
2247
6485
2506
3887
2007
3573
5771
3610
8051
6301
1553
570
7210
5381
30
788
1922
233
2523
1418
453
760
5678
6805
1628
5888
10
9280
7122
6685
5094
3937
6410
3443
8413
8278
4248
5001
394
5975
9561
1326
37
3342
7252
3860
2540
2787
3100
1516
1739
1552
4451
1092
5879
2842
1838
2133
7754
1479
8725
108
9583
7685
3888
7762
1129
8240
2478
4514
3665
1794
1456
5084
622
9567
3271
8845
5216
8045
7684
1856
1998
2571
9210
6517
2577
6616
3211
9895
952
3252
3319
784
5455
1500
8591
1236
2930
4796
7820
2744
2131
2559
7757
9446
5730
5153
8315
2837
8471
4240
670
6383
8540
8691
6471
4327
8963
5953
200
8119
4322
2410
3372
6176
4200
6251
660
6172
8462
9703
9103
9020
2889
3313
7976
327
7616
8780
7770
2521
1194
5226
4644
7366
1723
2754
8198
4919
3463
3143
4626
5222
5516
6037
1021
2848
1127
5557
4989
2735
9738
2165
3587
4263
5313
8285
2806
5471
6066
723
1377
7579
3487
6628
3190
4833
9640
5983
8839
3636
9440
1218
8410
8842
832
9411
993
9912
6620
3002
372
3057
3299
4062
5408
2245
7902
961
7119
5741
1997
6112
5756
119
557
9613
4104
393
2384
9979
3900
6529
7543
5188
9185
2541
8470
8533
3047
8991
8132
8373
7571
8604
4255
5620
4577
8502
2403
871
3260
4584
9467
6271
9391
6133
2645
2153
6459
9009
2433
2374
8733
4142
366
8359
7804
6416
8224
503
5692
8362
8958
5958
5366
8708
9676
7394
1414
3759
6592
8526
2066
4158
9274
1112
364
1848
4025
4841
9519
1834
9405
4009
971
2324
7428
8943
8587
742
5852
3201
4269
6575
5798
9521
7714
7130
489
4422
6140
343
7898
2366
1866
8357
562
3866
6243
4002
3076
4386
5138
2916
8745
9694
6588
2380
5933
6074
7828
4358
3850
5228
6188
2085
6382
5850
3182
806
2904
5515
4463
7152
2611
7745
3087
5253
1923
5190
2103
7793
539
8342
4917
4498
7086
2185
7362
7964
4187
6682
6009
2339
2604
5057
7586
5873
1714
2062
6006
2790
8701
9286
1398
6170
9825
3096
3601
7014
3139
3539
1087
8728
179
8664
3346
2689
1283
4620
1924
8018
4092
299
7462
8573
2474
1819
421
3232
5311
2483
143
2947
8383
9513
8265
8239
9616
2463
5630
4416
4957
1715
3585
1005
540
3029
9648
5519
9458
9913
4084
3526
2101
2591
6496
2536
4864
9558
9141
5727
4984
9562
4377
2911
1827
4891
4360
8724
5996
7936
5682
8474
8973
7866
6200
8193
5767
4496
8035
4827
9462
329
4648
4168
249
9208
535
1693
7642
8854
446
3796
8614
2036
3972
23
2850
7368
6652
1059
5680
6395
339
5786
4249
4773
5892
1568
5137
9917
4786
9749
1138
9396
4606
654
5969
4469
5566
6916
2487
9120
6580
3615
7878
5389
1322
652
4974
1535
1598
6597
8649
3876
3632
1759
7424
8325
6740
3315
7503
4883
6219
5383
4553
1726
4008
12
7049
9956
8986
1954
7563
867
5585
2416
9646
3886
3723
771
8037
6765
379
3337
85
4145
2539
1634
612
8813
2749
7733
3380
4361
3823
7422
5534
1413
9794
3549
330
7774
6751
2091
1286
1378
6606
6345
5917
3748
3310
1000
880
2440
6989
546
2605
8228
2070
630
3521
5242
2243
5817
9531
863
9173
6098
4873
2017
5181
7002
2819
1289
7750
4567
2277
8822
5735
2426
1452
8585
9911
8688
5896
9410
2862
7923
4154
1729
5147
9916
1381
6132
5390
5247
2480
4713
4011
1166
7271
7443
9505
645
1124
7530
6763
5326
7241
5301
9974
8086
592
3130
5483
3256
7151
7111
3762
2222
1939
8685
3383
892
7091
2359
8237
9093
7429
1542
3909
1014
6144
2033
4871
8738
5318
4283
2071
2224
8894
54
4629
2465
5092
3644
9842
3906
8905
1736
3515
9412
4345
2230
259
9242
2112
7038
8458
1678
4758
8940
8364
600
4842
899
8476
5487
5457
7113
505
6126
2293
7805
3013
374
8863
1006
7268
8420
2234
2424
9920
354
7589
8299
6004
7168
2323
7444
4534
2504
6509
1581
8798
6163
2097
4757
5425
171
5454
2252
5201
5742
8118
3283
6981
1810
851
7719
6077
6619
3277
6174
1742
3244
3084
9229
8194
7725
9288
9799
5375
3473
4075
4895
8783
2594
440
1633
7862
9781
1037
8619
8328
477
2073
9818
3135
3910
1681
3227
9247
3680
8933
3984
9357
5901
9751
9669
3115
1288
594
2895
8816
5628
3399
4591
7559
286
325
2344
3567
9614
6851
235
4086
2321
3756
8901
2304
9226
6515
5156
4260
1471
2705
5443
2337
2977
2439
2276
776
7187
5024
4719
3829
9726
8855
1498
3161
6454
554
9269
6275
1010
5200
8459
9476
2717
4382
5017
5281
493
1290
5897
9938
8888
4437
5551
8563
483
9434
3691
9854
6732
7120
4851
6705
1664
4700
511
3749
3450
5853
1795
7629
1995
4813
5169
8406
4578
3883
7473
7724
4769
6255
767
9451
7481
962
3300
3312
2338
5241
103
4788
2922
4376
526
6610
5761
5415
4921
3595
6717
3376
3085
9609
9727
4955
431
6353
8692
5543
5461
6889
7029
4387
2143
7742
7620
8274
9627
5656
7036
1222
7549
4169
4262
7088
5371
5726
1491
337
8750
5868
6842
9234
4821
6505
2110
967
2551
5660
6813
5703
1365
7070
3436
442
7372
843
7703
3831
1441
7370
5785
1159
7647
5732
7672
9584
4370
5563
1550
1559
305
5611
4265
3861
6276
4298
3239
8904
450
7162
423
943
194
5434
4195
1133
243
7322
545
1706
4201
1032
5303
3978
2578
6858
7695
3268
8135
9683
5164
4587
5111
5925
5480
1685
4271
5920
5121
2300
2714
6028
9783
6329
3929
7845
5877
8209
4846
9140
482
6730
6046
5940
1572
4554
7403
3899
8195
8401
8984
7660
5211
9084
7283
6165
2458
3194
9988
953
5838
1818
7315
2327
4654
9991
3677
3892
5910
1081
2256
2333
7692
1567
7229
2781
2796
9471
3360
716
1707
5528
9175
2798
8841
8771
8175
5649
4746
2144
9484
6838
3933
7911
4879
3187
4975
9281
5323
6920
5350
1313
9445
5069
8246
350
2768
1891
7089
5616
5106
7389
5813
6287
5934
4063
8019
3731
4286
4501
4147
6626
1912
1382
518
2249
8
287
7344
261
6749
6796
5856
3769
4284
4281
512
5312
8767
7078
9594
2874
4729
9219
7969
5300
3425
4304
4973
6290
8892
8178
1347
1522
6148
7664
1784
2161
5407
5157
5404
4668
6398
4103
9673
7158
256
6272
4664
7746
4947
434
8630
122
365
6438
3133
2657
9848
6224
2535
9146
3506
606
31
1796
4918
8711
3497
6097
1868
8840
722
1116
5760
2376
209
6427
4728
4925
6123
4543
1505
1625
3577
2561
8687
5661
411
1621
5427
1539
7623
9272
3647
1302
5027
2617
1703
9069
5956
3738
9873
703
252
266
5869
1208
1334
4740
5721
2223
8329
45
2342
2724
9693
8435
5591
7557
248
6291
5924
6731
7324
1630
4785
3982
6468
4793
6434
6666
1828
8898
46
9625
3593
8284
9408
6223
6639
2894
5643
5276
2417
1383
1043
4383
5899
8091
2758
5685
9254
9306
3033
625
9261
3770
2999
674
2601
873
5260
9936
66
8335
9896
3989
9977
5880
4128
2953
4741
5398
6630
7627
1150
1817
7200
4116
5848
4876
8221
2227
2352
8709
5709
6587
99
447
6239
1617
8187
7421
6013
5
5042
2294
6874
458
4515
8680
9666
499
7686
9043
3486
1264
6095
5041
605
9598
7227
8130
9837
3458
9869
4705
4434
8707
4999
8876
7519
2929
8983
8797
6975
4950
4430
8002
7744
1494
8054
9398
7075
6845
8337
2624
4712
8327
4830
9961
4096
9008
6378
6722
2630
5364
4292
6550
845
8970
2994
8662
8611
6492
7071
7710
5044
7959
428
5637
6535
7208
8079
5108
9882
558
9512
791
9744
8675
4706
7217
9378
7357
6784
2692
6195
6827
6303
9360
6654
9631
9734
3457
5941
5329
6948
4406
2067
6497
1361
5007
2765
7214
861
1825
4053
5502
7891
2710
8065
55
8939
2320
5724
7278
5717
3335
1890
6253
6246
2155
8493
7092
1969
3778
2018
7721
3643
5610
5586
2082
9945
7307
8603
4432
7480
3138
5432
8214
4613
6295
6820
5740
7593
4190
1072
6465
1504
295
551
8596
4639
7917
3637
118
1309
6579
6965
6511
7525
6258
6421
9444
561
9724
1149
7747
4123
424
7918
672
8915
1843
7722
7288
6299
9980
7239
3686
4372
7767
3957
6415
7163
1756
9105
6869
3474
824
2680
8646
7577
6892
5278
2027
4582
2906
2652
2025
5352
4743
5150
1476
7458
3051
6888
225
3146
6713
7273
4247
5808
7508
4130
9202
4290
3022
8070
3358
7427
3661
4857
6896
4368
7698
8917
1904
5245
8307
5596
9366
8150
9573
8061
8477
1656
5849
8039
9630
6660
1244
3250
5435
5120
6171
8699
890
6099
7182
6865
5708
8734
6999
4661
4572
2755
9737
2054
6020
3493
2113
1953
8906
1663
6523
926
5979
2741
9662
1652
3583
870
455
6330
6558
3755
8703
2409
2606
669
4325
186
8279
7709
8257
8647
4040
2270
5906
9402
4209
1406
8766
2599
9320
3175
8494
4791
3541
3094
1883
7373
6681
523
7516
8161
5701
9220
415
6474
2513
3011
8747
8566
5285
590
3504
5907
6307
3716
1880
3341
8628
213
4593
6939
5555
8935
7505
8157
4245
207
2449
2109
566
7132
2866
5103
5883
9494
8598
2872
5990
3331
575
2459
508
9708
7012
6651
9144
1605
5460
1666
3349
3764
342
4302
8203
8569
4278
6257
7825
583
7433
8295
6462
836
8808
4624
2362
692
9133
3412
4987
2158
1561
5496
7005
7160
6044
6027
7006
5090
3075
6117
8156
2468
1926
5158
2942
7863
4309
7220
6513
3702
9985
3233
2769
8607
3238
1227
578
8099
2811
25
6352
6955
8578
5119
9847
9332
3109
8249
8192
1667
8213
4570
6160
3905
5845
9986
5441
192
5464
1886
7124
7108
1913
3347
4352
4191
3167
7136
3675
2980
6885
9154
7121
3763
5283
355
4862
2740
6775
5592
7205
6482
5097
9690
6206
91
3804
876
7003
4497
9525
4550
1902
9113
9019
2291
3151
8095
3470
3247
8305
4920
4749
4904
2761
5424
9554
2503
4172
4912
3851
6110
6414
2319
2527
8367
3924
7580
4686
1141
9454
7619
2746
9535
6704
950
9162
8638
7867
8392
5508
4914
2226
2858
5507
2479
8834
8336
9157
7834
2150
4310
7899
2836
8388
9006
2313
3246
3848
4645
1846
35
7254
7336
9651
2419
9638
8177
1276
5645
6774
3181
9365
3950
7984
6635
6347
5633
102
6649
1091
7267
2372
264
7925
7228
7785
9759
8483
1190
9230
3411
2817
137
9814
1938
3936
3338
6199
5358
4953
311
6388
9089
6252
5277
6576
5574
9622
3323
4861
2626
5373
1541
2255
4545
7780
3568
9474
8371
9328
8144
6993
3026
5720
3137
1279
2181
5657
3218
8642
7328
6789
7090
1785
6968
6632
5129
3091
1144
8208
9397
1799
852
2592
7287
9771
3241
1175
1650
6582
1356
8283
5788
8515
5710
7948
9171
9243
6693
812
6653
4583
3212
9891
2672
6879
8454
3544
3744
4065
6467
6010
4725
5130
2753
9925
8438
8148
1984
3134
4356
5570
5498
9943
107
823
3255
9700
1355
182
9503
6089
276
