10000
3244
2408
2575
335
2187
5147
8275
3349
6167
3339
8248
4850
5083
2332
3958
6049
2602
966
1431
1653
9855
1628
7583
1059
4007
2352
883
2273
9805
9079
9100
4366
6250
9315
4691
387
4415
1661
1225
4457
7145
2336
5318
8680
2780
9987
3125
9092
5222
3491
3683
1235
1041
7184
8507
5764
4530
5377
1169
5814
6170
5288
1942
3387
9897
8167
2383
9479
6104
4794
8442
5004
4196
8581
838
1264
9746
176
1224
7082
8366
9804
3388
9006
3219
6359
5304
9678
6195
8906
5507
3253
7428
7189
9194
3445
4185
2110
1751
8103
3401
5136
460
2215
9584
8568
1069
1415
3759
1698
2843
2513
3127
4526
6944
3309
4655
7787
6272
8005
5424
3574
2916
4976
1332
8410
9970
3607
1959
8751
973
4638
6708
1829
7658
5877
3231
1776
6943
8914
4472
241
3685
6282
3000
9440
1634
5092
1219
6237
3206
8681
9764
6945
1031
7546
8182
4023
8737
9644
5780
9565
2494
3177
8601
2059
3926
5081
5948
2514
4605
4041
9276
6213
8862
8312
7037
6614
3655
2003
9059
511
2466
4923
3128
5518
5942
3311
7333
808
8123
8774
6512
8892
3324
5283
8432
5383
1024
367
1833
3938
2950
2370
8403
5720
4781
8516
9418
2052
4081
2837
1349
1237
1159
4527
2036
1888
1820
718
794
4298
924
830
4665
1269
2924
9113
3101
8722
1920
7041
6697
7869
4971
6940
6205
7411
502
5502
8525
2561
15
2368
837
5391
7465
4068
9279
2970
3877
9386
3099
3895
4813
5920
9722
3929
6239
527
1422
2689
1576
5711
6381
1900
8783
4285
2453
5655
2507
2998
4022
6988
3393
9275
1389
7916
3937
1076
1568
2586
1037
4524
7061
8381
9212
1413
4202
2076
4550
4101
7632
1734
416
9244
9017
2320
5285
420
6481
4465
1994
4972
4116
2529
425
5078
9576
1509
8122
2838
7775
9958
4937
1308
9352
8191
9634
2594
5697
5938
5271
3947
8210
6516
6503
4103
3881
2793
5675
2545
5633
7570
1257
6589
5977
3766
7009
8083
7268
2009
5068
4815
5361
8159
3113
2759
2471
3763
1803
3016
7443
7963
5779
7505
8978
5985
7397
7681
5643
9621
6142
8911
8109
2234
6121
3757
3320
7407
7421
5137
6326
9758
6868
9592
4179
9876
1434
8748
8000
2474
108
5836
1153
1560
9604
447
3046
4214
6304
4418
7989
627
7740
2483
4344
1452
5362
2350
6816
3005
2184
5610
200
5473
9282
194
8465
5094
6046
6938
6276
548
3848
5305
1885
5549
6406
1381
2988
2511
3610
6561
1136
3526
8493
2402
1906
1408
5612
5087
4777
8374
3545
67
978
7808
6647
8449
8084
4545
9635
1294
4063
8637
7102
34
8916
1231
2198
9946
19
513
5033
5590
244
1147
1757
2877
1361
9878
2208
849
8695
1709
2382
6696
2111
6054
781
8338
7608
2168
641
3661
7498
3831
5009
9010
3024
1559
3805
7316
8234
5922
6079
877
6166
5464
8677
8401
4441
6757
8644
9789
5327
2875
5216
2544
121
2347
9519
6462
187
2762
3441
2276
4459
762
1472
6908
1200
8864
7858
9436
4744
1714
7629
3673
6318
9908
3095
5946
5011
1881
8602
8352
60
2565
5817
3447
2870
6327
5641
5025
5434
8983
3974
4012
192
8617
7262
8253
1864
8895
9566
7379
8566
5584
6596
1290
8827
8551
9641
172
2983
7243
949
3434
6066
6174
141
9134
1574
4316
4562
2865
4400
5028
3098
2156
6267
7036
4262
5110
6122
568
5823
3887
2500
7370
4796
3111
3094
327
957
1035
5599
4589
2379
7393
2700
7086
3496
3251
3646
1802
6297
5244
1098
5077
4496
7737
61
9601
7841
7686
4207
1573
8908
4139
4004
8026
3901
2343
8075
426
499
459
3195
1566
9406
1100
4616
4698
6523
5091
1341
9430
8857
9752
1528
9821
8527
4150
2854
9286
7619
8682
4789
400
4259
8398
8
4277
6514
1519
5701
9082
8762
4322
2976
7427
7651
6693
757
9744
414
5178
7961
5961
1476
753
755
8903
1719
723
5757
736
5714
4388
4975
4147
2615
3741
2707
6286
5805
7388
3169
6273
9700
3428
6211
5046
3504
9159
4098
9356
3345
8812
869
707
5835
304
929
4907
2092
5072
3513
2411
2099
9683
1326
2761
5923
5688
2619
898
3951
3715
6855
2147
9712
7052
7149
8749
1403
854
4002
9045
3943
2921
8597
2330
864
2975
1421
748
4852
3241
7075
1956
5550
861
3800
9316
2152
607
3107
5533
1534
8925
8556
8768
8298
6313
9075
6773
1932
1003
4574
7462
4674
2084
886
3123
2256
3377
9463
3538
3856
8110
6666
6215
526
4983
3792
3960
2317
2102
2138
8263
7727
7802
5337
2161
7386
930
9831
3798
2764
7137
7936
30
1298
2809
7772
1395
8554
71
8890
1786
4217
865
2949
1411
3482
2743
3566
7581
5818
4189
4482
8973
3891
5582
8924
472
8934
399
6109
7176
9296
6814
1009
3397
1748
2385
2491
9098
9704
2790
3423
6521
4413
9947
8765
7172
1315
9118
7678
9412
2560
3918
1996
5829
2145
8032
2813
5037
3738
251
8798
6400
9873
9551
9115
1180
1977
3803
326
7535
9655
2245
6120
8608
1517
2770
562
4559
2942
3277
4844
3935
4725
5491
7861
1436
3764
4504
5830
1189
3417
9383
1874
7113
6623
3843
3544
2630
5101
7996
6598
6975
3274
8742
8818
1645
2592
266
923
4697
270
9778
2154
9727
779
9188
4460
4066
8639
295
1482
7363
3385
9247
5430
6824
6704
884
9762
3505
7706
3590
9457
1922
3688
2653
2914
159
3978
5629
1499
2710
2533
5967
9735
1589
5979
6751
2120
899
202
7276
9274
6621
4829
6290
8097
5679
7110
9109
1925
3885
411
8838
8303
5422
3756
5824
9697
2757
7201
2597
5452
6766
3890
7815
5387
8494
4680
3723
2044
9907
1843
5243
6526
9950
9138
6492
3492
9968
9174
9552
4337
4336
1629
9596
1164
9278
1150
9541
1330
8393
7616
7905
14
210
7776
4878
2201
9788
6028
8072
9021
7115
9826
8001
4804
5954
571
856
7805
9939
303
2170
3337
185
140
1739
9903
7604
7457
9893
3700
2063
4293
4186
2211
8901
2457
6506
3814
7783
3342
4932
4244
4810
5778
1267
4887
5109
4137
1058
1931
1623
9929
1910
4622
6874
6248
5844
6344
1151
6974
6490
9302
9505
8636
2624
3514
3476
5394
8595
2620
3907
9679
9618
1966
2828
9326
8815
305
5021
6052
1737
3818
1914
5476
2412
386
8505
1985
585
2141
3225
2193
5708
365
4446
7146
5598
5574
2819
2035
1654
9002
9285
7538
7188
2486
4706
4901
5620
4515
722
5373
131
7395
107
4927
6317
398
7516
7496
3437
9936
1221
3694
3288
9018
2173
7851
5317
5672
3519
3259
7352
917
9252
9183
1092
5875
8470
8897
2096
3049
2701
1989
3343
3922
7367
5609
6184
9575
8587
7303
3500
9429
7213
2446
180
2628
9185
7342
9238
1287
4659
4593
226
5605
9954
7900
6935
115
5789
7759
49
9452
6752
2112
4500
5751
2817
4197
7751
9559
9445
4649
1886
8308
5260
7329
9035
5358
583
2493
4660
394
8045
3211
9567
4128
4687
419
5659
2676
3786
8583
4505
7565
9262
5049
5649
6228
3658
8009
5060
9091
4235
8652
4109
6590
1143
146
2933
6036
2995
8779
5218
5429
8202
9680
2767
9042
2448
2505
8744
6171
5999
6986
8690
6468
9976
2416
9299
9988
4424
1450
5558
4080
8810
8959
2775
8836
9774
6785
8976
8035
855
7610
4884
3768
3972
512
5153
3372
5215
5568
7514
113
1199
63
4938
4892
7599
5069
7310
7645
2520
734
6595
9606
7340
4889
3868
5235
922
9731
6463
4800
8454
1649
463
895
5867
5885
3627
93
9647
7372
2033
9055
2423
5112
316
1593
8780
9718
281
277
8524
328
3422
5798
1342
4814
1771
2556
1443
1206
7886
2239
1587
2271
8184
3452
7685
5253
764
2722
9201
4419
9298
4643
7591
3932
2535
1572
1720
4564
2008
3472
1816
4896
96
3520
5355
3066
264
8950
349
6969
5210
1310
3007
9233
7349
657
8222
9544
4793
3704
2270
4761
9599
5783
3085
4719
169
2356
7840
2781
6413
9215
1537
287
9670
7736
4717
1046
658
4361
5144
4990
7571
1179
3141
9703
9469
3306
5213
5360
7223
3283
5148
2742
4351
9248
538
35
9510
3941
6235
5417
3380
559
7472
4451
7116
9952
1406
9424
4502
5294
3221
433
4474
4984
6328
2428
9102
529
4315
6629
7313
4921
7355
9501
6642
9114
163
18
7070
8188
7735
4989
233
5000
806
1052
1650
9625
6871
128
616
3680
9568
5758
1249
7778
6556
1358
9669
2116
5657
4436
7101
549
3996
4830
3330
6144
7136
7983
5856
4006
1818
4661
4571
9229
3256
9842
3558
3709
6915
7040
1652
9607
5968
1705
3638
904
7007
1232
5019
7016
3326
7476
5804
2691
8460
1935
4218
8402
8725
8471
9580
8755
4985
6396
8479
4507
9691
6404
6139
7347
2498
4730
8828
9548
644
565
1493
4565
2191
8226
5457
3605
6829
3930
3919
8020
4807
5603
130
3975
6110
2714
7661
1416
1902
4296
8965
9931
3233
2329
1721
9088
2808
7557
297
3369
5073
1253
2629
9818
6346
5981
4405
2934
7521
2798
5594
6365
2066
1619
5407
6088
6021
8510
6721
8974
5122
8874
3834
2266
5699
2103
6684
8098
5084
3378
1039
558
724
981
8370
2553
3035
1105
4779
4827
1377
4837
3100
332
2186
6979
3522
1903
256
8088
7097
618
9427
9495
9928
6370
7119
4508
3475
4387
3381
1256
3573
7148
6112
1953
8006
3882
1526
8999
6698
2960
1508
3968
5712
3247
6505
4886
5188
339
5927
7353
7003
1835
5926
52
7926
5403
6685
2733
6738
3696
5290
1546
292
9069
89
8576
9705
9506
9324
1612
5408
6657
3110
3379
8515
2581
6466
4862
5006
2632
7914
4142
8717
357
1539
6064
4766
2319
9582
1463
465
6620
7010
3635
9070
8119
9176
8185
3811
5267
4757
1875
7112
5269
857
2755
2133
4741
1272
2681
2881
5759
278
2425
8846
7526
68
5530
7304
8658
7747
7992
9894
5792
3104
54
5363
5152
4670
8606
710
9915
4561
9910
1324
8584
7952
2646
9234
6985
8218
4013
5860
7646
379
259
1688
871
3971
5874
3563
5039
4432
1731
8328
4168
9337
7592
4338
8476
3567
217
8378
3747
1617
7593
101
1529
7375
7206
6119
5348
7922
3352
8081
5941
3413
3414
7826
1275
4538
5563
2260
8574
6638
614
903
5423
2479
7002
5828
1680
4156
5005
596
7634
5381
5940
2579
4609
1641
7315
7475
4284
1579
4882
701
3507
3151
6730
6772
5613
3287
540
72
8052
7828
1578
2257
2010
1952
5760
2
7181
2951
3270
228
2087
4079
6053
9280
4347
1350
5443
7588
7480
5514
5131
679
7232
6927
6643
5167
7574
4618
5551
9040
8732
5727
7417
9008
5402
3663
3531
6254
8300
773
7637
5219
2570
7939
8279
6672
5116
5811
4536
1695
8230
6719
2495
3454
8905
8899
2910
9554
950
892
9886
4973
7943
9653
4776
8462
4448
8311
2925
2596
9846
1141
6515
6441
2938
1239
8291
9935
240
4287
9269
1331
738
8662
647
6815
7548
4705
959
8016
8804
8027
3596
6020
8787
4540
3090
9770
4374
4060
4267
3196
2708
212
3667
5733
8523
9661
6044
9502
41
2783
282
3217
1375
2055
5179
4411
5730
3018
1896
9785
6487
8306
2859
3880
4269
208
100
2132
7270
8666
841
184
2864
7284
9237
8971
8790
3949
8632
173
3606
9783
5851
3336
8062
7795
2300
4055
6939
4003
6301
6335
6804
2747
8607
2053
7264
5022
9861
1753
9475
2947
846
5007
1115
6446
5958
9053
3064
6768
3075
6630
9814
384
9671
2648
9828
382
125
919
7653
4753
9784
396
5825
7408
4330
916
3456
7246
4727
4324
4177
3603
3406
1854
8469
2609
9633
317
2200
4209
7524
6564
6222
9462
8946
8685
2872
5070
352
8411
4941
2799
1181
9543
9323
5100
6613
4752
3106
2588
5803
3183
8873
134
702
7768
7419
390
6266
2090
7083
6407
6793
4152
3588
2736
9224
4317
9376
8952
8490
6994
1707
1866
870
1769
2740
2898
3697
8947
590
2943
2476
9747
4026
594
700
236
5325
7872
951
3439
2013
3238
9478
9816
2155
3557
6412
2212
6149
7257
7389
6550
5127
1068
7938
8609
8944
5952
2089
6072
8405
7684
1524
9468
8628
9925
8059
9387
9343
5998
273
9243
2605
563
9103
4543
2342
1624
3402
5145
9047
6338
6845
8340
97
3684
5911
4174
3963
1175
1276
7154
5231
5645
3001
7556
2569
9942
2627
5371
2501
4468
6775
4076
6444
3230
4949
3584
9806
1243
2249
2331
8800
7239
5812
6664
4619
2919
6976
3226
7447
771
6655
6818
5728
6733
6641
6659
3394
3232
1632
1317
4735
8108
5323
2248
1993
6417
13
3711
8594
6950
9303
262
8086
4715
1736
1339
422
5298
9751
7368
3278
6152
5498
8359
2074
8705
1337
3286
4136
487
9129
6135
574
4486
6150
6771
9767
7182
8228
552
4265
5566
7582
9681
8160
5531
8116
4621
5765
65
7879
9562
5975
1468
9721
938
6377
7997
2695
5635
8472
7321
9135
7623
4342
6737
6423
2519
3973
8559
9333
1658
7292
70
6445
2097
3228
3077
5055
7542
8671
8061
2484
403
642
7021
8448
9837
2282
2776
7719
8332
1520
5228
224
2752
705
5506
2835
7229
3180
542
850
8483
7162
6474
7336
3078
9777
1127
8365
2367
6309
402
7699
9900
1005
44
1095
6210
6860
8400
5624
4039
5051
9610
3600
418
1140
5389
3668
1679
3760
8853
3954
9595
1700
6090
7278
4221
6735
9860
4845
6019
8521
2461
5910
4199
5183
648
6214
3298
8538
7853
7106
8260
7746
8760
888
6006
8495
1868
8852
2375
9723
2380
3356
5695
8190
8552
1740
4097
8963
4278
2303
3266
1732
2816
4586
3852
5450
9373
4279
1595
7648
3966
3448
7660
844
3410
1586
53
5896
5105
610
9898
8458
9261
8489
9245
1130
6061
2863
975
2660
480
7670
8758
2978
5522
6591
5460
5212
4491
2080
7309
7705
8038
3321
7350
8535
3132
3208
8545
7896
5346
1081
223
6241
1146
4184
1813
1954
7320
4857
9975
4043
8904
206
7164
6002
7984
8876
5230
4894
5726
5326
2860
3636
220
4843
1352
713
8647
9628
9335
267
8076
902
4429
1445
7078
4607
4573
2354
1681
4453
1590
3271
4739
3317
1711
9591
9516
8399
7171
8145
5302
1353
5763
4201
9374
3308
2224
1521
5943
5843
8870
7222
7732
348
4297
9672
7569
7981
5677
7357
5335
4685
5141
9673
1061
9503
6580
4385
3737
7885
9748
839
8044
3629
1087
9078
6008
7294
6436
8771
2797
1668
2432
9737
3265
3291
7281
4877
466
8529
967
6736
7559
106
8961
7692
5114
9235
6045
6520
8348
2958
9287
551
1118
2824
3495
5385
3959
4803
5404
3509
3398
7868
362
2232
6784
2324
8203
3030
6013
7563
5767
6113
2532
1066
7523
7017
4528
437
3952
2732
8156
4569
4019
4823
1191
6485
3310
1913
4056
3267
6329
8645
2635
9327
7953
6034
7120
5674
8114
697
9773
5527
6705
1988
8823
1555
5573
8174
6264
372
9629
9202
2614
1860
5937
1101
732
2915
6454
1265
5062
1188
5209
5493
7720
7702
8169
5439
1699
6809
5181
5782
3069
1862
586
9116
7635
2639
686
501
4464
6089
7381
1129
6541
9317
6232
3
5113
2159
6973
876
9984
8832
7666
9203
2690
1949
1002
557
1313
4447
59
3906
3499
6271
1859
5909
5041
7415
7398
5517
6728
2990
8884
7373
7873
3897
829
248
6495
1369
8541
410
4018
8868
6763
7951
8445
4851
5962
2012
7179
1011
4059
766
3781
5372
6640
6837
1504
199
9346
8215
6289
5255
1469
6115
6903
1810
117
2537
1722
269
1404
6298
6483
3865
9289
6510
5978
654
6665
4461
9290
5160
9370
9260
5907
9869
2182
9357
4909
6758
8106
1078
4382
3481
2516
9024
5154
3955
4095
6978
3521
8915
4908
2078
1834
263
1109
1233
3569
2397
9058
4100
3617
9413
7180
4349
5187
7561
4533
3092
5799
6706
5606
6493
997
1512
4073
2360
8953
1210
2240
1360
8124
7764
1409
9795
3517
8388
6126
4069
3749
3045
7258
9394
5375
4709
7797
9379
4544
6639
2427
7046
3639
1430
2497
9256
9367
3332
1604
2192
7612
9884
1919
6941
1227
763
7712
4239
9444
5162
8196
4314
2246
9872
8238
5013
6907
4534
6722
567
3682
6411
6592
5277
2047
3469
8347
8423
4416
4075
9525
3686
9738
4835
9834
4645
7595
5869
8456
1328
8575
6879
8640
6083
2946
8384
5076
8376
603
5639
8313
6489
1644
2878
5918
7979
3403
5161
4899
6129
8095
6852
3534
7901
1545
3779
2807
7163
8977
9483
1670
2550
1238
2671
4872
7866
2541
7454
6361
4187
2437
1030
754
8118
7485
4613
2272
5299
1260
296
7167
2825
9769
9127
3137
2526
2067
9437
2348
5198
3783
4065
9969
3498
5898
9689
7011
9953
2858
609
2488
3905
5345
7655
519
1466
109
5787
5525
7838
9048
1960
1325
3758
2944
9151
9382
6025
5626
55
2712
8759
8244
7326
4521
4648
4439
7598
2756
6194
900
3924
2363
6425
2994
5785
5650
3335
3799
3017
112
1321
8285
4671
7371
2987
4822
4246
6676
656
8189
728
4702
1513
8503
2230
9154
1549
6609
2022
6743
6005
8294
6151
4863
8661
355
1196
4378
5195
3203
2650
5888
4656
1277
2754
8997
353
1686
323
1187
8415
8820
9351
6980
9230
6729
4501
1895
7234
7887
9336
4928
984
3483
4535
444
2388
8937
7950
4632
160
7743
144
4499
896
3249
7133
3466
6056
7225
4254
8833
9265
7099
4417
4951
2836
2460
1289
8481
2723
5388
4077
2709
7131
5883
818
8372
5570
8290
6292
6148
592
6628
9220
1293
727
9713
5040
561
2235
4944
9349
8457
6756
1831
2576
2160
7693
6679
5596
6713
8335
9389
2029
4608
6883
3716
720
774
8526
7567
6900
2279
3706
4228
3910
227
9830
1585
5587
1845
1685
6840
7552
5247
7332
7832
388
5442
1551
8694
6535
4547
1133
3541
6128
6011
2072
7138
4397
6734
3970
8387
7204
9563
1792
1608
4162
5343
7236
1965
8344
5057
9983
8165
7819
2868
7031
9539
9708
8461
6525
4841
6692
2068
9817
3524
102
8056
1613
6416
1255
7401
8287
1435
6305
962
7590
8073
7446
8060
7483
4542
105
9196
7589
2468
8233
7065
7001
1605
4931
5995
8363
8152
1538
2473
5583
6001
7108
5892
7400
6007
4443
5157
2876
3318
8330
8264
3510
4160
3218
4437
1801
3745
6567
3824
9112
7725
3993
5477
9476
5300
6230
3346
6777
434
7935
5916
4312
1770
6240
1530
4358
4215
9579
7051
5130
1646
7376
6761
6143
9768
1117
7186
9734
1957
8324
6709
3948
6153
1296
7829
2445
2771
3383
9822
4304
6448
7177
6843
9743
274
4519
6048
2931
9508
7058
6727
2095
7847
9381
6339
5026
8513
4548
1797
1610
2997
2811
6351
7925
7555
6275
3722
3426
1356
3740
9132
8094
5272
5766
543
1291
8487
6559
5821
3246
4998
8811
3338
524
6786
6269
2194
4206
2704
985
2291
1946
9675
3418
8046
6350
3192
6652
6352
9581
9009
1690
3351
2829
9222
765
5786
2227
3038
3315
2805
821
319
3367
5483
2821
2909
2462
5433
5245
2016
4123
4483
7080
1110
2845
1671
7716
3464
9940
7269
9883
6745
2518
4617
6155
7383
9119
5139
9029
7701
6291
5324
4325
432
8869
1197
2149
324
8745
9305
9037
5128
7991
783
6779
3703
6399
8797
237
1724
4736
8756
1987
5320
2026
6464
6456
4513
5973
2623
8605
2967
9666
1872
7904
2548
1825
7510
9432
5295
6539
9706
9417
4856
4868
608
797
3166
6618
3438
4946
1970
4603
7878
5848
5176
461
6762
3572
615
312
3272
1664
9663
2420
9375
5915
7159
9719
8767
8289
4250
6402
8417
5777
2945
500
5580
5044
1104
9056
9281
1075
7190
7299
4029
517
6078
5251
3172
3353
3728
1597
8926
1808
6316
8752
8585
4220
122
6948
7098
2288
4658
1365
6332
7752
347
8181
1447
3425
4598
6576
8714
8002
9031
9003
2391
2891
9790
3622
6654
9093
1618
7060
6667
1713
8951
8225
6349
9913
8065
7767
5445
2406
3215
9992
33
3859
2580
5494
8314
261
2386
1772
9184
621
62
6997
7536
1252
8591
5884
5366
103
1484
7739
4276
5651
7288
6071
5480
2452
5557
9362
6961
5578
3620
3810
539
7197
9951
1779
6067
2932
5682
3390
3473
5810
952
2225
8996
3451
7022
4135
9971
9920
2251
868
3984
3674
1208
5859
5928
7741
8933
8990
2702
3893
694
1828
4067
7930
9254
5881
7039
2612
5543
9401
5125
8030
5929
7577
1584
9578
7387
1847
6459
7317
719
2738
7442
9690
6238
5172
6337
3357
4412
5756
6934
2598
6165
7924
6582
7929
5410
7834
683
9334
1314
6004
5816
4651
1536
9520
8498
9545
1894
5678
813
1865
3145
6680
8178
3168
1616
145
7562
979
8539
5721
9986
4224
2725
360
2447
4384
3647
9359
2698
4008
7690
1928
7330
4048
4475
2842
8799
7254
6851
7654
1986
37
5436
9729
2601
3753
430
8544
695
4713
2435
3029
1596
5314
21
5435
6626
3985
1407
8954
2105
2117
2126
2727
9626
6363
5289
4345
4840
4904
3613
9477
9870
2697
1465
7192
2840
8879
676
5052
90
891
5703
989
3628
6536
7250
5173
2948
7822
9906
4707
2656
9421
6443
6434
9312
2390
645
3648
2552
1079
7911
9122
6389
8409
8941
6764
5018
801
7054
9392
7865
8367
8858
1497
5839
4980
5293
2228
4306
5478
85
9956
5719
1242
9643
9291
5240
3427
7605
6545
6311
4301
745
7059
9521
1782
6859
4352
8096
7709
9322
9616
428
8824
4229
7647
3250
3486
9297
7143
9080
1640
3139
714
5189
6105
4610
3059
2106
4198
5903
9500
2555
8672
704
3490
3645
2223
9923
2369
8998
7071
3022
3032
6606
4230
6650
2540
3047
1839
6548
6103
5286
9423
4392
7305
7528
9684
8013
1909
2617
8183
1134
4044
5887
82
6746
8480
2304
484
6279
6681
7253
1800
5098
8557
961
1114
8747
4114
4339
1487
4009
2659
6678
1329
1082
4421
3416
6319
6132
6192
6218
2172
4688
4826
7573
7773
8893
468
3170
1643
9044
5754
3653
1783
1858
471
7990
6579
258
6537
6274
514
4731
7076
3802
6032
8150
7803
3264
5899
1211
6280
4798
8326
3468
4749
5771
1822
2426
804
3135
6243
17
7809
9144
1152
8655
8814
1516
1760
7503
5056
6896
3082
5234
8651
5731
8074
5205
7639
5063
4172
6928
5715
1305
6574
3659
7240
7518
5989
5257
2593
1281
423
4258
9542
7722
7862
3235
4750
4970
8707
2884
1882
5276
5353
2144
1388
9749
449
3742
9640
9740
9104
2955
6027
8318
2307
7903
3242
3693
7283
5246
941
8282
3718
8809
2974
1496
9589
1558
632
9914
2302
1621
6073
6080
2908
8151
8058
8254
9583
8917
6754
4518
963
8397
2143
1304
659
5980
3292
3791
4234
5680
1438
2030
9064
5617
2456
1531
2773
3258
7596
110
9981
1477
4646
8395
7436
8615
1773
238
7351
8712
7830
7600
75
4425
4765
1755
3080
1045
4591
9208
8247
2130
3237
2334
1756
623
3025
6856
525
5982
6663
8711
6117
2196
381
6082
8763
4772
8322
7817
2582
8227
2567
1427
5471
7473
2189
3751
976
8929
2104
4916
1050
2616
6102
2318
6924
3293
2049
98
1124
7894
1125
9207
626
2957
6942
7166
7028
9414
8561
5064
3065
6544
9798
6554
5632
3333
6093
4260
2506
7786
375
9182
6182
7850
8851
5963
1096
31
8235
4226
698
4960
7568
9405
7597
587
9974
7
4227
8256
5797
3886
506
4208
9133
6937
7882
7835
4070
913
5045
3391
1741
1168
6063
8345
3743
2316
7345
3424
4047
3585
2830
1817
3903
8380
6141
8743
3945
290
1367
5862
473
7683
1638
1166
3908
4359
5284
5666
800
3027
9512
4401
9937
6830
337
6739
7271
2171
8416
3988
1702
1677
4478
1523
5707
8803
1602
6208
3717
7544
58
5313
272
9533
407
4476
9998
1849
3474
8753
8155
4216
3869
8649
5776
5990
4948
931
9528
2774
9120
9390
4819
9380
9742
7420
8593
6912
5879
4994
4879
6956
7956
4612
3983
3488
3108
8089
5123
5456
5080
8033
9739
4968
8596
4376
6190
1898
5705
4303
4993
4818
3570
9284
4625
872
6358
6380
1976
4084
9152
706
1085
9535
9994
4117
4537
284
7068
1533
4914
361
4449
2734
5991
1964
2980
4200
5834
3161
5861
3795
5319
2574
5882
8564
9538
3564
7674
7880
3621
7247
2861
8422
1142
2551
80
1006
2961
3660
9074
3634
3841
7499
7360
5893
8212
1259
8766
1274
823
4407
8446
3004
1135
143
5569
4360
1241
9499
1639
9523
6670
7898
359
3325
9464
7999
7207
4925
3449
7779
6041
126
840
6585
7804
7479
3163
151
2833
4917
6134
9364
8057
5089
7374
3552
5900
3899
255
1764
2011
1123
4104
7488
5119
5217
8504
1733
6431
477
2850
8772
8843
8927
1112
6615
6486
1070
8229
7770
5784
4193
2922
195
4038
9071
3806
7117
3273
9536
5906
3551
5521
624
4849
7087
8928
3666
9474
6562
6783
8861
6108
2290
7484
5813
3234
890
6312
7798
8598
731
4422
1106
1442
6202
1955
1157
2539
6354
9210
4083
4399
4572
1366
3190
6198
5648
8560
974
4045
9318
1398
1165
7391
7366
8128
6125
1863
8654
9083
8099
7132
6162
9293
3873
6827
9514
3915
5149
7293
4420
8612
3725
1812
6323
4484
9515
3480
9978
8327
1182
2000
521
3785
6058
9039
3992
7967
7883
3368
3625
2062
8589
8610
6921
6841
6408
1908
5406
397
7015
4817
2534
4995
209
6890
5065
164
4556
3340
5618
4118
6484
9492
1561
7429
6
9494
5115
786
3153
1973
1750
5535
2801
1518
2699
2165
6016
677
1548
1051
9608
6658
7290
3389
6295
166
693
8276
2815
5486
7754
8355
8371
225
2374
7191
7296
5872
341
2880
3618
5170
127
4454
675
3662
767
2139
7348
852
935
2792
7066
1950
8017
6114
992
5270
6302
4240
6888
887
7461
2127
3847
4120
6294
8528
3167
8262
6009
219
5481
7020
9490
1927
7927
4999
1926
1498
2306
8633
7613
1386
6177
9425
133
6794
9460
6586
492
8660
10000
7173
665
6578
3525
3057
1553
6959
2396
9496
9361
2395
3054
8208
8875
637
2489
996
1213
669
8994
2254
3479
1286
5352
4806
6479
3921
1980
1351
2972
9561
8855
3432
3727
2222
5339
9999
8170
265
4450
9487
1527
8269
1163
4880
1214
1569
5901
8910
5863
9807
5329
5947
8135
9966
9964
1915
6791
7279
9881
1137
9829
2869
7708
364
742
2962
4699
1995
8746
9000
5425
1044
2887
9540
311
6558
4323
1223
8466
7691
4115
2023
5014
3386
8309
3034
5241
7700
132
5340
7104
7723
2510
4096
3186
9761
3849
8547
2800
6116
3147
2394
7753
8042
207
4812
6270
9685
8622
674
5795
8703
5416
8842
3724
599
9246
2177
6587
4854
8130
8546
8532
1167
7210
8420
8960
9231
4915
7129
7434
4404
8386
5589
5354
8907
2381
7144
10
8453
759
6100
3255
415
7048
8734
8316
7794
1880
1991
7019
7877
9867
7852
3115
6469
8709
9036
750
9470
6475
1657
3875
9043
5534
9294
516
5984
9637
1119
2378
4787
4555
7933
1453
5392
2051
7843
2243
7688
7884
3248
1379
2286
3568
2322
9724
1785
5010
6440
2025
7520
5716
3262
3144
6233
6307
5382
7945
2261
6909
7533
7946
7404
7944
2985
6068
9062
3121
6159
7833
2622
3889
2803
2665
2135
9959
3185
934
4124
4897
987
2490
9441
2728
6846
3031
9264
314
681
2292
7378
7030
2197
2969
3950
4764
7912
9577
3832
9146
1457
5376
7323
8430
6059
8829
3358
7572
7980
6930
9236
9342
3946
2409
6573
964
9880
6857
6594
356
2151
405
7256
3458
8735
8565
9270
9757
9558
4703
6832
661
3816
6889
2399
9165
5585
2768
662
9449
9027
6219
8692
5739
6076
8199
5732
5074
1869
4121
486
6913
6993
8117
635
8251
2827
1116
5571
3516
3003
3050
4695
575
3707
6957
5200
3328
6384
7492
8200
4791
1307
4623
9020
451
972
3493
104
7892
7906
4367
9827
8691
2119
6204
9602
5400
5467
6732
1870
5529
1930
455
1026
7219
6031
6519
4159
8676
9396
3612
687
5852
5748
5227
250
652
3179
2634
2024
6781
2986
9142
2355
2365
4522
6826
6040
2481
3280
9780
532
2091
9572
5866
377
2125
4463
5034
2295
9586
3933
3956
7657
7955
1084
9221
7874
8179
6967
186
5107
5971
4283
7985
2779
4410
8988
4864
5905
7364
778
401
832
4627
3705
7091
4354
6530
178
1507
7362
2364
5191
66
1396
2748
4876
1102
1889
8512
1207
1418
9085
2458
2065
3470
9155
3041
8548
8478
2786
1718
3822
6379
124
7848
9982
8259
7198
5090
5333
5378
2040
9458
4554
5356
8801
8484
6605
1806
3006
4289
1062
1836
6597
1787
6430
4782
2366
6668
8782
9480
749
4037
9218
2844
4490
782
4138
2341
986
7168
9204
4341
6501
8336
1228
8436
9453
6118
3344
2920
1819
613
4775
6107
5538
7831
9775
4733
2060
6306
2265
7800
1486
1018
9668
7895
1752
1053
2595
1999
7272
1456
4657
7178
1139
928
2999
8684
3575
9659
6212
6160
9391
8297
6391
4988
528
536
8816
1399
4977
3400
9688
882
8440
6245
926
313
8025
9677
9271
670
2434
9696
9809
4108
1809
5455
6990
8514
2287
9012
1917
9171
2591
843
4859
1107
7174
4836
5545
9415
1581
9319
4539
691
3735
3433
6963
2866
2459
7780
5960
6648
1462
7406
2001
911
5608
6422
1832
441
9187
3698
2724
6395
2267
7704
9619
9123
9609
6094
6101
533
8567
3535
8919
7500
7456
8272
2564
5038
3068
7875
2847
3608
189
406
6566
7920
5374
9395
947
4693
4677
9833
7455
1111
6296
7139
9797
4964
8158
4633
1186
5586
582
4377
3540
9049
9060
6711
5555
4286
2524
9447
5208
5950
588
7005
168
5842
3191
2882
7622
2469
5652
4919
7799
2032
7057
7506
300
6193
4506
4282
1762
3081
1662
550
4861
6517
167
7537
730
4737
5307
2664
4599
6740
2418
4728
4027
5405
7745
7607
8670
7584
1446
8071
3471
2645
2735
4790
2504
9710
498
2841
25
3782
867
3833
5053
3586
6524
5895
8987
9593
2373
6111
3260
3578
6887
7422
1853
8701
1766
5625
4452
8750
1937
7280
8257
5042
1846
5532
5155
7064
4078
4363
5662
4511
7971
6690
1691
6922
7682
5446
291
7416
1316
1501
2693
8241
7286
889
6133
42
9388
216
2536
2387
8485
1348
9841
944
4155
9407
4119
4275
8451
6014
490
836
4647
6646
6604
7564
7277
7459
3134
5501
556
9627
3512
1923
1635
183
8426
3576
2928
5211
4181
9537
6183
7718
2014
1500
2823
5496
6929
3060
6442
8019
4842
5592
5807
9267
3114
5249
5379
5492
6086
9550
8509
4637
4558
9304
5474
5368
9772
5743
116
2941
2890
2454
2741
7327
7738
3710
4102
7806
3073
5600
8383
680
3327
3502
6244
3411
4587
4042
7854
6540
915
3083
6847
835
1017
9166
3089
3739
3093
3020
971
5278
1611
5936
9853
5008
458
9603
1144
4031
5411
5755
162
8848
8421
294
7221
3275
7937
1511
5957
741
9250
3650
636
2791
1660
5822
9570
7978
5597
9268
7004
2129
4015
7703
9509
8433
7259
5614
5106
9645
6960
1067
5192
8429
6390
3577
4402
3405
9354
235
2911
7710
3363
7680
1480
8710
1962
4811
9859
2340
23
1362
541
4576
8486
3279
3714
9128
6010
991
4309
7671
4157
2041
824
6731
111
3200
5196
9949
7175
5819
5762
8211
4188
3980
8031
1015
5602
6776
4828
8271
2952
816
7744
1258
4611
6091
4017
5120
9676
8201
9857
7640
5846
9365
175
6383
692
6551
8011
1215
6042
46
6497
2879
5510
3371
6414
8356
6624
8517
8192
3494
8018
4353
3762
9901
5118
9141
9750
789
4675
5029
6394
1064
7216
8434
5297
7335
3775
4032
6958
4716
2305
8206
2188
3695
7726
8549
9648
726
6187
7469
3675
3821
7205
8614
246
1494
3657
3131
4398
4898
8003
4030
3429
6420
8579
9148
7458
4635
8164
7566
6315
7519
2901
1338
4838
7856
1673
7130
4773
9461
1128
7530
1715
4052
2333
5668
7975
8242
5791
5955
177
5258
9348
9892
2668
862
912
5850
2325
5308
9888
4292
7053
756
6792
8522
6123
7881
953
7390
8302
3904
3920
4694
5944
4583
5239
5504
2503
668
1563
7965
6522
817
7160
7365
5935
4488
8237
2338
678
5261
9605
8443
1065
2834
2480
1706
8686
6656
9933
4974
6145
247
4288
977
1201
3754
3555
4821
8173
9912
8467
198
7673
9660
9791
7734
5840
7135
3939
7494
4243
4394
4969
8674
6433
368
5548
56
9209
3883
7237
8700
8789
3399
6097
1387
9707
3176
3796
4986
1198
7525
5197
7062
684
8102
4634
2259
4953
3587
4266
3370
9307
3442
8713
8142
78
2398
954
456
6984
1160
6966
6992
7147
6547
7073
2939
9918
6461
6866
673
3844
4662
3771
8310
9402
9989
8706
6494
7107
7471
7845
7079
7814
4061
3160
5438
5282
6191
3719
2912
6538
2069
9295
3961
6035
1226
4356
3909
1154
8896
8325
6863
3637
8792
3133
1417
6583
788
537
7614
6699
3733
6470
7551
4943
1627
5482
9259
4520
2020
4442
5312
9801
3126
815
2577
3776
866
9273
5604
9099
7343
4280
3770
5048
1682
7974
1455
682
5537
8278
2419
6627
3581
1562
3752
1901
8922
5328
3986
4273
1145
1583
4264
4577
4331
3478
454
2289
2136
479
8139
5311
2101
3421
9072
5184
7993
3296
9473
9911
7275
6251
9617
8841
8051
9249
6473
165
9776
7676
2603
8036
518
943
7322
3334
2206
77
5560
9393
5393
1544
504
7245
48
2694
1380
6288
3867
7291
8131
4088
8627
2075
2923
8727
5398
3732
5987
4489
825
7502
3579
8968
9130
2487
1729
547
1884
2538
7209
4466
8100
7749
576
1630
672
9163
9692
9192
1012
1746
8866
2744
1285
5023
4978
2573
4893
8080
6848
6895
1077
9839
733
445
5788
2989
5827
2657
8871
9725
6062
5986
4939
6686
2007
8441
8115
6253
1745
6901
8921
5214
5661
3967
3002
4477
3124
7760
5472
2467
1871
8860
2109
9945
6252
6607
7409
7820
5444
7151
7354
7244
4167
507
5691
6507
8112
9263
8349
9905
9050
6331
5837
6098
4734
1788
4072
7214
2150
7265
6261
5315
9926
9632
4444
5949
9556
9101
136
1335
2372
6716
8500
8592
4479
3823
8049
5939
7636
5322
2247
3435
214
5870
7876
8830
2578
4808
9404
7807
350
1184
5233
946
1815
5956
3542
560
5225
8913
2146
5093
7761
4481
5769
3174
6795
4890
371
8501
2283
5640
6259
8337
7606
4036
5511
174
8739
8092
3702
2499
9960
6164
1570
9902
4495
3446
2216
4054
8037
1622
2237
2907
555
8021
6893
7140
201
8623
443
858
3051
6375
1983
8698
4673
1728
6611
1683
6084
1190
8982
6717
3282
8364
8531
9255
4952
2220
380
7235
9863
8979
1947
4406
4825
87
4251
6805
2812
5654
138
3528
8438
5873
5505
2410
9547
8255
7960
3812
5623
6661
6397
7195
306
2682
7650
92
4300
2918
2851
9160
4763
2470
3679
4590
7282
3589
1577
851
9434
2079
9084
9887
5717
2760
7782
5024
5503
4672
4525
5380
3497
3404
4568
4865
7489
6181
392
8154
4062
793
8375
6669
9664
5865
2692
1708
6600
3301
6415
7451
1542
4396
5838
2231
1938
2696
7698
6457
7948
9126
5468
1669
625
4294
2590
9865
905
3193
3828
8859
8277
491
1176
2893
8993
4440
2557
9076
6017
7396
8878
2073
8991
8048
4614
5601
2888
2392
7729
6687
2607
2107
4684
1470
9687
1113
6720
1020
8555
5815
3091
6447
6147
6878
6563
5858
5689
1043
1088
2937
6012
7812
6221
6831
8534
7630
5800
7932
9131
8361
7987
1703
6227
1312
1410
2401
1401
8459
2433
8573
7576
6398
1794
2971
802
2675
2407
333
6178
1979
4626
8125
6689
1394
2393
4721
4809
4223
135
1907
2207
9011
6813
3830
3560
7032
1467
9943
8066
2217
3536
3087
7497
9736
6946
3813
1270
462
933
5143
5801
9347
222
5138
2523
8865
3677
3826
6782
4033
4987
2285
1606
2253
8943
179
1904
8932
6653
3487
1811
231
772
8186
4049
8962
8733
5151
4319
2599
8930
343
161
5794
4140
2057
5281
8413
1899
3649
1063
8404
4911
7448
3364
2633
6236
2964
6632
8351
4606
4902
6760
9962
3913
4144
2345
9665
2686
4112
3888
544
2606
8663
7836
1090
5992
1320
331
2384
4722
8877
6382
1376
2496
6511
2031
8634
3096
744
4654
9711
3562
2094
834
7711
604
7038
3119
8537
8635
1306
1400
8716
5671
1036
2321
7601
8113
2706
8040
4541
9025
5220
1262
9573
8939
9980
4427
9057
9409
1893
8796
9754
7426
7539
6569
715
650
4414
6095
1217
2404
7947
578
1474
6099
6175
4169
4997
4860
2831
4057
827
3460
8024
958
3721
1382
6018
2424
3148
1202
4158
7791
2275
5770
9498
3252
8232
7377
2766
3097
7964
1040
9007
6343
9314
391
8129
5306
448
8687
8558
6043
1717
7796
8067
9153
4040
8518
3284
5516
8082
3305
3485
8940
2209
1774
4299
8497
6631
9054
3201
761
1047
9189
9977
9288
4797
1571
859
7515
9844
6185
5386
2314
7302
6819
421
2636
6458
3643
3815
5367
2226
7487
1027
8967
803
515
1016
6810
1796
1131
9344
822
9448
9355
99
1784
1357
7662
6965
3858
3501
2124
5321
8964
9995
3105
1322
1451
5736
4846
417
7126
5912
3484
8657
6861
9161
8207
3987
7094
4748
137
4106
2680
7617
8148
7908
5
2746
6987
8885
8867
2785
9481
1271
9172
9587
4175
9504
1594
6800
1383
318
3630
8569
302
4891
3506
2521
9198
5390
9517
6703
7127
2043
3420
6491
6870
86
1479
254
3884
5121
3664
4203
1244
6862
9195
955
4839
320
4
7049
6169
579
1091
598
7328
1372
5772
8499
6374
1194
2034
7312
5746
1696
4153
9360
9446
5611
9450
600
3765
6065
2655
4510
1439
651
9728
9896
4016
3874
7957
3396
8793
1887
5263
969
5930
7816
8938
1780
7339
3642
4431
7813
7664
5338
2019
6925
7069
9121
2857
968
129
5301
9957
6645
8863
1391
8794
7468
2142
5454
1687
8728
7560
6452
3870
5519
7470
4236
1798
2678
8331
308
6534
8553
787
2421
1033
9555
9794
6902
6755
6864
4328
5750
1968
7187
3263
2323
5365
5634
6050
8894
5593
9889
5972
5164
2562
3850
4204
9110
535
2400
6885
5469
2729
1503
3773
3303
9717
601
1278
508
2784
8795
7242
8621
5567
7463
5459
606
5832
3436
7585
1323
8063
6401
7410
3014
7624
4025
8788
2802
6392
5332
3012
1297
1014
1423
8550
3071
3769
3561
8847
7248
4696
7689
2174
6898
1336
6625
5669
620
8886
5036
4462
577
9763
3817
881
6287
4653
3202
4166
8175
9650
907
6480
1580
8266
9325
5576
5017
4982
7124
8396
2973
2203
9620
9733
4340
4912
4195
6905
5740
8669
3559
252
3672
8078
6180
775
4021
3820
474
1055
6853
3860
1021
7994
2638
5908
9030
9330
3489
4770
9443
7707
1490
9996
1263
6038
619
158
4729
5292
8205
8204
2210
1727
2205
36
2546
3580
6255
3382
5168
3129
5723
6022
1074
7141
796
4154
4435
7785
5032
7155
780
4869
3162
4149
5134
4802
3076
4701
1073
6725
9656
2362
1663
925
4492
1823
27
6334
1038
8408
2005
9087
1647
4712
3461
4313
7649
927
5415
5552
4122
3213
5357
6996
5775
5577
8679
4173
6602
4263
7432
812
1588
6836
8468
8246
3056
751
6662
6886
8407
3801
373
8956
8502
6920
7252
2004
875
1485
9454
2158
4786
2269
8023
4165
7203
1419
3112
4718
8274
1716
9732
6310
9466
2647
2115
584
2508
7609
76
3615
9168
7266
939
8805
3995
6257
6906
9848
6674
8389
6127
5644
9845
9698
6744
7656
3304
6074
5619
7324
4391
798
5932
3462
1631
230
5002
9117
6206
2313
5663
8631
3797
7863
510
7628
7380
4171
3917
2517
4517
9753
5095
5310
6649
51
4090
309
7089
7532
2218
358
3189
7161
1857
307
221
2262
8724
9105
819
1665
3691
2558
1648
276
8912
5175
3669
7547
1744
2572
1461
6324
4747
47
9038
4820
8776
4151
8141
1424
1236
4920
5058
8949
3044
8193
9613
8616
2637
438
6026
4126
9702
5150
6612
5564
5725
2739
7586
6955
1891
3777
5713
9345
2618
1393
7954
9657
7788
271
1492
7765
8802
1599
5186
5174
634
325
4326
1795
1936
5729
9850
5693
3503
5485
5747
5706
9803
6995
5738
1300
9811
9714
2064
8519
139
5341
4936
8898
6033
9397
6340
1852
4883
4389
5003
218
1827
8041
1475
1097
8708
1726
9455
9919
1132
6835
6807
6723
5902
6677
6926
3143
1161
8754
3556
6424
1094
6798
4290
5047
8055
8138
1547
5463
3152
3067
7917
119
1743
39
6482
1777
4335
3654
8835
6199
3302
1010
4588
84
9199
7449
2088
4327
5515
3550
91
8301
4581
8195
8882
4751
6911
3314
2549
9026
5431
8299
9534
640
8177
3319
5841
4639
7611
3825
5067
6224
5193
3285
3019
8231
6834
983
118
155
3392
7399
4355
7907
5129
8220
3597
666
6828
8807
2956
6060
2795
1799
9630
4629
9569
4785
6808
7183
1821
7626
3118
2839
6325
5419
142
942
8883
879
5653
2344
7902
3341
3894
1449
2547
9526
1666
4183
1883
7200
1934
1972
994
3999
7643
6281
8678
2039
5401
3750
6899
7972
6759
5102
5142
8571
6283
9782
4956
2148
8764
7074
8281
3631
3155
7128
3178
2242
8087
2856
6635
2763
8533
2349
9813
7095
8693
873
2954
9852
4310
8844
9239
7394
3254
3079
9214
9241
7694
8283
6161
156
9843
9639
8342
5350
1433
2229
6802
9300
4584
2669
3602
3736
7018
9585
6373
3819
5853
7088
3744
3836
4445
2326
1412
5132
3459
4954
4255
6572
4745
5203
6039
9350
712
7801
4222
149
6439
409
344
3028
329
1678
4615
4692
1491
3477
8618
7241
2913
2610
7864
6977
170
9167
6867
1867
6057
7603
5461
7142
5704
2219
4247
2917
1346
7100
8570
6673
5970
3866
4248
3734
2176
3853
3774
8022
4784
5015
3209
1676
7169
4881
154
4469
286
3198
1183
3842
7056
2277
5588
1060
8412
429
2015
7531
6403
1684
553
4963
7043
9864
1247
6085
2611
9755
7844
7750
2268
643
4666
6968
4580
6131
5296
483
4630
8390
7150
1473
4252
9927
8845
3692
5790
6865
8079
3430
7641
482
7319
5683
6608
213
5796
9173
1268
7403
147
5224
3210
2017
2028
9695
5030
257
5974
914
6971
8659
8817
3900
280
988
6168
6333
4111
5236
2862
6718
9802
4148
5724
7774
7669
6919
5676
289
9472
5808
157
1334
1978
7897
639
4485
8966
2436
5440
3220
2048
3362
6075
4213
6234
4332
2874
3981
2953
4434
8392
8360
3036
4257
4024
1918
4885
9321
4732
573
5418
7261
6077
1844
1625
9612
6601
3530
1550
1723
6348
6981
5636
3415
1600
6797
7194
7077
8007
8650
6087
2118
3316
3216
7679
1220
8054
5275
8258
894
5146
2608
6426
4086
1122
1921
197
1390
2522
9292
8209
9329
5487
7114
5280
6565
3767
7793
6410
1992
2058
2346
2905
7672
5945
4620
2310
2687
5159
8391
7298
8452
3912
9034
4678
1103
6231
6051
1363
5303
9972
5591
440
4778
7369
1429
9491
534
1432
9631
8781
3927
9879
663
7251
3652
7055
785
8107
1552
3158
1890
4368
3787
6577
7976
1876
1615
6000
4180
1747
2715
1108
2992
9511
389
1162
6203
1855
3944
3989
2993
3084
7466
8887
1778
4001
412
7014
4679
2670
2849
9162
4164
370
1319
1093
1441
7273
8620
242
5279
820
4738
1642
5871
7199
6197
6285
2654
9760
4232
4233
6499
6825
6163
2414
7295
9106
3366
8604
6260
6767
5202
9489
1692
4307
3863
6933
2464
5809
5369
6952
8668
2996
9799
7341
1173
2685
20
6688
1837
9638
2162
5698
4700
6513
7811
1295
3644
2463
9741
3641
9924
4906
8249
581
2737
4604
3808
5264
2726
4053
863
6362
4272
6949
5226
1
5135
6726
4682
5996
3554
9004
1557
3871
7717
43
3731
4350
2085
6817
1758
1502
3419
5921
7202
1205
3175
2794
4231
9143
6217
8134
9385
4742
6047
2128
2927
3553
2826
7982
2204
5449
6660
7731
2963
7226
777
8542
3236
4834
9179
9107
9686
3840
4926
1054
4895
2293
3194
1019
6581
7308
374
8653
885
4074
4795
4847
617
279
505
8214
7578
5427
1626
9849
2163
2873
8224
4957
5621
4597
4134
1099
9149
340
5254
1982
4710
45
6138
2153
8785
8157
4212
1924
7777
1425
8008
6378
3440
4933
8368
4438
1303
330
4704
9824
1565
4311
7233
2979
5085
3173
2443
826
4211
6622
4711
5637
5499
4191
481
8590
9147
7959
2852
9922
7460
8580
530
6555
628
5071
4261
4141
6158
1149
5484
2082
7260
2482
6320
5581
9384
453
9756
9955
9232
345
3611
150
5453
3511
2796
8600
9847
2991
8250
9399
1506
3329
363
631
3070
6200
9793
5330
9178
8268
8888
8985
7919
8980
3730
6092
8826
1761
6393
1248
7301
2703
9240
4641
1775
8428
4663
7721
3365
4390
4874
7928
5718
2613
8028
901
9398
2777
2077
8043
9358
8194
7157
897
6820
69
6186
5336
2587
5437
2543
1793
8464
7096
8496
7949
7490
6991
9877
5489
2772
9808
8475
848
6368
1444
5931
8163
7307
8270
7810
2335
5631
2045
7412
2894
7941
2422
7923
2895
2672
9157
8665
8920
5001
2038
8578
5684
8675
8931
9823
3331
2512
9720
760
3322
9197
7430
8166
2509
1701
6509
6300
1240
4642
7513
2649
7344
4799
5232
3008
3015
1212
7042
8140
8447
5744
9456
9258
4774
4370
6356
993
2571
7867
630
2389
7361
7899
7220
3048
4585
3276
8819
9941
5027
383
6455
3088
8629
5262
8090
8321
5426
450
8825
5831
6916
509
9206
385
9854
5414
7111
6701
1177
7575
1505
2883
646
809
9819
5917
3911
2241
810
5399
688
9948
9066
4669
3626
5627
8488
4552
1514
4567
3591
1768
1402
5259
6787
5096
4011
2984
2769
9825
3523
4493
847
3214
4792
6884
9875
6742
5894
6917
4723
7337
2683
1170
8730
2478
9077
5111
9368
9341
5710
9553
531
4334
1659
932
6371
4403
3307
191
6330
2667
1266
3261
8821
2185
3936
9890
2037
6449
4249
2968
6345
5166
5413
404
1279
970
6435
1022
7728
9175
6584
7823
4107
8406
8010
711
6322
181
7212
671
6788
3063
2778
9378
2563
3640
2977
6478
5370
2134
3140
1522
4089
5997
4379
1974
8353
6258
8850
6882
7105
3619
1008
12
2195
4958
9997
3599
1948
3268
6770
2284
5891
5497
6467
2853
8837
9623
2810
7543
2081
8958
8723
6570
8267
5686
4256
488
7769
8945
593
7050
6471
7122
7534
11
2371
1013
9022
6321
4143
5890
5331
8638
7958
8572
5163
336
566
464
9156
478
6256
6342
8613
152
3748
6427
1345
572
7414
6962
1121
2301
2122
6637
79
9422
4225
2451
2584
3313
2621
1440
4940
3323
2297
9693
9190
8704
2359
8808
9272
6460
9332
9611
4512
7285
6405
2167
6741
906
3376
5171
7909
1567
7668
6508
50
6715
3998
6432
612
4529
5889
7230
6753
3532
3061
770
737
9442
1483
2625
8305
8427
3053
16
4369
4905
3827
1023
4746
3136
8350
1556
580
171
1155
2889
193
6894
6918
9089
88
73
1034
5180
2339
5466
9715
5395
9353
5165
8986
7627
4473
7527
5458
3409
2190
9369
2061
5553
7825
5509
4091
752
2255
5250
4992
7067
769
6242
5199
6037
7478
8673
5595
5185
2472
3455
746
4601
8149
4873
7444
8354
4935
204
9832
9283
5628
1437
8077
6314
1540
4182
5441
2258
5745
3515
6176
9658
5097
3154
2485
3529
2554
2713
8147
4689
2765
8562
6964
3902
7044
5500
655
3146
4348
8970
4929
6844
7402
8068
7509
6552
9590
2525
24
5694
3990
1840
7338
2662
6263
9497
7026
2054
1842
2751
196
6518
9699
999
8582
3548
8492
9745
8856
26
9377
3300
4913
1250
2684
9765
8643
1222
5396
6953
6500
2846
7742
7474
7781
1877
597
7762
7966
6157
1158
2731
5781
1693
2298
5953
3991
2589
6892
4991
2444
2643
8702
7035
5966
6189
6229
2417
7763
4000
6453
4676
2935
6914
6366
6262
5876
2583
7024
1209
9851
1582
9838
3681
4178
3780
1234
4853
9549
7748
5133
4051
1126
833
1245
5043
6769
918
3245
6498
998
3549
5579
8770
3809
9796
5420
8091
5086
4959
9073
9800
2140
2718
3299
6024
2308
8243
4130
9065
1929
7425
9973
2705
7134
5540
301
622
5252
7170
8153
1541
8718
7973
937
3582
9874
3533
8872
3838
5702
7818
6983
7517
7491
5820
4308
5273
3361
5229
6891
3713
5742
1963
8648
1032
503
1742
4950
9597
2711
6488
5470
7482
5140
1951
4918
3467
5066
1961
2730
7193
3835
4652
4281
6156
8161
2753
7287
1912
2449
3665
4467
2312
7118
9140
4664
8984
9771
1343
3227
9646
8992
1601
9527
7893
6207
7033
9090
2903
3453
4965
7910
2236
649
496
5556
8683
6549
2758
7314
6872
9226
7165
9921
6833
6599
8373
1848
4046
7034
4010
6644
8176
9439
3042
1591
3407
7625
346
4600
5919
8773
8646
2871
2855
1575
8741
489
3583
2930
3450
9856
6418
9416
5934
3197
5050
7431
8720
9063
3295
982
7870
2006
3794
4237
7792
9642
8320
7356
6477
4487
1007
3546
7620
520
1667
3729
3982
1897
7995
3355
8588
5709
2327
9694
203
6873
6106
9840
7185
6220
3633
9652
8111
9600
8936
3013
1071
7508
9938
5690
3122
9868
8144
8435
1754
6989
4922
3375
4132
790
7085
393
9899
1850
8948
4131
7663
1458
5547
7263
5638
7790
4759
6854
5054
7512
1510
7594
7289
8822
4767
2337
2585
6527
3384
8667
653
2071
708
5965
7121
2083
3182
3212
1471
2651
205
6003
880
6869
4268
3671
6502
9459
7915
1873
9408
5488
523
3269
7441
3624
6881
4219
6575
4343
7940
1637
6806
7435
5237
8187
6821
5256
3953
2070
5242
4497
8577
2438
9651
9709
8506
6951
2113
4321
5774
5428
6875
431
1178
1765
8425
5238
8697
9438
3043
4428
8304
7849
260
8463
716
8064
3072
9338
3598
8625
4833
1939
7196
5031
2131
9301
6438
9493
611
2673
7238
2788
9812
322
1397
6364
3604
5342
424
2018
8806
2926
1694
5182
9242
6691
5020
2093
3965
9014
5854
148
1943
638
5223
8414
8339
5664
7092
2238
6136
2180
8955
9180
689
6694
4640
6386
7300
3518
2278
4582
5542
6904
9306
3229
7084
8419
4866
439
3103
6353
1089
2981
2250
3957
717
3676
7493
9211
8012
6714
8477
2789
5722
7757
9622
4145
7384
2244
3204
7714
6748
7228
9371
114
1488
9095
1824
9882
8047
9170
4274
8093
1203
4346
9979
4888
8455
1385
9068
4241
5526
5177
4034
6568
9985
3074
9420
1327
2906
9862
6533
7962
7554
828
3854
1990
9965
452
476
1420
1185
2264
1229
9051
6842
4516
8341
1967
6385
8069
9624
3678
3761
2403
7081
6173
2100
4743
6823
5221
9253
2940
5833
4480
4242
7437
6265
1029
7522
1309
8731
8034
8172
6671
6216
6419
7675
2966
4318
1028
908
3021
6850
4816
7730
1083
6560
4238
1056
7453
1941
7824
7331
1767
5964
3862
3772
9125
123
1057
9435
6675
1564
9251
4176
4380
3009
8586
9649
8180
4594
8839
5752
3086
378
6196
9932
4644
1697
5421
7687
2899
1489
1633
9313
699
3623
1454
4357
4470
2716
4270
6982
5248
376
7424
860
5512
8935
9310
9019
7334
9046
8284
5855
5059
3188
1916
4871
5761
5349
232
1712
5993
1674
2098
8761
2181
7545
5925
6682
7837
591
5845
6409
9228
9124
366
3846
8319
1448
5616
6801
9513
8329
6593
4372
7977
9328
2804
2263
3312
6936
758
5670
4105
6124
3979
1460
768
9108
9410
8261
936
7540
229
1789
3539
4870
6504
7045
920
6201
8511
3876
664
1374
7891
7385
7553
2376
2175
9186
4726
7093
8599
4125
9759
3359
3934
190
3892
3457
8439
1195
6476
9277
5384
4631
5656
8053
342
2429
2169
8168
3040
2749
6749
8482
9486
9023
3223
1318
7969
8543
2450
4955
6225
5508
2477
8121
7988
2353
9213
2904
6246
6249
9311
2164
7665
7445
9164
5201
2328
493
6015
4579
7467
5857
2936
1656
3878
8813
6923
1370
2661
4050
5826
605
4409
3837
9614
1607
4628
7550
3120
4333
945
239
1301
5565
3632
4087
81
4494
5266
5806
6553
3864
1830
7587
4509
9227
8611
1535
5696
629
4386
2902
6822
8431
735
2430
4523
5447
3444
7090
5524
4094
9200
7934
9308
9963
7318
1354
4563
4014
1292
9531
4028
4714
690
3616
4064
2652
7529
8619
703
8219
1254
3977
7889
6465
3543
5864
3687
3857
9363
5075
8137
2309
7549
5088
2252
9564
9320
2280
1997
5562
2413
956
9309
5061
7615
9419
4708
7541
8778
6179
8473
6747
5802
4945
6931
6096
9530
4681
8171
427
8307
7325
8132
4551
4093
3925
8240
709
7642
990
8900
5615
7359
3592
5108
1230
799
5409
1984
8245
1945
7784
8252
6702
3052
4192
4320
8491
8726
5520
9097
1969
2848
5206
2050
8791
2719
4602
9990
2679
4426
4824
3184
1216
6529
1826
3923
2965
8377
9866
4560
9615
729
8105
3150
9111
2897
1459
275
4129
569
6876
9451
3793
7756
7025
3861
5268
3142
747
2296
3928
7418
9682
5559
1971
1359
3790
188
4724
1049
5976
4133
740
8382
3571
2440
5880
3855
9205
8738
9909
1495
5126
554
57
268
5749
7208
2439
4578
3789
8880
2530
3670
6188
8834
8624
6790
9052
9654
1378
8989
522
5753
6531
457
2814
6634
9
8831
5124
9726
1384
4531
3294
4668
3651
7580
1371
1603
6803
2566
1171
446
7072
2281
9411
8333
7558
6543
2640
5773
7618
3547
7215
3281
5914
1311
6799
3116
8346
9571
9086
9465
3916
7211
4636
5849
2600
6247
1426
9366
1730
1554
8288
6388
1368
5847
3055
8474
9662
8357
1911
9574
9944
9792
9779
2213
6588
4566
1763
4961
3289
8664
495
8039
6299
7860
7450
6369
4395
9467
4756
8784
5868
8162
4161
4375
6812
2688
6774
660
4996
9674
7217
853
3527
435
494
9488
9028
4780
8642
2717
9041
7918
9930
5646
5204
2021
1861
8334
4624
9522
3788
5554
4245
3851
4364
3942
7859
8394
6838
215
4900
8379
739
4071
2442
2787
8418
6347
2361
6724
4596
4408
3465
4163
6137
9033
6947
9532
3431
7921
4514
4924
5451
5265
1781
1174
7000
8323
6897
9225
6429
8909
3011
948
8840
743
3412
6355
4760
2441
4549
8719
3829
811
6880
9916
845
3463
874
6932
5397
9471
4720
6999
7392
3699
3708
1944
9560
283
3755
6970
9485
5528
7821
2027
9820
9967
6069
5099
9781
9169
2885
4127
5546
6308
2568
9507
3720
6695
1086
6029
9331
9594
8630
7855
2178
8070
2822
5658
7733
8223
3656
8126
9836
2046
9787
842
2806
2315
4740
9096
4458
4205
3207
4650
3940
685
3845
9871
4271
9835
9993
1940
4575
831
2900
9766
6532
4930
8777
2528
315
1933
5969
1355
564
8603
4875
4092
7012
7477
5309
5681
4942
2674
29
6972
9339
8957
3594
5660
1042
5359
5544
4305
6610
1981
3896
3726
3297
6998
5462
1998
6277
7842
182
6055
3205
4855
5541
3199
9529
28
5575
9815
9917
6750
9546
8975
8923
3347
5291
8143
4966
7255
8317
3109
5741
9433
8969
1790
4110
7715
1148
7027
4113
7931
299
4035
1481
6226
7695
5734
40
8085
6651
995
4801
5513
6209
153
5878
369
3159
1347
5490
95
5082
1261
7481
4302
6877
5988
6372
6376
8757
792
8972
408
8626
1138
3997
8508
3746
7697
9885
4498
4686
497
8530
3565
8216
6796
1543
1592
7440
8029
4433
6421
893
120
940
9403
3898
1614
965
1288
8104
234
1841
5344
4371
2415
7638
2183
7306
3395
8688
2658
7724
2531
8854
8689
1791
602
2108
7633
8656
7152
285
7846
8286
6070
1759
5194
7968
3039
5274
7029
3537
784
3165
6712
6616
1080
8133
5158
4373
6619
2982
94
2782
1282
7346
4848
5465
9081
5768
633
5347
8740
4858
1428
3257
6451
8786
5016
2666
7504
4788
1392
9895
3350
4981
6789
9557
9524
9482
8520
7008
546
3914
5886
3156
4771
6367
2002
7827
9891
4170
293
7511
3593
64
2626
4683
1620
9636
8696
8273
7023
3023
878
7621
2502
4082
7766
4805
4362
1515
9428
9191
8775
3058
9431
3187
6428
5924
3508
4592
354
9400
721
4365
545
1172
7013
8293
3037
2465
7123
8280
5432
6223
5079
7970
8981
1749
245
3994
9598
2641
8265
7857
395
6293
2604
288
3839
8729
6811
5412
1364
6778
74
667
2745
1879
5475
1405
8146
9150
7501
1851
2475
6571
2642
6472
8127
3614
9016
2311
7227
3117
6707
1636
1672
4831
22
1414
8213
2832
7413
9716
3149
696
1655
4532
4190
8540
9934
6528
6437
1609
1072
9136
6140
4253
8881
8995
2405
4058
8050
7755
6360
5630
4146
5951
5667
1807
8891
4758
1340
2886
3102
2929
8217
1804
4456
1738
2351
570
2515
9013
6780
5448
5495
3701
2892
960
980
776
6546
2867
6268
7913
8315
2086
1735
7986
3690
4329
2202
4903
5622
7659
6303
9810
5572
2199
9266
2166
8902
211
9340
2137
1814
9730
805
2357
2214
8450
321
2179
7218
5983
9223
1478
3373
2114
7696
5913
7758
4210
8369
725
3010
8849
3976
4430
6284
2299
1004
9158
5561
2527
5536
2631
9904
2820
4020
7158
9005
1302
1805
1651
6130
6765
3374
4570
8769
6172
5035
1838
3964
1299
3348
1725
2750
3354
8444
7998
5523
38
1193
2818
338
2492
9061
3062
2455
3157
8221
6341
475
4381
5647
2221
6557
3360
4979
2721
8343
1598
6603
4393
7452
1856
8198
1218
3240
4557
5673
3807
5539
6542
7231
3778
2431
4762
5334
7439
5737
6278
3804
3609
7423
1000
5735
8295
5994
1192
1284
9145
5104
8296
5190
2677
3962
4947
7507
3222
4783
1905
2377
1373
3443
3872
6496
6450
3033
7109
9484
8736
7602
4383
8239
6849
2720
1344
7890
5207
6710
7153
7382
9217
1532
7433
4291
7405
7713
4471
9257
1878
3181
7495
351
2559
3969
1283
4755
807
8715
9219
1704
1333
6357
442
4595
9858
1156
7871
8136
8004
3408
9193
910
8014
1689
249
7771
298
1273
2663
7358
1120
1025
921
9015
5316
7267
795
3931
470
9139
8101
1251
2542
4934
6839
3784
1958
4005
8721
469
4423
4667
8015
3689
1892
6700
7438
1975
9094
4962
7486
2959
5665
1246
4690
7224
5793
9372
2233
2056
413
1204
485
9961
8699
5103
2896
4194
253
9181
4546
9588
7942
9032
4754
589
7103
2358
6030
7631
5692
3026
2042
3243
1710
6154
4769
3130
7644
8536
9177
6954
5479
4768
9667
310
8424
4553
5156
7311
9701
9991
6633
8358
7789
6387
7297
814
1048
2123
9426
6023
243
7888
7125
6636
6081
4099
5364
8641
5685
4832
5642
6336
4967
5012
5607
5687
8385
9786
4910
8362
7047
7677
595
7839
7652
5351
1675
83
3712
3879
791
5897
7006
5904
4455
3224
7464
32
6910
6617
467
4295
4503
8437
2121
9001
9067
5959
1280
9216
8236
3290
8197
1525
3239
7667
8918
3138
9137
2274
5933
6683
1464
4867
2157
7579
8292
3164
9518
7274
5700
2644
8889
5287
3595
8942
3601
7063
3171
436
909
2294
8120
7156
5117
6858
4085
7249
8563
1001
6146
334
5169
