10000
8318
2806
8
8964
8917
5710
4420
3508
4094
8655
3672
5734
8915
3462
2027
3738
552
1145
9642
9040
1477
3667
3172
9441
5788
6017
7091
2132
2058
5538
8673
3650
6651
7736
9049
5886
1799
9921
4220
7024
9037
3664
321
1188
5592
1227
1366
9180
5698
3127
6478
7992
813
5859
1500
41
1539
6393
5314
6980
4357
977
1535
9421
1881
9415
3131
1923
8990
1735
9410
2511
4467
9303
5885
8429
680
9856
887
1910
6369
1058
2761
9815
2730
8219
8251
6220
7025
1156
9919
1741
6774
6779
3878
5087
8019
6136
9086
1032
5377
9885
6389
3073
3272
1946
3668
4388
3082
779
8146
9821
4223
2729
2718
5733
5877
5505
4808
3654
6295
2982
305
9061
572
3565
6358
7158
5109
7016
8535
9741
4356
6951
9699
9026
1909
4320
1739
8652
1838
4995
4120
9799
6065
4031
173
8078
3340
7967
3991
2603
2446
9740
4495
6426
6725
2694
8262
581
9951
8026
4983
2449
254
9751
1048
8773
6552
7727
2579
7648
5203
7291
4642
9852
9332
6733
8516
7404
1332
1656
9923
6917
5855
9823
7997
7921
8906
713
9503
9304
8920
6817
4591
6544
4668
9423
5640
5627
7532
9658
8667
8543
2275
5957
8567
501
8788
6634
9190
4179
7432
2076
8795
3429
8201
146
4466
1636
1589
9201
5926
7764
8958
9714
2383
2860
1473
6675
3477
9978
1817
304
8813
6286
4400
2476
2946
7195
4950
1570
6960
9214
9240
1276
9001
2690
607
1643
3528
2258
4256
5356
4915
605
6728
306
5964
7676
3819
9000
2735
8863
8684
7031
1349
6989
6858
1878
3630
7712
2651
6102
7262
3059
1571
1770
8250
7883
8291
867
4117
5098
8727
9399
3474
2813
7805
3056
3663
6547
2874
6240
1339
8683
219
5059
6428
1468
4471
9968
1564
2096
8013
144
6965
3920
5661
4909
1497
4583
2376
310
8599
1606
5387
9659
8071
5300
1474
3306
1384
6031
3877
9685
4296
9744
6159
654
4458
9948
2135
6456
133
4787
5079
1972
4103
8879
4683
7249
5786
4184
1802
1882
2986
1111
6554
456
5090
3472
4875
7554
9006
4826
4997
5190
224
608
266
171
9342
3349
1171
6923
5391
9687
8631
8854
992
2974
5502
3071
2992
3397
1843
3563
1527
3777
6932
7674
7329
513
2847
2702
6401
4119
8414
9412
1916
1459
2971
2054
9130
1904
9051
806
5287
8648
1268
5774
8084
1355
674
712
9846
7986
1720
3139
8500
9631
5570
4468
2722
3213
1038
3750
5276
9334
9907
5587
3210
5445
4113
8632
1980
3343
7377
8526
3608
8370
2691
7763
9874
8498
6179
3471
4921
1532
6480
9761
5393
226
7746
8099
9013
3098
6995
7542
4136
3253
8534
8302
3432
1865
1090
3389
8975
4453
5385
1041
7540
9695
6192
2414
9753
1553
2800
3319
1102
6562
5498
107
3791
5233
7139
5442
7893
432
6144
5083
2458
5481
814
3705
2059
903
4384
4478
3334
6797
8807
2898
268
9530
4564
1646
7060
560
6274
6090
5724
2646
951
4175
2101
3149
3276
4781
5799
1079
5121
658
2682
6375
6641
8682
4145
9406
6550
2066
8336
3996
5485
1740
8809
6360
2822
1422
3371
3561
128
9293
1289
8267
9500
5015
1385
878
1822
1876
1163
2882
3520
8205
3800
8505
8412
7692
681
6860
5286
7792
8045
3622
6042
8625
1256
7225
624
9801
660
4301
4020
4435
6345
5839
182
9491
6820
1499
8326
5221
2849
4926
9847
2093
9901
4066
5308
395
5818
3898
9827
8638
9218
8124
8527
9120
8624
1375
1590
4824
5978
1870
9764
5535
9246
6432
1376
6537
1051
8393
2345
6261
9007
568
1233
3215
4158
3587
3694
6018
2098
1752
479
9508
7325
7163
7779
2369
8620
4494
8010
8778
7272
6016
9206
4326
9139
6829
2672
8981
2456
6724
7700
3892
7817
9034
6091
5258
9749
9622
1781
6781
2126
2885
8436
7586
5254
67
1191
8916
105
5742
6267
1438
5466
1367
4188
5597
4633
7480
3268
1226
7989
6693
7687
1242
9045
8849
4267
9417
8440
3741
9125
7191
9468
947
9574
8969
8553
5727
9931
9737
9568
9152
4823
7435
5351
9893
3546
2173
8529
245
4289
1586
3117
5444
2024
9390
7235
8988
8052
2175
1417
9096
2801
332
3995
3763
6249
7421
9748
6785
1808
7135
9585
9747
5058
2139
3813
7131
1190
848
6293
214
6377
8857
7079
3278
7483
6749
3963
9269
4068
6633
1982
1622
2633
588
6034
1993
1796
4382
2196
9079
934
3641
5891
8986
384
1361
5977
6431
7940
187
5165
1559
1094
8079
1591
6404
184
2881
3475
9832
5177
7808
6796
3866
6440
5043
3136
1641
9448
9428
7691
1285
4912
6895
9629
8610
3742
1701
6922
340
5285
2283
9765
7255
1173
6373
5005
4353
7650
7467
7829
8710
553
7052
406
3586
4699
1130
7068
2357
8818
1238
5036
1514
6638
2657
1078
2226
1300
5468
9226
8131
5889
8749
1150
5496
2494
5789
9069
2355
2526
6821
3335
7270
185
613
3645
9020
3815
1430
1340
5212
7306
6586
5073
1777
9241
6911
9419
987
7431
1713
2111
4252
5802
5306
1712
1403
6910
9124
8257
7644
645
2029
5737
2443
9343
9182
3933
3152
6906
3259
1095
8753
1294
2766
8694
4364
790
3181
4585
8182
295
1072
4438
4192
2536
6349
3949
940
6131
2582
9359
4739
5092
5384
6783
8616
2300
3316
8856
1062
595
3369
5021
6967
610
2368
9294
4367
5179
9161
197
4231
958
4038
2635
191
1851
1251
9665
670
1573
4001
590
9864
7874
9988
7499
7677
9683
7487
6165
7151
2442
72
3034
8622
1981
9213
8197
5425
1357
973
3425
9243
3183
1903
1273
1619
8087
9839
1193
6398
6366
9168
1747
3001
3282
2710
4806
9095
846
2905
913
4510
3053
8570
2951
2615
8443
4324
7552
6458
8627
3832
385
2183
5163
2006
5500
4247
7804
9745
6310
8167
9546
6455
1181
4027
2742
9472
4426
536
3516
7915
1758
2404
1945
6828
564
389
9996
5460
6333
5775
580
9623
9915
1506
6583
8538
6571
2250
7358
783
4742
631
1013
3690
8034
3855
8103
3109
1457
6076
3802
9368
2927
5152
9245
4975
6553
6790
9681
4936
6032
5738
1436
8942
7217
4649
1304
8494
9943
317
5408
4968
3065
3090
4102
4618
6526
3014
1640
2814
1308
7884
6425
8216
5856
4209
662
2047
8076
2568
7173
9513
985
825
3192
9505
5370
1407
4905
7984
6666
3865
2665
2589
44
8581
4681
2983
619
1494
2067
6460
7820
7238
3064
455
6887
135
1689
4965
6488
1126
6616
2935
110
5576
2353
4762
3732
5147
8329
2412
7988
9654
1076
845
1686
1271
5961
38
8252
3288
2133
3616
6956
5848
1358
9773
9394
7987
3238
4338
4370
8889
7864
4985
8853
3917
2610
4829
9284
4550
2045
7246
6327
9196
4419
3513
3366
360
4616
6823
2181
6645
4755
6857
1812
6548
6060
1929
5584
3164
6613
5645
4590
9652
9453
6578
1386
6195
5332
6040
9132
7112
4295
4051
2026
3140
1915
8715
2731
8022
9592
3374
127
6978
8875
9891
7126
4937
3016
6230
1314
6834
6569
1116
2153
9708
4072
5265
399
459
7979
3752
2274
8455
8221
9953
7366
7904
3287
1075
7901
8669
9112
7814
7609
7846
4729
7405
92
3079
6015
4070
4736
9872
2947
4358
3089
7398
4383
9426
1249
476
2107
6510
7583
6928
4081
5255
1322
1519
8364
2723
7389
4752
7916
7531
5906
6759
2840
4555
9232
4079
826
9220
1512
939
9290
8392
7305
2528
3169
3308
3178
6662
7835
5843
728
7852
435
6181
8039
2279
5349
7412
5
7292
2121
8585
8692
4700
9862
8410
9145
8725
1789
108
9407
6231
3731
2648
7083
2537
6280
4459
1060
8350
5716
302
892
53
5703
6161
891
2499
3988
5312
6603
5316
1490
2598
294
2910
1456
5674
5573
1626
5145
8730
8157
7399
1703
7290
8867
7481
2816
8349
7030
873
2143
3478
1052
9062
179
8231
5752
577
3611
6753
2606
6236
1614
9880
1399
8181
329
505
5390
5111
7535
1261
6019
6186
3552
9796
9910
4537
3440
7495
8525
1428
8517
9391
3348
472
9700
3601
4299
1137
3849
1106
4054
3309
5419
362
8000
3168
382
3447
2460
4714
243
6214
738
5825
6064
1175
6239
5407
8887
2409
9808
7133
3559
6396
7787
444
5182
4869
3379
4876
7062
9014
1694
5185
1759
9933
3365
7153
1797
7685
9336
1891
2230
426
9729
8532
1450
8130
6876
5993
6381
7451
7391
9572
9992
4711
7885
3390
8098
9902
2197
380
1671
5588
1969
5130
8066
4543
7857
6719
9718
6493
2747
3918
9365
4901
419
3776
215
8134
5530
5448
9935
3123
4431
5433
7842
2430
229
7954
4931
9400
7115
894
7248
3027
6476
8448
4849
8968
3628
2091
9065
4167
2663
5428
7316
6831
1810
5386
5491
3666
7514
8175
440
9544
327
6540
4055
7309
4725
6
1536
2208
671
5842
3248
5487
9072
1159
7806
565
8031
8161
5470
2939
2299
2695
5892
3456
7838
8390
7061
3129
1483
337
4523
1826
8101
1612
9238
2737
3345
4713
7087
1411
9449
5693
2585
6617
4191
6169
8321
1926
6584
4378
7267
5666
2969
6803
3047
2319
7605
7617
7671
1016
2875
1485
2707
8434
8164
8515
3759
1420
9389
9216
3200
1534
2500
7649
7269
7019
9123
6494
6639
3341
6865
5072
4500
9920
8907
6664
7021
7491
6969
9150
9316
1645
4090
9025
562
9346
1344
1454
9813
3408
3956
1779
7360
2336
3916
7176
7918
9189
4813
8316
2944
5158
5962
1236
3466
9785
354
3659
7343
7831
9479
4527
250
5772
483
4707
2020
204
9425
3733
7276
9743
7585
6805
3967
4883
1791
7433
9578
4328
4566
4017
9046
5982
3305
5025
3825
9106
5880
870
5261
5912
9451
4567
7369
3417
558
3862
115
7444
8555
9966
632
3052
6676
301
5123
9414
1112
851
5811
6778
7015
3359
3062
7385
1388
3823
4363
2758
8989
7684
2549
3547
9720
3977
6263
5366
3793
5805
8485
8637
8962
9064
6590
4896
7724
1080
8506
1751
7244
1348
5094
8815
1624
4692
9109
2781
3783
9016
1121
3549
3751
9382
5854
5023
404
7286
2888
7840
5039
3333
3870
1658
3091
7533
7631
4622
1044
8560
9762
5367
1330
8937
4118
1574
8780
2028
4337
2405
853
6907
8194
7855
7978
9797
4803
7878
5279
8850
5192
4884
4962
331
5050
2204
2538
5214
7513
9620
5671
8750
3951
3482
7976
1863
7971
2256
8305
7211
1083
9521
9272
4345
8994
7950
4389
2984
3108
8647
4731
9312
2365
4973
991
1780
7218
6282
5291
8748
6160
7956
6646
5369
7035
6539
6317
4009
1400
6891
5401
1426
4234
3532
296
7623
6330
7443
231
3624
2211
8597
5532
3613
4304
1178
2305
6631
3068
3635
1291
9231
1415
2177
4415
6563
8546
6078
7156
2174
9053
7215
7263
4427
7575
5836
3451
6647
1998
5000
424
8562
5350
2639
2102
2002
4939
3790
6591
2210
604
2673
2474
777
1784
6718
7696
7093
8501
8799
9114
4879
4727
933
4679
1886
5959
2791
918
5299
6789
4244
799
9470
6593
907
2193
237
3148
1575
2545
2859
1827
2444
6070
5618
3344
7213
1985
1577
1927
24
69
6627
7843
9511
8356
3057
4652
1918
8454
5550
6580
5361
8489
7899
9900
137
1844
1561
4251
6422
2530
4913
7555
2397
1001
3779
4610
2700
3883
2618
4033
5118
7073
5812
1811
2252
7392
8601
5883
8729
3289
5631
2488
2637
2172
1948
591
4929
3095
6315
8462
6714
1997
9936
2079
5657
2664
2366
8406
4181
857
7241
9888
8940
2675
1940
2876
8441
86
4221
2852
741
7564
1410
8377
46
6145
3598
4944
4873
8081
2062
9463
4877
165
6130
3600
4168
6712
1726
8170
7312
1345
9529
8580
5060
5099
6674
4759
8458
3454
2222
1101
3860
170
9418
9806
3106
1704
8922
2733
1673
9833
4507
2217
4612
2508
1201
6207
3525
6419
2962
4624
8698
5437
6388
2388
7525
6278
7686
1061
3
5746
9118
522
8330
6354
8342
4134
5620
9537
244
2818
5735
8643
3632
5296
308
6482
509
8913
8244
5547
7743
3124
2322
8168
3242
6323
2759
1069
2340
9353
1020
1117
2821
7347
65
2547
5400
6780
2975
9379
7755
9961
2507
4477
7970
7839
5499
2940
1661
4205
2797
8812
1567
2837
9605
6517
6769
5873
4381
7966
1753
9822
9601
3899
7446
7232
3415
3386
4805
4930
4342
2825
3049
8100
7288
4976
805
2570
5283
1036
411
9300
733
563
6319
923
5915
4809
625
7742
3670
1816
1714
7012
7517
4404
6355
5933
3303
461
7134
1154
9866
23
2119
7252
1225
889
556
1389
4696
4684
5204
4645
1957
7819
1584
9188
11
8677
3514
1382
974
4298
3190
5101
8459
8589
9035
1186
5595
3867
5159
1710
2918
506
1205
5011
5808
2923
3026
7762
9514
5949
4552
5824
3150
142
2296
7658
1204
3206
5392
5082
3135
6168
2185
1448
9454
6346
8442
8847
7318
5046
8348
9176
8700
1192
3885
2685
6497
7032
77
8347
6991
6402
3280
35
3947
810
4439
5784
8420
1481
9967
5928
4333
4030
6457
7908
9998
4672
2237
4757
8561
2569
9370
950
2338
1632
2632
4602
6129
2042
9325
6485
1778
922
4629
386
6109
5266
1213
6536
8373
5012
9160
5834
1091
2752
5706
855
1505
869
2294
1215
4110
6881
4556
1884
6253
2768
1353
841
5946
9156
760
9457
8165
1146
3842
1290
6637
9655
7601
840
3760
3609
1872
502
640
5718
6414
2949
9018
1022
3671
1326
3861
3430
9350
7074
5328
2902
1941
3075
2660
2820
3012
5607
7090
2473
8761
2509
7570
4902
5374
8299
1867
1977
6491
8862
931
5127
8579
7345
7196
7231
7357
9843
109
5281
3257
7447
4651
1283
9305
928
9626
8438
3538
7775
2753
7278
7201
2053
4972
4254
4418
9563
9157
1172
8413
9648
2644
1009
7465
147
2573
5557
5311
6529
5432
7243
4943
7847
8171
6985
4750
9724
8365
4933
6022
4375
978
9861
8877
4351
2628
9186
983
2334
25
9195
2833
4955
281
9702
9298
5031
8239
5238
1582
6338
8121
4487
3994
3534
2129
6111
3796
5882
8550
594
5744
2285
1120
1379
6436
6259
5334
4230
2828
5575
4797
4397
5589
2794
5914
4373
1123
7952
9333
5948
7927
4744
7848
1255
8196
5143
6127
1463
75
9329
4673
3290
366
5063
1489
7458
7216
6864
2995
8303
9310
5658
5438
4052
6500
1455
4989
5243
7128
2240
6228
4611
3982
2636
3165
3380
218
8608
9908
6177
1281
2120
4712
4898
4746
446
9830
4474
1875
2948
3244
2671
4314
972
8785
1507
9964
5921
6772
3665
5787
5845
4095
8236
6573
1873
7382
3574
2269
3554
5477
2124
8823
569
9327
6784
9484
5140
1716
4846
9283
8871
9338
644
2492
9651
8586
1902
765
6768
5345
4562
271
4717
5446
6173
2025
3225
7593
2587
9059
7524
6925
272
290
9542
6009
8548
8096
3602
1742
8716
600
6897
3092
7760
1639
9794
4599
6912
8108
5256
5224
8324
7800
9639
8215
8481
6083
4843
2793
1508
2069
5509
5768
7811
3363
8095
8334
6379
6138
4189
7302
9616
3869
9111
4850
325
6075
3660
5996
4657
1372
7662
1207
5903
5413
19
9595
3058
2811
223
363
8839
6180
5758
9679
5229
3081
6739
6961
70
132
398
5893
8711
5643
8952
9250
7254
274
5473
5955
1045
4854
1839
1446
2802
6813
4448
2763
2564
3900
6356
8837
3018
6963
9110
7781
5858
2817
8092
3313
5404
8466
6959
9842
5381
1795
7180
1793
3387
3709
1341
7767
3515
3618
3376
3445
1737
520
1153
2686
1620
4270
278
4080
1836
2924
2057
3879
2014
3518
8067
4984
6442
6777
5898
6020
4479
4786
7051
8072
2462
8258
6108
9398
2184
708
4987
5907
6747
9851
7049
1033
1858
4964
8671
4837
267
7675
5234
1144
71
7380
5510
8829
2841
5331
3924
4517
3015
9757
6782
3315
8646
533
9548
6556
1960
103
3675
7882
717
9436
8070
3277
9804
8214
9834
9144
9599
2244
4704
2335
8786
9800
6947
3381
9003
5495
6011
5649
8075
3072
8876
7959
3230
5807
8943
2784
3321
7803
2829
6984
6604
7698
2807
5529
8869
6966
7242
665
6929
709
5821
5484
3755
2745
8283
1329
5339
45
5826
2688
5837
1302
8654
1629
1434
714
4732
4630
5273
8222
2390
3401
6002
3818
6067
6252
8595
612
6826
371
4264
6352
2152
402
8156
1424
5685
12
4639
6804
5085
2873
5103
9945
9033
4228
4565
1782
8896
5106
5329
9397
4998
9540
9497
2667
1342
5449
4249
5003
5888
4529
4863
6581
7319
2307
2614
7526
1161
8925
5779
9481
8185
5235
1653
5104
8559
7258
8198
1885
6400
6502
4763
8023
8802
914
1492
4214
5501
702
9531
994
8151
2548
3502
9899
3708
5409
200
2333
7071
2713
3875
7185
6730
6474
9459
4275
6197
9940
5125
1131
6193
835
489
6255
5609
4277
9234
4656
6212
7170
9198
9909
5908
2869
2917
4874
7203
2286
9147
3637
1936
6657
8451
1669
2061
5540
3923
6683
5732
1959
5523
3859
8435
1119
3539
852
1877
3041
1832
5219
6836
8314
7655
3836
7011
7920
7457
2565
4476
5526
8723
6152
4917
6412
9405
822
4580
2977
9600
3864
5018
3384
1831
6614
5518
5566
37
6395
7729
8085
7856
2457
4006
1199
8177
9258
316
6471
6010
7608
3419
1842
4827
8259
9296
9038
5194
8049
6998
8398
1943
9431
7142
9200
8371
6143
3006
4506
3997
5284
4154
5515
8593
1029
6325
630
7595
1687
3829
5348
7212
6899
1698
4157
1295
8697
2003
2475
1369
948
5660
5616
3314
6362
2996
3841
8469
3356
8858
9552
6515
4945
6847
8006
3669
9442
8630
3797
6698
2613
3555
2788
7354
4769
1437
979
5591
2495
8166
5200
7719
6893
4538
5077
8701
4130
1691
8423
648
9831
153
4368
196
8827
5476
956
1313
2393
5546
4149
8488
3428
3955
2360
8998
4078
9819
9236
856
5453
4693
8248
4667
9311
5987
5820
9706
2411
3441
8352
3998
5881
6117
9395
7560
7027
4773
8446
690
5138
1047
3209
9339
8273
5260
8179
6155
668
1093
3979
5953
9553
4501
2989
8770
6889
693
2265
9712
6527
6787
9209
8522
6243
677
9019
574
5905
2955
6112
7008
9886
5148
6331
6577
4226
984
8109
3331
3590
9009
9148
8606
6417
33
7872
7489
2617
390
1880
1510
4042
6451
4377
6265
9756
4088
7604
8210
2233
6900
7188
4436
998
9050
5831
2165
6839
1995
4980
480
6538
3914
9810
1311
8312
5572
9604
3965
6053
6245
7753
3724
5007
3111
2141
3662
3039
8720
2259
8591
7200
6374
3505
8547
1611
7556
9914
8583
4489
6840
4818
312
8325
9512
4340
4348
3104
9324
2367
9771
164
412
9759
2705
7598
2127
6619
4903
788
6650
51
7222
4981
770
5250
599
8568
8903
4646
1395
9738
1031
3350
409
7721
847
8572
7929
4127
3588
2095
9962
5760
9956
3224
5514
4398
2276
5198
4747
2503
7066
8518
7544
9301
6597
3239
8389
8234
261
5230
833
139
7961
904
2417
6119
7802
1378
9777
7660
4171
3548
2884
8970
6795
4974
15
6430
166
1433
8510
4485
2191
2452
4045
3789
4123
3526
8409
5757
6626
5244
886
6322
858
7257
4058
8641
2970
6623
3640
3357
2525
394
7640
7547
84
7165
6238
4151
7590
6948
9027
5114
723
9386
3166
7127
3418
5297
3252
5968
10
8253
5970
9640
5610
9028
8395
6055
3646
6618
6824
651
5542
8657
5975
6561
9775
4676
7849
3981
7619
3411
5876
9444
2965
986
5403
6705
5067
9254
8125
158
2036
2408
9496
9119
8686
3972
6475
9790
2271
917
6800
1377
202
5539
9981
9509
9485
7510
8051
8959
2396
2186
7752
3794
8089
9208
1343
7261
8808
9612
4481
7259
9488
3338
1541
5602
3567
3509
9103
8183
531
7298
5078
7880
7877
4305
9015
1064
2420
5193
3060
4771
3283
3046
1115
4354
1890
3856
6420
7865
7936
807
7355
3838
9798
5721
6154
7520
953
2872
9867
5648
3655
359
2125
4262
4548
3360
8899
1005
3293
8191
2960
1086
1442
2866
8140
3368
4100
5415
2227
4016
6250
5901
1129
5394
8017
7638
3102
1734
1019
5222
3452
8012
5001
735
7530
9788
9994
3599
5890
3103
5421
2736
1182
5872
1860
5068
4463
7826
27
584
4534
5382
4172
6361
4163
5558
9560
5594
6113
589
3921
2699
9541
1260
3876
8492
9031
4235
159
9952
3684
1502
8713
8928
9211
1754
3964
367
1113
413
9963
6164
2104
9149
4291
6024
4663
1675
6296
2301
9809
7933
9094
8001
2531
1818
3220
6281
1644
9227
7566
6097
4197
8578
3024
3191
6546
8293
8367
4637
8861
8834
1479
4044
2112
3262
8220
1994
8614
7789
2291
6137
5467
4822
7740
7942
148
5486
2201
2373
9957
95
3115
7854
6878
2382
181
7017
8474
5290
8565
7714
7579
4604
9621
8212
6433
3281
5259
1974
7551
5095
1762
4393
3713
5865
5958
5878
6607
2264
3436
781
6815
5183
5195
3930
1947
2862
8781
7818
4126
697
1174
6654
120
3597
2961
6288
2375
20
3235
4658
6174
8509
5465
6833
6125
4413
6204
6983
8575
6403
8678
6359
3873
1907
1039
7098
2985
7097
673
7594
7067
336
2212
3226
436
1546
6954
396
1786
5862
6653
453
6758
8900
3658
3536
7403
2572
351
8111
1380
7718
5990
1966
4899
3232
9723
1650
5508
4092
2298
7423
2044
2398
4897
1846
322
7576
705
4271
7657
5388
7902
6750
9905
1937
6158
4310
1750
7832
7137
8468
4867
9297
5940
2094
6254
4107
2280
6008
4779
5663
3245
9576
3728
7665
8327
664
2337
7449
5656
2754
87
4237
6659
2167
6598
5720
2724
5052
9023
6757
2907
7892
3050
6842
9897
2776
996
1984
9644
9582
3577
1533
1496
4412
8295
5302
7571
3535
8379
2851
7009
629
6667
7673
3122
1988
4864
6183
3837
2741
9363
3551
6045
965
4551
3096
8139
29
5931
2323
7174
4176
6520
2626
1071
8232
5520
4201
6350
5108
1293
6846
9596
4347
4048
5917
8383
1030
6378
4600
3846
2624
4359
3143
9589
9774
9684
379
6146
2580
6695
2018
4395
8821
4533
9281
4954
6609
2490
7735
2485
2560
2945
5753
8791
5806
7381
7044
9882
2267
9024
2439
8029
3412
9617
2074
1798
3487
1647
2424
8569
4083
1552
6791
9704
2954
357
3229
598
5747
8482
1773
4169
896
2224
3324
7618
2341
5715
481
9663
2363
1081
7776
3088
6762
4702
883
7362
3184
6257
8766
8346
2738
7337
9619
2913
9366
8297
9083
3619
2877
3595
3781
7144
9868
1939
2827
3004
2517
7455
6344
5504
212
3040
7384
2843
2329
5061
6786
2543
3969
4691
151
8842
225
3788
5902
5761
3986
2113
9385
7409
2097
5187
5176
906
26
5790
5709
8337
543
7973
465
786
5841
6037
3160
4888
2668
3211
1183
4634
8404
1601
6039
8552
5994
1194
2973
7651
7771
5923
4695
5864
7578
7442
478
8979
9789
571
2574
3362
7602
3490
2732
5424
6930
3113
7968
1581
9458
5759
8285
3948
6085
9999
8765
8493
2176
8445
1649
1203
9265
4900
7633
831
5766
2348
3604
6729
3971
6713
4666
1443
4101
7189
8533
1696
744
8315
4598
9437
8090
8612
3578
3087
4715
2144
8447
8339
9047
5074
8914
2109
1953
1088
2255
6205
4504
8574
6027
3400
3512
5249
5340
2863
2774
3246
5065
4801
8926
5762
7208
8117
415
8957
3863
6901
8319
9378
205
4887
6302
5045
121
4022
6935
8148
7903
1162
1327
2163
454
3583
9357
9256
5057
5156
8891
5692
6682
8852
2115
4540
1523
5093
7338
3188
4690
3141
8688
3730
5832
6139
5711
2195
5952
4804
7450
8771
5223
2571
6808
7841
596
8681
1549
8983
8477
457
348
6473
8672
4166
2489
8114
58
6226
8635
2743
4789
7264
8298
9985
8102
6000
3078
1617
8628
9115
5113
5600
5435
9262
3367
4738
2619
5809
9997
4065
2007
4859
9650
5700
7349
1829
976
2994
2218
4819
1651
1478
8246
8996
3772
6107
5110
1177
2749
4753
8107
9881
4514
9817
3473
9586
3162
8048
2198
1219
5945
5373
4577
3943
7474
2092
8706
5084
4297
2081
1444
6450
3989
2284
5427
8387
8728
5475
1282
1578
2049
3721
3703
9249
5783
4285
961
8743
1262
342
748
289
9371
5463
8679
8566
2328
821
6413
964
6844
3737
8539
4128
5346
6661
9320
3707
5029
8464
9413
801
6198
3786
908
4594
2687
3768
2381
1551
5480
6872
597
7488
882
1900
7147
5323
1151
7230
8927
7376
1241
3524
2245
4180
573
2631
5414
4844
8736
9993
3701
6314
8278
2748
2578
9782
762
1164
6608
1815
3915
3119
7935
4703
9464
3980
2908
484
4765
6692
9824
8530
3810
7033
5665
5174
2719
2277
6931
1368
8058
3852
6013
1221
6093
7682
6384
8870
5272
5071
3814
9989
4023
9155
422
5583
8478
9422
4317
9937
8659
5294
4460
6738
4870
879
280
8577
1695
8696
2370
5934
7363
3413
5913
6511
1253
4315
236
1298
1912
2448
356
1801
4386
7785
9477
9752
6746
3499
1562
9625
6043
1244
4447
9137
5748
4627
7300
4619
9667
4595
8956
3507
6868
9565
5206
7186
7683
8120
9173
6512
4834
1887
9627
6184
1142
1637
6439
8028
4581
3427
4838
3754
8545
6937
5844
4626
7758
2064
4409
6462
341
7606
9010
7428
6670
3409
1920
7247
2616
773
169
888
7869
8831
4084
4919
4470
6133
8537
1537
1556
5490
9567
407
8035
8615
3470
3382
6819
4557
234
4923
8576
7229
3633
7659
7969
3383
9871
194
3990
653
8617
3347
1933
5275
9466
1237
5178
3187
49
1850
9323
5327
5847
2832
9869
776
8281
3847
849
8418
5969
76
3844
5032
8739
2533
1148
523
5767
3327
4802
1040
7437
9805
6163
4011
8044
7793
6351
6748
292
9733
4369
3207
3494
3500
1211
1270
9041
8767
8881
5038
5102
792
3834
2740
3719
7867
6699
5930
9675
3880
1354
8880
5664
3926
2236
5429
4365
8361
2431
3543
5875
6123
9279
7492
1520
4077
4560
2911
9387
7965
3828
1210
3304
2324
9932
6686
3009
3157
9060
7858
1393
8057
3835
3393
9174
6690
6270
8038
6059
9523
9942
532
8385
1056
2703
2425
4737
8475
4003
3395
8260
490
499
5371
7565
1684
8991
837
1046
8757
4522
6832
1544
9970
8811
9883
764
5013
1979
6200
6605
1763
9812
5628
4516
8772
4807
3250
7245
8520
3932
6222
7539
8279
3422
494
2787
3037
4817
3527
9427
2510
9315
2209
586
6743
6014
545
4798
3025
9277
1504
2612
7613
5376
954
5008
8689
988
7798
3137
1218
4
5565
3504
5863
3959
326
6507
4609
4217
6025
4269
7192
3717
7463
4060
313
8122
8426
1359
9210
2540
116
863
7519
8088
8828
3048
1803
5814
9153
3251
3323
2938
8680
7023
4886
1568
5659
6452
408
1731
7281
1931
1600
2202
4350
2157
3542
3706
8235
1441
1004
1440
8256
530
9219
3431
3753
1521
620
4515
1103
3692
7001
3055
9354
9637
899
9129
5511
9870
935
6385
4124
1868
639
5522
1229
80
7469
7076
8138
4387
3118
3962
2138
7271
9169
3734
5988
3329
430
7167
3649
7140
6852
1141
2857
2592
8976
4830
8280
8571
8860
1924
2760
7627
8331
7084
6101
2017
7516
5670
2831
8450
3756
4266
6678
3615
5237
6945
7352
6466
1705
3185
9165
9649
929
6848
4513
7295
4969
8486
2225
8607
9671
550
4891
8714
7069
5704
2346
5416
482
8015
9825
5899
1026
7445
8147
4183
4294
7645
7129
1074
7630
7078
4768
1942
4253
4407
3909
2228
2561
9848
7227
7584
9233
5330
6387
5708
2867
1165
3983
7661
7610
7770
756
2290
2219
2078
1547
8611
4730
3782
6568
749
7400
7587
5598
9175
9959
4890
5017
6297
3195
3233
6814
7099
5469
6920
1059
8399
7397
7092
3459
9097
5829
8091
1292
8227
2770
7568
6141
7534
2835
5947
7891
8340
1668
437
8176
9261
1487
5653
375
3171
5828
7313
7537
7100
6410
4087
47
3299
6372
7183
3720
7629
6408
6449
4160
8402
8307
9816
5157
6874
9075
8309
2981
3816
1025
3872
4531
1503
5451
9660
1228
3950
8531
2539
1950
7750
1983
248
686
5208
5411
8218
2021
1160
3784
7107
9100
1049
2629
9361
1978
8762
3227
9159
2178
1996
6672
376
2190
4321
5549
9550
6973
1012
9549
5736
8904
6851
9091
3723
8272
2557
9352
2330
5513
8294
1862
975
4541
6211
6560
9163
6003
1898
7172
1149
2207
8353
230
7780
9077
9364
3196
7350
2220
8741
8018
7734
2890
5611
5835
621
9971
1952
9029
8047
9259
6988
3830
3460
2071
1604
2915
2593
8311
8984
9140
9080
5397
6073
5277
154
8037
4907
7924
3222
9131
7028
7386
8563
4152
1408
5241
3606
9251
824
397
9877
8878
3656
264
5647
5534
5239
5246
2661
8817
7801
4232
6036
9878
6033
4109
8300
8735
736
1895
9709
5004
2395
2834
8491
1579
2978
9561
2600
7980
6094
9536
5624
5134
9151
3580
7197
920
5405
1908
6118
6594
3562
1879
2909
4218
448
4019
9890
4670
1852
8884
64
7280
7900
583
8557
2515
3407
6770
4284
7493
4724
7321
7799
798
1180
2550
504
5777
2541
6949
3925
4597
3326
4614
8209
4240
3263
8929
6260
684
14
5916
785
937
5979
7233
9229
9926
2772
1027
4290
62
6752
5729
8449
8740
4292
1266
8110
8363
3517
1136
161
391
9668
4519
9758
1736
4206
3698
4450
6877
6885
7063
5634
3270
9039
4443
6423
3573
5434
3795
4015
1654
9055
9562
3676
7283
7424
4767
1921
1744
9603
999
1333
3503
498
1748
285
743
2746
3820
7038
566
7476
2325
7912
61
6904
7845
4316
8062
2148
7075
7387
1486
6941
7680
129
4336
1320
388
2676
8653
5213
9133
622
7070
2232
2716
9533
751
9476
5780
7220
8918
9598
4792
7670
3871
7953
4241
4257
7905
4661
9912
5857
3519
1278
6283
2216
9090
9657
7077
3938
2455
6697
9602
4723
5070
5792
5359
1667
3261
6324
4115
3442
1738
1272
9515
7341
4341
8264
59
1402
277
5816
4669
8021
418
3421
8027
5590
6237
8266
7813
3556
6099
3704
3992
6802
6363
4947
1776
7887
4520
473
4129
7395
3221
7294
4211
6716
3901
5333
626
2708
4532
8368
6919
1089
4199
7102
9068
5852
701
8313
2450
5209
7745
5100
8864
9711
561
4268
9858
9750
3966
5867
592
1082
8718
288
503
7898
9429
4483
718
8992
8135
2350
6727
6660
3163
1179
8461
3155
1919
6530
1790
9307
6886
2043
4811
8274
2122
7311
666
9628
8397
3446
1021
3805
7414
4085
7372
9113
9008
2142
4852
3953
4502
6370
2187
3364
8465
6611
3644
7293
1176
6630
1465
816
2435
7440
172
3891
1480
6818
4207
4308
8172
5506
5443
2642
4190
941
6454
6742
8153
909
2864
1725
2681
4638
5117
6321
4399
8754
4440
209
778
6701
8816
7502
5619
4572
7624
9242
8848
3038
5722
823
746
2200
774
8408
8938
707
4643
7922
9487
9713
6170
7367
6756
6399
2765
5172
8378
4036
1772
623
5884
8999
7960
7545
9638
1554
4061
895
9393
637
88
5301
5702
2656
4603
2040
2263
3318
5694
3465
5456
4069
9362
3112
401
4403
2447
2775
4111
7109
6622
7056
4416
3332
374
5688
6172
2022
567
1220
2904
7157
2429
7223
8776
8708
8523
2921
4605
4343
9776
1421
9980
3566
2795
431
3388
9906
6441
7018
9929
9579
1331
5326
1722
7236
4452
5055
9580
1063
178
9811
7646
8457
6147
4245
9618
6479
9727
808
5236
3336
8430
2257
570
9099
7886
7364
7378
3886
526
2583
372
1007
1077
8866
1087
467
3107
3128
7917
5567
1132
31
8338
8633
6487
2513
3985
4446
9853
2903
2926
7713
1099
6909
56
8310
4503
7304
7159
8584
5615
9313
2295
8977
9865
7600
2326
5049
9187
9167
3416
9581
8763
6459
1310
6950
8603
872
7873
5713
6465
8619
9478
8333
4200
421
672
2929
7089
1529
7866
5252
9995
9328
6669
3247
5354
2231
2997
7748
8080
4608
868
7669
9465
8186
603
1122
6503
3774
2288
5599
5365
9696
3464
9138
9954
2870
2434
6335
1955
9672
8173
7871
6541
5801
9507
3937
1439
6162
7464
7607
634
6792
2105
7138
9950
7612
3279
3399
1008
6706
646
8898
6448
6301
6096
5215
2253
1613
7919
4770
3076
4790
9986
694
8598
7641
1530
6665
1413
5247
3653
1301
5471
5454
5895
7415
9460
3007
8317
2331
1951
7656
9087
8189
8882
4561
529
3537
3952
6636
4949
5810
6206
9280
6926
8211
124
6798
5184
8693
7497
1053
1743
4848
838
5605
5305
9181
8661
1235
9527
2798
9401
966
5644
2075
2247
8650
1531
4396
6223
9071
1017
4650
2621
6038
452
2339
5141
1806
2514
3647
7253
1230
3661
1418
876
7824
4138
1125
4544
7095
8105
2116
6251
4327
3074
8150
5682
8359
9282
8174
8644
7777
186
6221
2170
43
4032
8874
546
2302
6087
8460
1114
8463
6438
7105
8824
3718
7448
8381
3298
3256
7169
1635
4332
5461
7273
534
4049
7289
3351
9559
3945
7251
3144
8954
7475
6166
8328
535
5817
881
4442
8702
8137
8810
6835
175
9857
5668
1239
549
3186
442
8416
9117
898
8908
8792
9984
663
6595
8993
8793
3908
1006
6215
9480
232
3946
3808
235
1837
5622
4662
5679
2778
6079
9164
6080
8056
3216
7559
6642
2137
7452
6264
7328
7703
6565
6135
3712
9676
3621
9506
9520
8742
9975
575
4547
4740
4352
2032
9917
427
8503
2001
926
4570
8712
5028
8160
6233
3798
5355
703
3154
1841
6979
3804
5976
4376
2394
9504
8158
4920
2482
2698
3739
6720
7975
7178
1185
5972
1771
7339
7982
6269
3469
960
7930
1034
36
2136
4932
710
4432
9101
4177
9850
4250
9590
4486
6794
6072
515
4041
6589
5336
6100
542
2249
2088
850
9317
1721
3094
4229
9367
9577
9555
8207
3545
1830
9102
9647
6229
8930
6121
333
7005
3522
1660
8471
9987
3957
7351
9424
2596
5750
5462
5960
919
9191
4710
7301
2106
9136
4098
3450
4233
9614
3403
9098
6284
9983
4959
470
6760
8077
4243
4655
6443
1509
5268
5874
1447
3550
1894
6151
7931
3906
6246
3391
925
9739
8892
9228
328
370
8224
1475
4694
6723
6498
8304
6277
3467
3483
9887
6309
800
9085
5420
6859
1609
9927
3931
4774
7707
2880
5251
7022
3373
6624
6234
2354
1152
2892
3182
9494
8009
8382
1664
9525
8118
4349
7094
1542
9202
8524
21
8007
7626
4536
3839
5417
2308
1157
3581
3693
8208
5840
5430
5264
6171
1964
8133
2347
6596
1814
6051
7783
303
4982
7859
9783
5691
7303
9634
3958
3151
7479
7470
5169
4227
2893
125
8422
548
7471
727
2077
1707
6940
9519
1257
3888
1414
865
5571
5869
9435
8582
6691
6029
1105
1312
7486
1445
9977
7268
3066
2464
6313
1628
900
7536
3540
2159
2669
6268
1337
6258
4841
4810
1208
1593
4855
763
474
488
9802
4927
79
1224
5819
7815
1765
7741
7383
3629
3643
73
4372
2013
1234
3063
6058
1548
2998
68
2554
7863
2804
3903
5725
3189
3197
3461
4104
8662
2266
101
8594
9837
1746
392
642
7182
4074
7
7761
5871
9376
9286
6406
1383
8306
2734
3392
9154
7837
4705
5794
5164
4112
2031
279
4414
5541
449
6077
8169
9372
4571
7827
6105
739
7548
6849
3531
3212
8388
3884
4499
9653
5773
377
3571
1708
4018
1693
6856
8128
8025
150
7562
5014
1958
893
4865
9554
1140
2243
5037
7695
4187
3205
1222
3623
2601
7118
4847
233
1274
7993
8636
2976
9925
228
425
5533
7582
6754
8290
8573
1010
8093
3801
3642
6574
5289
18
9486
3084
7716
1458
9645
4498
541
5161
3612
3747
3603
5795
8948
7728
246
5922
4148
5527
1662
962
5731
8141
9664
641
5167
5879
993
2426
6047
3455
5175
4592
3510
4096
2303
696
3099
7416
2380
8162
5126
4121
192
9308
4677
667
9084
4782
7266
1134
8798
4272
7778
177
8819
492
611
3780
6248
1346
6734
7546
4274
4924
7198
6873
3013
1263
5745
5410
6811
6519
9928
6915
5684
2762
656
8496
8143
152
750
299
3686
8923
9011
8588
5785
3302
8276
772
4539
579
4708
6365
7788
6643
9698
9434
3077
6888
782
4576
2599
9597
8142
1097
1309
9722
676
4287
5207
6732
3714
3008
9247
4433
3002
8790
874
6007
7791
8626
1409
450
7393
9557
7615
5097
3689
3890
3495
9319
9838
9630
6722
9510
7637
8872
8836
239
1607
836
2086
1717
755
4660
7888
3375
3180
1968
5423
8621
3449
6575
7963
3234
4339
2728
7715
6227
9306
8764
4518
1037
4904
3028
1728
3463
5402
6242
9355
537
9074
9916
2386
1834
282
5782
2552
7896
9624
9976
7889
5132
9383
843
3426
9786
7875
9076
4482
722
1925
5577
7299
9222
8855
3267
2399
462
516
6004
2154
771
2914
3582
4428
2899
3874
5984
8663
924
517
3414
8670
4278
2919
9070
7113
9063
9440
4857
4833
2194
5997
6996
6012
5621
4195
689
6470
5497
1335
5066
138
6632
2160
297
2384
5335
5378
3120
2623
1889
6566
5870
6585
6189
9285
5564
5603
5798
9979
2046
8592
7894
9934
8065
8987
189
7013
7417
890
1642
8674
1280
5313
4046
2721
7240
7141
5133
3161
9230
834
5154
3228
8905
4106
9855
7512
8116
4473
6467
2242
8223
4775
7468
1833
1419
6853
4678
6044
3695
7747
2441
555
6962
9092
1328
2080
7441
6523
6140
5242
3218
4456
9841
7688
9439
4722
6555
2887
1264
3176
7790
155
5139
715
8243
1563
3922
2005
8288
9268
5080
9725
7897
6680
2158
5091
8284
9005
183
4858
5144
6933
1397
1565
9558
6272
5168
9430
6128
6532
5980
6525
7964
5240
3975
8282
5479
559
9573
6533
8873
7101
5076
4408
7204
2478
6391
373
628
3485
1558
5652
901
8391
7020
8931
3346
8919
7754
768
6437
2769
82
5920
9483
8024
1066
7388
3035
9278
4956
6970
3005
2415
650
6964
6914
4764
1493
9204
2544
1585
9960
9482
4988
3036
5149
2662
3984
2359
4584
7958
6976
4469
5368
9949
8247
7007
3530
5027
5006
1663
2532
682
1871
7521
2830
9042
1683
8890
1634
8226
9608
7462
9884
8016
7413
3061
1252
1462
5521
8225
2891
5989
130
4039
7307
6201
4086
291
8687
4122
6469
7250
3100
4212
6771
1809
4996
5803
685
5796
1588
4174
877
2720
4701
5271
2555
3677
6194
527
5853
8487
2785
7711
905
617
2010
1845
8495
3003
270
3792
3086
7202
4004
5896
4697
4139
2162
5918
8180
7419
8924
4687
5180
2241
3744
4300
5317
7717
7699
8756
8106
4475
4621
6084
602
5561
4831
5263
4986
6751
5205
7004
4866
7977
2248
4422
3217
1835
2437
5375
6709
2034
2936
6702
7323
3044
7639
3437
5474
7356
4734
2711
1706
4709
1055
2504
9889
7154
8640
3610
9396
2932
9141
4606
1196
6409
4075
4461
9108
687
2270
3126
4706
4216
8645
6545
1297
2484
4059
2812
6990
5629
9879
5199
3133
2655
7119
1275
106
3241
6057
8745
2839
6943
2990
3017
8301
1633
5586
742
6620
6640
1917
1682
2315
66
8119
8242
4546
293
3569
8320
7206
1583
5675
2750
716
4276
2942
7938
1404
7055
6382
7284
8401
1488
7895
4952
7210
1855
378
9787
2609
8885
2060
9171
8946
5701
5560
724
5553
4840
7274
5641
615
6142
8268
1338
60
5838
4203
7765
6244
1807
3748
9032
7500
8437
8733
2364
7710
1566
8193
4569
2477
6134
6663
5034
2666
2313
691
8115
4355
4554
5267
9731
3493
6392
4493
4575
3715
4170
6444
9543
6150
5705
7374
5227
7396
6447
5380
9107
6737
2757
414
7234
3497
1265
9606
627
6210
7114
9093
7265
410
9780
429
7106
2858
695
8396
8064
9471
9438
1861
7995
4893
8775
6870
3204
4760
2856
3116
4832
8369
7625
8978
13
3249
2151
4524
122
7149
2349
8758
8479
4839
9302
7972
8734
9754
6472
2089
2293
6132
7962
6516
719
8360
8004
4050
5582
6290
3031
6086
1999
910
3167
1757
1018
4484
9358
4165
9128
2065
5019
3807
3385
9538
7937
9873
3767
5981
3936
2815
4741
8803
5531
2972
5318
7951
5868
6499
8444
2650
5833
4647
176
8508
5593
2453
1666
6156
7622
9345
9330
8596
8145
8483
8270
2403
3173
2438
797
7948
346
6429
6496
3266
990
8203
6071
1470
7628
493
2588
655
8123
3130
7860
8132
5248
1325
1187
6368
3625
5137
3354
7557
7708
5524
2777
7994
547
7187
2
1853
2385
862
4464
9904
7324
9532
7850
6427
5119
5226
3572
9184
9863
1460
1702
9938
8344
8032
6495
7702
4825
134
3840
9769
1277
5288
7334
4963
1155
3307
9172
8950
6001
8955
616
507
1901
6958
7769
7550
4961
9223
7810
2400
9416
3405
8380
1605
2063
249
433
4185
2868
8086
460
323
1356
7705
162
8909
8136
2542
8755
2436
5197
7277
1482
528
7723
4182
1755
512
8833
4559
6648
4800
8094
6905
2586
6028
4776
3913
9534
9814
1699
6572
6446
2123
7459
1938
5756
784
6303
1990
2658
298
2786
7999
8126
1231
2581
1623
4260
1435
9473
2764
8427
2051
8800
6567
3911
8178
1659
2418
2594
3850
2327
8238
9244
9735
9017
5823
688
9746
2865
6343
9726
9344
5494
5950
3652
6383
2188
9194
2577
9535
6175
2597
1594
2312
6114
8660
3269
8415
4680
140
4509
7974
804
7504
5452
5728
1469
9127
8050
4908
5797
1823
4671
7955
8528
1070
7080
1000
3740
4302
6635
4306
3291
7370
8895
5439
3240
8600
8551
2289
2030
7410
7365
8292
2920
8945
6407
1373
3457
475
4735
9844
4525
7353
5712
42
3553
5124
8213
89
6827
1202
9270
775
7340
2406
6687
4720
5601
6089
6884
7690
1616
6213
5107
7326
7082
4549
1390
4155
6339
3928
9955
8901
1279
8894
5689
6837
9221
91
9340
6531
2659
3396
8965
4758
57
3773
706
5655
6524
7725
4914
514
1804
2090
4153
8752
3851
393
1768
3765
7868
3223
2634
6704
5047
1432
539
3858
7460
7065
2410
9946
1922
90
5128
1592
5633
6041
652
6684
4261
3634
3231
7002
5075
5201
213
85
5551
6489
8192
8893
2461
4508
4457
3138
8195
7621
6273
3749
2427
5303
5418
9205
5343
4993
1545
4925
4728
2268
511
8794
9539
2402
8759
7541
2836
5482
828
7664
2004
5120
4259
4578
9781
4928
7861
7086
3069
7239
1143
1596
468
7494
635
3680
3322
9044
2407
5436
5654
3394
157
2838
1364
2140
5904
844
7528
1427
4057
8777
4795
753
6685
9273
487
5293
6225
9742
1905
8859
1476
1303
8490
2683
369
311
9894
2459
3146
2033
1484
9792
5044
5911
1054
525
1098
8061
3174
8417
4014
3939
2654
3142
1580
6916
5191
361
8774
7454
9898
8705
4946
6490
9669
6855
3761
2950
6285
1849
2952
2465
3887
1991
1248
9126
8995
6854
7190
6291
9845
3029
7726
6679
698
9854
8609
4853
5563
3153
9088
5245
5216
2251
7757
6936
9896
2491
8789
1100
3492
7926
7123
7505
1315
9609
4279
9225
7406
2454
8332
7108
3699
1963
5274
1525
5155
754
2567
4721
4698
5228
4082
1711
6522
6468
791
6902
6298
3420
5282
1371
1517
9918
3848
6508
1267
3935
7737
6689
6606
3564
6806
5929
1679
1057
6862
9142
1805
8676
8433
9380
8695
2000
7072
2535
8814
9292
6843
1828
4814
9715
5321
3889
4881
1043
3199
6745
5608
486
2696
1387
491
916
256
2056
3775
5635
1170
3301
1501
2261
6551
1538
6513
6232
9803
7508
7879
276
4682
8564
5150
7957
7285
955
5295
8846
1516
2680
3868
9913
7426
5131
5020
524
4441
5096
4960
1840
1603
8963
5347
8271
4745
307
7616
4970
4812
6543
4718
5822
9835
5307
1319
3691
8685
2566
3423
4334
6764
4445
7207
3907
8041
2493
2070
9766
8613
5861
7795
9499
827
2087
5625
7046
3020
7148
2963
1618
1109
1697
4777
1127
241
647
5512
7666
6863
4248
7438
5781
4146
1824
4198
4366
5617
6968
8472
7830
1774
6875
7314
4588
6271
6050
4346
6992
1139
6386
3743
1899
6300
9177
3766
2590
8664
6367
9594
6311
1615
2958
6576
1652
5363
2189
3101
4007
1316
6492
6518
7772
3435
2846
2894
4788
5646
6486
7756
3511
2487
8003
7991
4405
6148
1259
1073
5683
4374
5041
7946
7373
9212
9122
4512
9193
8732
7620
5562
39
5612
638
3934
4089
9235
8432
211
3568
9255
6185
3501
5051
4147
5941
8289
6357
7744
2321
4202
6481
2756
4842
5776
5686
8934
8082
8751
9941
8419
2803
6203
9876
4034
3325
1961
3453
1024
1560
3486
7797
8835
6334
4851
2223
5846
5604
8587
3337
1595
7506
1184
2479
3617
5398
3033
4222
4992
1897
4429
5030
9944
794
8602
7738
519
4601
2608
9516
8784
9636
9067
7572
4648
1718
168
5580
6625
7663
2519
1
4210
8097
2638
6394
4144
3833
4685
7461
9493
6688
6196
2419
2953
2808
8704
2956
3043
5488
4791
3236
7592
1250
4535
9057
7184
6668
1318
8845
5765
8376
9116
5900
3177
4530
4716
5116
9433
9374
5146
5181
5426
780
6612
4754
1733
5304
7408
9991
188
4783
8476
3022
8011
8971
8721
4380
4623
2516
1992
7064
7054
5667
6841
3480
8335
554
2472
731
809
83
5016
3434
7111
9591
8255
7949
4265
5042
8731
6621
6329
6535
7359
6628
2481
5992
729
8063
3352
1466
2084
1680
9443
8936
9778
5115
314
3857
7522
2607
8286
6717
6763
5358
4689
500
6056
6615
6644
759
2576
9260
3589
3051
2964
3330
6942
510
335
508
6838
3406
2421
2278
8691
8746
7482
6217
6376
5389
518
8230
5932
968
1107
6106
5396
699
2387
9779
3398
1848
1461
4733
6776
1608
1967
3592
3702
7876
5662
217
8241
3882
3716
1690
5676
4313
1195
5054
287
7985
1216
5673
5341
7730
8400
7485
6944
2889
5554
1893
5887
9337
7836
5830
2684
4047
9166
9569
9335
9767
8074
9052
8768
2166
9763
2527
6048
1715
7036
2433
8820
9271
3896
7346
2689
1598
458
9445
6755
2229
7407
2993
7518
4472
5966
262
9632
7538
1599
3910
6656
2823
6726
8605
4644
9895
5188
6845
3806
4451
1949
675
8112
4401
2767
1108
3687
9377
4053
2679
9349
7453
1495
2372
7193
859
1813
8932
104
1932
7822
9633
2678
1657
9348
5173
6993
6262
3275
4490
4545
2309
6549
7226
5422
7828
1526
8358
8043
8228
7402
1971
81
6178
2641
1085
6341
6677
4579
5927
443
8129
946
265
9903
4785
32
2755
3479
3312
330
2311
8783
1819
6434
803
8642
8806
7181
1787
8512
136
3557
9081
4444
4417
9192
6191
7990
9678
5507
2073
6810
6103
7853
912
9432
9818
2726
9697
6711
7636
4434
3353
2114
4505
163
6708
5325
2374
8229
1167
5231
9012
451
7179
7647
3134
7527
5170
2670
6305
4589
9054
2471
4636
4835
7041
842
7336
1198
4665
7523
4895
7132
766
7282
9104
8511
5257
34
720
3607
7694
5278
5697
2559
9295
5555
9314
6652
7171
4938
1472
5804
3970
5516
6955
6999
8036
5458
7667
4311
4951
8665
3491
2674
915
8744
7862
7059
683
2518
1674
4836
8113
7581
2562
3175
7786
4150
4208
8002
2292
7275
7934
1352
7150
1299
7689
861
1449
8249
7425
4999
7652
726
1396
3757
7043
1678
6715
4005
9694
4064
2199
587
8456
7509
1491
1423
6658
1692
8040
2625
2706
8060
9770
585
4026
2009
9732
4894
7825
4593
8902
5503
2320
3853
7430
7310
6224
8868
9446
2886
7371
4012
4159
2235
4688
3905
3735
9517
2072
6946
6655
7125
6461
9289
8717
7784
1050
4056
3902
193
5642
3591
9682
2792
4215
5232
6337
5344
7643
5556
9613
576
1246
4325
8822
5626
4280
730
8649
8240
4906
7177
1068
3579
7058
8826
4421
4686
8053
3697
6247
3785
9982
4882
7344
812
9360
5939
9257
6880
6326
2440
4344
1557
338
9495
4406
8737
3762
9958
9969
9489
1394
839
2934
944
8935
2622
9784
7143
5548
2709
2150
2906
1247
9121
8083
4743
2128
1576
5483
5379
5740
9475
4213
7439
4526
9197
6994
5815
2016
9384
3378
208
2553
4013
2287
8707
692
1543
7048
757
2203
355
4751
258
3285
269
6671
5827
220
9795
3558
7342
6871
5574
118
3070
1035
2602
9635
5755
113
8322
2591
216
9456
7558
1655
1700
6869
8354
6068
3778
5069
9402
2486
2085
8355
2966
4958
4496
5372
614
4137
7361
9566
9178
8947
9248
6276
5537
9237
7697
7774
334
2520
8840
4288
4878
5412
2147
2928
8910
7037
2524
6364
4425
2854
2897
2130
40
8801
1756
9462
7577
7749
5441
8536
5136
6913
3919
6939
365
3424
9564
1416
6610
6218
2620
8308
5935
8073
3831
633
3614
8830
6199
349
2697
8961
5707
9875
2483
8722
1638
2008
3710
1522
4076
5122
6971
7939
8428
1513
9607
2146
4132
6190
3894
2980
1934
4143
5636
2878
7121
2110
5680
6602
4423
1305
2391
1398
9356
1217
8206
1528
3358
7947
416
6292
9528
4911
2214
3576
2937
6342
358
2378
2855
8841
4379
1381
1209
5581
3529
497
5971
1555
3010
7394
1783
5851
5478
5492
1745
2246
9518
7166
9381
2941
2715
2050
1792
866
2048
8544
7096
8639
2463
6294
5053
8480
8623
6464
3286
7237
832
5048
3787
9455
227
7634
4361
3021
1956
6903
7484
7821
4780
3803
5459
885
544
7205
1065
9275
7490
4114
7580
7794
2215
2180
5909
8656
7287
9105
7039
2108
3678
6416
463
2883
6005
6256
203
1011
1269
2068
4273
9707
8779
3584
8921
8287
7034
897
1732
9584
9716
8296
9467
195
6348
7906
8804
8973
5739
9056
9570
2168
9571
1883
8470
4322
495
2649
5894
1240
6483
300
5749
3093
2272
5545
6307
9721
4528
864
9215
3243
981
4613
9859
7543
1914
381
3342
6088
3284
4749
8838
7152
2282
5650
7928
6953
2506
7010
2584
5954
7003
6673
1621
6332
5942
2521
2422
3631
6972
8504
9719
5985
7567
2879
3681
6082
3638
238
8844
5938
8499
8411
6066
3651
2991
2260
1405
1223
9930
734
9002
2037
4766
4641
5399
4097
1147
9892
9461
2371
9073
8467
4868
6124
3700
8453
112
5956
4620
1451
9179
5690
8343
3219
9688
1825
793
3019
1200
4553
4323
9199
9274
9575
4815
1906
2389
2692
2779
1232
2179
9373
8760
4105
1769
4880
9611
9143
8738
22
6799
6049
7221
2988
3533
1084
8982
7844
3993
403
4664
678
2496
8190
6187
438
6564
657
9793
9408
6235
1363
6026
9474
447
9392
2082
9252
9691
959
6216
263
3973
6534
9705
4563
5364
9501
2238
7006
167
5559
3274
3895
477
7668
1986
6188
7333
6934
5062
7807
3620
4286
8507
8549
1864
240
643
9239
5202
4002
7941
3410
8709
2156
2377
8519
1307
3944
3941
3506
1729
5536
7733
8514
2725
2205
2445
5614
9791
7214
2967
6052
8055
769
111
4263
5995
3725
2413
8933
4748
9772
4558
8912
7914
4772
4062
1002
180
6766
123
8747
802
5943
6809
5967
3657
5579
7704
7427
1401
1962
4093
1323
8960
3147
7085
9322
6736
8897
253
50
5630
4799
1761
2916
7870
2131
2789
8944
3110
5135
661
2254
9922
3476
5489
6867
3954
4293
8865
9965
5764
6924
7603
3208
8366
8805
5309
5983
3726
5151
9615
2221
247
8405
2563
618
257
3575
4654
6477
6046
8604
6353
3023
3000
5585
7515
6898
6521
9048
1767
1954
7368
8558
2501
1764
6767
5440
4242
7308
2469
3605
387
259
7782
943
3170
854
3843
2234
4934
1452
4000
8042
4596
5613
6021
5315
2145
3827
8666
1189
8883
8200
2717
6320
1930
1351
1648
9224
1685
6987
829
30
2551
9266
593
2643
7823
221
4922
8277
601
5035
5741
3193
1857
9331
3912
4497
3881
3237
1453
5189
2361
6299
9287
7317
880
5112
4024
4385
1800
7219
795
6504
7766
6997
7053
8269
2192
2931
6006
4402
5723
5974
2826
3443
8439
6435
8974
8188
8554
5897
4071
10000
7401
3297
6126
1569
2796
5730
9253
9583
7335
7260
420
9547
1602
2342
8403
1135
7422
3974
3968
3202
9670
5431
3481
4793
4283
7042
5678
8911
5525
1258
9849
7812
9203
2314
1989
7162
4091
5632
5493
117
8590
967
9836
4178
9911
6063
2169
3032
6822
1425
6390
4430
4392
5963
8941
606
3673
1935
1243
6775
471
7679
3521
4394
5064
7110
9299
100
5040
2605
9082
9078
7160
4659
927
9693
8261
2118
4391
7678
3594
7124
7996
2558
5253
1336
980
8357
6599
9820
143
7379
6149
156
4156
434
5568
1124
5089
1288
4820
5919
6981
2019
8054
8386
7199
4511
1854
787
284
4390
2848
2727
3845
400
7611
4587
4360
9728
6289
3402
9588
2352
6542
1214
9185
2773
1334
5763
1321
466
4329
7120
324
5637
6328
6405
4099
9492
7911
6587
4281
469
2529
6861
819
7194
2317
1794
9036
6812
6882
3271
2171
8452
3685
9341
5937
9680
1023
9990
1067
884
3822
3194
7498
3295
7706
3897
7731
8473
4726
242
2987
7478
5519
2957
2041
4161
4142
6601
815
252
1775
3940
8421
4492
6694
2100
5998
3214
3570
8502
1975
8949
1785
7507
8374
1730
7473
2498
5699
4116
6825
1374
942
7330
7411
445
6095
94
5754
7945
275
6023
4856
5220
7672
1597
721
8953
3764
8541
5695
4037
2546
2401
8668
4331
6279
5455
8068
4043
8341
8005
4796
6074
1976
2850
3679
5457
6982
6421
4990
1970
4067
6721
8658
860
7635
4967
3544
767
1245
820
8163
1092
319
6209
1681
1727
1724
945
8540
9972
4140
1406
2652
8556
9276
4861
4640
6104
9452
659
6649
7279
7549
9593
9264
6761
1104
6176
3811
2861
7511
7563
160
5360
7588
3942
131
3627
7809
7642
9369
5319
7909
2103
5578
4977
5769
7332
932
4625
2979
1015
3596
4196
2239
207
1287
199
7816
9947
4236
3648
1550
309
315
4371
1888
578
9730
2819
6340
3976
6308
4948
6830
9146
5081
4010
5142
4778
4653
7720
9973
5681
5262
8345
2805
8796
7983
2379
2575
4617
2712
1847
3771
2262
3311
5166
6918
5973
4465
174
2392
8372
98
4035
1296
3987
1987
7943
8265
318
2611
4971
4845
4632
7561
441
6182
5951
9207
6275
1003
551
7553
818
1350
4318
9768
2310
9689
5672
6807
6035
9
6316
9556
4784
4828
4204
7739
1965
8825
4862
7751
6509
1306
8542
3132
3893
4303
3496
3083
405
8769
7907
1665
6986
8199
4258
7050
9526
995
2693
2842
1362
8951
8245
4978
345
4424
2604
1587
5714
1317
5447
7681
1515
1254
4889
921
2273
5543
5383
4674
4628
2845
982
2134
3273
2556
3560
102
9326
6765
4991
1760
3158
9656
5009
1118
343
7910
2470
3770
5211
2497
5171
2083
5717
1028
6788
2206
1866
6921
3045
4957
3727
5395
3317
3960
1365
2771
582
6879
6592
2645
198
6927
3085
9021
6505
5687
3355
5771
5528
8997
7881
3264
2306
2595
5569
7122
3736
9734
7161
7047
9066
5517
5270
6816
4194
6380
2714
1627
6453
5778
7155
5162
4131
55
521
9409
902
6208
1096
1169
3961
7573
9939
3683
3722
1110
3054
4761
6957
704
2502
6731
2468
6371
6744
4542
4224
4455
8513
3404
2466
8985
5026
7026
5338
5639
6582
3854
2011
1498
1859
6098
3030
4953
9490
6600
7759
464
8104
9760
3156
6514
3904
2999
5986
9043
5105
3809
7420
1709
2780
4586
222
4994
1896
7632
7014
5999
7168
7503
1511
3265
4521
5310
830
320
4335
210
9524
7103
6773
6681
1676
7045
1944
5357
119
5088
3468
350
1540
8144
6030
1869
4719
7130
3448
5337
2959
9321
496
3203
4918
4307
7320
2304
5813
9677
8046
16
740
9828
6318
383
4462
3080
2647
2922
5002
1928
2901
5677
5269
7834
5606
3799
8651
3458
8059
3121
5965
2015
4108
3372
8020
52
7597
3328
7925
7722
4437
2751
2023
5596
7589
4319
7732
9826
963
7981
1749
8263
9522
7434
7701
2416
3746
9004
8724
3310
4073
9666
5860
9162
8149
4860
9089
353
6054
93
6894
9502
3011
9736
4885
4309
190
1610
7081
7768
5298
126
3042
811
9135
2316
930
7913
5849
609
1467
6411
3696
4480
145
6116
6202
6312
8690
1672
9710
9375
2844
6890
5991
4021
700
6696
5186
97
761
3320
1391
4916
7040
9807
8425
1524
3159
4008
99
9058
7501
6938
8014
5910
2896
6415
7599
7145
2012
8967
4615
5751
78
8797
3769
1820
283
997
9703
2035
4312
8375
7456
9469
8966
8154
5696
3198
7466
7116
1471
4246
8069
9701
260
2362
4135
8233
2912
9447
7998
286
5056
3114
6445
679
1874
7693
2052
1892
7375
6336
9692
9263
2968
8394
2039
9673
745
4488
8843
2943
4794
5936
9388
9411
4239
3999
8127
2213
5352
114
2739
4821
4872
2853
8497
5743
6977
9755
8033
8972
2512
2505
969
4966
970
4871
5320
817
2344
3439
7496
417
3636
4162
9420
989
9403
6558
2895
3260
3292
2164
7614
2810
7327
9288
1286
789
6850
538
4941
3688
1719
9840
7390
5793
5450
1347
9030
3729
4173
201
9674
7851
6081
3929
5406
796
3585
2790
1723
3361
2799
3201
8424
7429
2871
8939
2358
1631
3682
7136
6896
4410
3821
2351
9022
3370
8159
3541
2523
1014
206
5280
6061
4449
439
649
8484
8851
2677
3067
3254
6570
2318
4282
3927
4816
1042
9661
2055
871
8726
4491
4029
3377
8155
758
9924
5210
957
63
875
3179
4238
6703
6287
5866
7224
5033
4568
5160
7653
54
7529
6892
3444
1138
2630
9291
7209
5623
2925
4940
3300
7000
3258
1168
2432
1821
5010
7709
752
949
9347
5944
8832
1197
6501
9545
4574
5544
2480
9351
1284
7932
2099
4979
971
4607
1677
2744
344
8184
7833
9646
74
4910
6241
3824
938
6304
2809
6735
8719
1360
2149
1412
1158
6952
141
7923
5086
1518
4141
4255
8237
4133
7117
7890
1392
9641
3826
5726
8152
8202
669
3593
8787
352
1913
6306
7297
6975
9643
3978
6559
4040
725
6700
6347
7256
4125
8275
9860
9717
8675
1572
3639
7591
936
557
3255
4219
7348
4935
255
3105
6418
8204
5217
6122
8886
6588
9450
4164
5342
9170
6506
7773
7596
5024
4635
1973
2332
4573
9662
6866
8030
3488
7228
3626
3125
1212
1206
5322
423
8362
5353
5850
9217
3294
9158
4063
8431
9829
5924
7331
6463
8521
5022
251
5324
8703
3433
2155
5129
6219
8323
5669
3489
428
5925
636
6793
2701
7029
368
9404
8782
5800
1625
9974
2900
8980
1788
6115
5196
1431
6110
7164
7146
9610
6062
7574
4942
8888
6908
2933
4330
2281
9134
4025
149
2783
3296
6397
3097
5464
6629
6974
6740
6528
1133
3523
2117
3711
747
28
2038
4892
2640
3145
6707
1429
9318
732
1670
7477
6710
7315
4582
737
3498
5770
6092
2782
2653
2467
711
6167
8699
1766
364
6120
1128
2704
1911
485
6557
911
2182
3674
7944
5552
5225
7654
9498
96
17
2423
5362
3758
2161
1856
2627
4454
4631
9551
4225
1464
6579
9267
8254
8634
6424
339
4193
6484
2451
7569
6266
7104
273
1688
6883
5791
5638
5651
4028
5472
9309
2522
9686
8217
2428
9183
8618
6069
8351
2297
8008
7436
4186
3817
8629
1166
3812
4362
4756
5153
1370
7296
2343
8384
3745
347
6741
5292
4411
8187
6153
7088
8407
48
1630
2930
5719
2356
7175
9587
7418
3339
9690
7057
7322
2534
3438
6157
6801
7796
3484
2824
5218
4675
952
1324
7472
540
