10000
8918
2600
8019
3104
6164
8260
9518
9484
6812
3596
159
9940
200
7490
3799
5407
1181
1831
7814
1748
9771
5760
3513
3557
5117
4522
1458
8056
6560
2935
8237
9148
9180
9169
9846
4360
6313
6108
6205
4164
4433
3139
2513
1602
7149
6327
5832
6633
5248
4483
2272
3153
5811
1431
3909
9786
863
5292
2374
5918
3391
3878
1710
9664
4084
9924
9548
1522
9043
2894
2964
9789
9021
3848
3942
5573
4300
5178
3609
5963
3893
8573
4746
6360
5416
1963
6574
141
5201
3460
2882
9851
920
3400
1907
4071
6182
6563
9268
9570
5650
7813
4739
1624
1799
3935
5421
1615
801
5738
5462
9843
6539
8090
6915
6466
7655
4503
5388
1531
5262
4514
1655
5086
3394
9642
6628
7709
6044
7100
129
8228
601
5236
3315
8548
9278
5074
4493
3355
5004
1175
3307
2826
6923
8934
2684
8628
520
80
3448
9684
5503
9332
9883
2788
1617
2398
7478
741
1854
2725
7745
6614
8154
4893
3143
6569
5557
8248
2328
1570
5661
5250
6985
6241
2038
6513
5856
3175
4186
3616
678
8379
3065
1314
3242
3079
1762
6322
6117
6104
4534
2323
4771
4031
9830
9053
6952
9709
7107
247
8708
4414
5115
2465
3919
4985
4630
250
901
1598
4996
4817
9808
1913
5225
3741
1233
3511
5424
378
489
663
6255
9529
6535
7284
6406
9057
2620
4693
9605
2179
8689
5629
5673
3931
9950
7477
9790
4352
3036
4395
6762
1366
2096
4045
4595
3379
2264
6262
9403
8484
4644
9829
645
9396
3449
3045
7080
4815
5101
6272
6304
2808
2835
3275
2168
3308
8122
8738
2476
8070
6273
9497
2427
1549
7792
5182
2998
6705
6929
3916
8035
7018
3488
9144
3452
6195
8325
6698
522
1737
6720
1025
5521
8848
2336
3093
70
5868
7580
8067
3192
194
2507
6417
7732
5018
7374
5362
4013
9981
3161
5753
354
2263
5630
998
95
3225
1204
770
686
3884
7852
3136
7463
1129
16
6135
9747
5389
3364
5903
7564
7183
9973
4965
728
1202
8377
1026
6297
8617
6441
3561
6485
5207
3516
6872
6677
2095
6139
3705
5715
865
7496
7912
6367
5543
189
7968
7291
7529
9066
1735
7272
2078
7930
4271
942
1811
3928
85
3149
1158
7906
2881
4014
1023
2217
9632
2432
7421
2802
9186
1806
3487
29
8958
8459
1105
2423
5668
3701
3805
2940
3221
383
8411
9970
8482
8654
9302
4917
1576
1633
5577
9480
9989
4825
2315
5719
7932
9233
6855
9388
7502
568
7993
1401
1261
5767
4556
5674
9062
2695
7845
3566
831
4679
5276
9293
5317
6267
1089
4113
3030
2037
3319
4434
3063
2194
9457
515
8896
3530
6188
5161
9770
1544
5065
4750
5476
1820
162
2518
7873
8131
8644
7124
6090
1660
4517
2422
5930
7497
4573
2767
537
9352
3934
2947
1473
6366
4335
5624
153
6954
5073
1032
7318
8469
3345
5580
5995
5600
2779
3716
1059
49
6118
9945
7895
2326
6306
8950
4269
5941
3167
4835
8668
6136
288
571
7938
6071
9979
9914
1518
2819
3773
5732
7285
6258
8270
18
8071
9394
3518
1259
7899
9378
9562
7504
5392
5391
8640
6536
7866
290
8301
3832
3297
7333
4830
8607
1420
4456
9208
3563
2356
7885
4666
4223
7934
1295
7241
6710
7052
4984
8580
8147
3025
7210
2834
4250
2249
4777
6826
8562
4425
6804
4356
8571
5009
484
84
5307
5581
4482
7600
369
8804
6130
6079
4709
3967
8774
339
9329
790
3655
2198
2377
7795
5593
5566
2750
6168
7909
2521
5226
7919
8055
9516
2093
1231
6519
6786
1942
8966
9493
8775
7986
5118
2778
8470
7711
4621
2321
5939
6189
9925
2022
9759
9045
2755
4727
3158
1491
4639
4654
5026
7988
2756
8118
610
561
9931
2849
2123
1262
3842
1103
3831
8194
2707
7965
4
7631
8101
2033
7174
4788
1068
5499
5513
1498
3059
8900
2577
6586
3555
3877
5196
3906
2074
6794
6905
8093
8729
5656
7871
5282
4910
746
9473
6618
9382
5314
9757
461
9384
7257
9301
4562
6167
1851
2288
8418
1329
6881
8858
1643
2455
235
3686
9578
8020
3327
8451
3241
9380
7034
5682
7066
5802
6903
6440
7013
5957
4107
9249
3407
3808
6582
2219
9296
619
6883
9245
3166
5704
4736
3047
8320
9173
4597
5431
5762
4586
8207
4700
3077
6422
3206
3969
1365
1217
206
8190
3354
9869
1904
5177
5929
1453
7412
7639
7881
4306
1467
8535
195
17
869
923
205
8948
6314
6011
8468
5047
3368
2951
1867
3425
4710
7075
7451
9735
2692
5975
5896
7289
4550
709
7160
3565
4394
504
2043
364
5663
6094
3309
2068
4355
7889
687
4218
9762
885
6650
6497
6886
98
933
7381
1354
8590
605
1608
7541
1443
1345
2359
5578
1465
2262
499
881
8063
5667
9265
1857
7287
2114
2417
9810
9371
4512
5952
8082
5818
9319
5280
7586
1717
9732
8911
9465
8478
3796
4884
4450
4346
455
4945
65
587
150
1188
1051
8715
4811
414
4178
6627
4316
5987
6225
5927
2223
4768
555
5886
6840
9420
7033
53
225
6254
3181
1558
1510
5779
4047
8726
8341
7985
7348
9079
4464
2797
7902
260
2694
3471
357
7369
6841
6605
3116
1739
1422
6763
3037
965
8210
3180
7236
5326
6546
7827
7575
6120
6428
5983
6354
1736
2672
7140
6760
3901
1008
2397
6808
2435
6507
616
4338
9312
7274
3794
2244
8244
3129
3406
9425
2309
5160
5030
3040
9290
6053
1045
7524
5222
4357
3431
3495
133
7330
5337
9794
6901
9158
3332
4358
2646
5536
1145
7083
3963
4145
157
2130
804
8104
2028
9987
2861
3528
4756
4854
4980
2613
3074
7628
475
4055
377
7042
173
9178
7047
7928
2567
2257
9314
9579
7141
4348
5726
4605
8314
7820
9490
4176
4899
6542
789
4767
1301
8591
6107
4705
6972
7534
7997
1727
1048
2689
9341
5253
2120
8203
7104
6309
110
1483
1267
6515
3753
5105
7966
9783
5415
6111
6218
847
6063
3350
6956
2331
351
8936
7696
7032
6813
4531
1772
2470
5773
344
6142
5432
5342
7328
7126
4696
9912
9784
2795
4065
4496
7480
5299
8193
5569
868
3353
4635
8139
1761
6483
3992
676
6576
2799
7788
7015
3012
4050
4525
2983
4043
916
9680
1455
1995
738
7357
5010
8563
436
4641
1171
295
3923
2922
358
5834
2378
713
193
5345
6723
5380
9315
5325
7585
2009
1639
2001
6024
5123
4682
4837
3758
314
5572
4637
9650
9274
2606
8211
1185
712
421
1536
411
1513
278
5548
2913
9012
5474
1703
857
3921
7297
2549
4015
3970
7879
1582
2115
1541
1998
924
1628
2982
7344
9026
3176
5373
782
1201
3086
6669
7235
4205
3649
6226
6995
3960
696
7277
7346
2228
1822
7360
8882
4593
4527
3776
7422
1088
7849
8788
3170
7339
9954
4070
3191
3792
1672
1302
6344
4758
4397
4291
8860
558
6018
1379
8498
9395
7505
6087
5154
611
3818
9345
7335
822
1846
1362
625
7145
4669
5175
8561
2670
5098
1099
5502
8727
8146
5588
4886
9788
8017
2088
4431
5087
9613
9686
3673
6529
9450
3340
5517
5990
7929
9865
3155
3356
6740
8015
3343
3190
7868
218
7345
4468
5187
1355
8153
6082
3680
2034
6015
417
2592
629
5764
1545
4317
1859
5848
2682
7956
6730
5803
3795
4393
6212
5113
2279
409
246
8946
8513
7531
2045
6893
941
5522
8145
5285
2478
7462
9349
2089
2872
2604
5357
5393
9300
7606
2705
8087
5234
2683
8747
2013
1223
9947
1435
4121
4721
7031
3271
6657
3285
2530
8298
7399
9481
4432
6554
4838
111
9046
6419
2316
6877
1072
418
3039
1182
5561
4895
179
5048
1572
4259
4546
4557
4806
3436
9343
8601
6785
1357
6423
873
307
5052
5425
1067
3788
3179
7371
4133
1425
4703
6674
3927
3977
1663
6289
4513
7933
9189
5401
7265
4551
4040
7681
4615
2593
366
2289
9545
2515
4656
5221
1957
6757
9181
2201
8696
2158
4321
5180
5782
886
3205
8110
443
6927
593
2172
2149
2952
1108
5134
8339
5884
4582
5364
4580
2061
1689
1606
851
1419
8991
6012
6936
3646
7177
6358
8367
9852
5246
8265
634
261
9455
6160
3647
1603
848
5241
5874
9848
9271
7923
4776
4757
3475
7776
285
8574
8658
5184
840
2087
5623
6370
9216
6429
6369
2493
1664
8904
8388
5512
4903
8616
5367
7747
2924
5648
7768
7084
5143
1649
3386
1691
305
8728
9505
5534
5859
7125
1798
7817
106
9230
9960
5291
362
6292
8647
2698
7469
7746
3824
3581
1085
9674
7029
9476
1266
9603
1790
1305
1106
7397
3634
2772
3802
4881
6439
662
5136
1711
8996
7136
4399
270
5229
6239
5799
6383
1981
4324
7584
2416
2792
3272
3661
1569
2489
8027
2485
8596
9147
5718
7406
1779
3306
6413
2341
6326
9581
1626
4946
6148
2086
5419
5846
3347
4135
2010
756
947
9916
4126
8853
3543
4449
9217
3008
5039
2551
3365
3876
1230
8241
7131
2145
8979
8960
9089
2782
8923
1326
8822
4619
3216
2812
4742
6293
8105
7204
1074
4100
6921
4670
2546
9501
6121
3078
507
8337
3157
6210
1902
9041
3467
4471
7926
3897
7679
9261
8692
9237
7566
4342
3457
2589
72
4489
824
8710
4948
8537
2975
9556
9911
955
3474
3659
5824
4139
5604
6916
1528
982
9915
9419
7264
5956
7476
6207
2199
8383
1337
8906
5585
683
8218
1141
8225
4094
4643
7194
9226
1143
5163
5895
1356
7880
1612
8041
3433
9870
4510
2099
2306
6381
7825
7736
1118
8132
8449
6782
8231
4447
9938
4871
8185
5404
7756
8196
5469
8844
4387
7805
2758
7616
4390
2554
301
3827
4195
8276
3421
9107
9565
2232
7298
7832
4301
978
6317
7043
7904
5606
3867
5530
9461
9589
4484
5210
3235
9003
7256
5809
3137
957
6004
3887
3785
3258
9631
3388
846
4814
7807
9691
2255
4794
9854
5108
8780
3771
4508
9197
8216
4376
4831
2976
2304
7450
2968
5842
2366
2796
5436
7392
4928
4599
6946
5807
3707
3269
7763
9886
398
8157
3187
9881
589
3769
6967
9090
286
2972
5005
2948
8554
1849
1966
2989
2813
1428
4320
1644
9498
2185
429
4982
6426
8054
183
8336
7142
3853
7379
2793
8143
8677
3586
9800
1865
8884
2512
7387
9934
1918
416
5068
1767
3622
4951
4410
4363
6870
1239
2681
6856
1404
2752
9489
8505
9663
8872
4216
1832
8184
7468
9447
2027
3740
4295
7941
8578
8306
2320
1029
5440
6281
6251
7351
2762
158
6610
3223
4198
9401
5209
4402
342
6953
1093
5531
1184
9768
5677
4561
3689
7659
8672
7683
5206
3972
8450
2890
7321
5940
3367
4970
6396
5056
1666
7221
1715
6644
9109
6772
7010
5796
8810
4185
1406
9669
6925
3562
6637
9813
937
7779
4336
8883
2375
3635
3413
5107
621
5923
89
9108
1728
3899
1482
8121
9902
5302
1542
6846
4251
9229
521
3743
3200
4351
793
7234
1096
6075
4596
635
4054
6969
8540
4463
6806
7025
7415
4056
8280
3326
1680
6502
6305
844
8800
4944
5189
5706
3679
5167
2641
7111
3147
1722
3234
3521
5042
1543
8593
7395
6475
4766
4448
1805
7423
3378
8785
5614
796
4304
8907
6667
2822
4438
9485
9224
4774
6686
9885
656
9620
3652
7552
4543
6594
347
3097
7982
5336
657
8604
2595
6658
4029
9802
7041
7876
2709
5400
5242
5063
1293
5176
6611
7434
2502
5006
6348
155
2396
1990
7458
9984
9711
6656
1273
4933
3903
7856
5631
9412
9307
1540
7101
8161
5892
6997
5951
798
9153
4037
754
3
7199
2619
228
2419
7268
3023
1874
6000
9659
4937
7097
506
6869
9067
598
7595
2283
425
4554
6055
9831
7979
4560
6202
2039
8245
2092
3691
5230
2079
2685
7170
7538
415
9951
6854
3022
1042
8426
6755
3373
1813
8327
4737
2404
8516
9894
3539
9626
5035
1091
3371
8186
6816
466
9720
550
8961
4964
8443
6125
3268
8144
6311
661
9286
4391
6197
8831
7373
9106
448
9157
3571
9128
8732
6444
3092
1634
721
4892
533
4022
1858
3980
2011
6648
6447
1546
6363
6231
8420
9507
5164
2381
8342
4908
9901
1090
4609
8531
4515
3604
6222
2420
9435
4341
2532
4828
3663
7295
9464
4309
3389
7614
264
4507
2261
3262
1777
7343
1877
3676
6702
3145
9179
2162
9577
1595
8169
7119
899
2662
1697
5634
4413
2346
4765
1399
9112
7577
3575
7006
3082
8311
8124
3791
919
8986
4981
8725
8180
3141
3034
8492
3019
3442
6103
1974
5838
8781
7611
8158
9118
312
3284
6184
9895
1497
8315
7700
7024
4076
8962
7984
3978
9074
9176
999
2859
4453
2697
5460
7385
5664
8000
6862
9566
4236
5835
2048
7507
2743
7019
1623
2226
468
3204
9878
8969
2557
4080
2238
6933
6783
42
2960
5946
4832
7307
5988
7242
1203
4105
4375
9310
6433
3301
182
3619
9521
3014
6389
7244
5772
9402
3675
8407
1037
685
3618
1060
2271
7237
1618
1750
6684
9929
1561
6522
9369
2312
9141
8278
1199
6758
3644
2942
5208
90
9696
4553
7014
3793
5428
9636
2166
8347
9839
5945
4540
9618
8138
7017
9014
3642
7812
3671
6986
8239
5904
8582
8704
10
6977
8656
2974
2319
9007
4570
2735
9842
4692
1657
9857
4225
3376
4716
9602
3837
2841
4210
1372
5888
8975
2663
3863
6286
5788
3559
3541
4675
2004
2540
6493
6112
5775
6767
2973
8862
4850
3455
5506
4799
3570
9890
2853
8919
1814
9215
2503
6937
2840
2352
9486
388
6896
2618
669
2678
6263
6114
6285
802
736
4136
1630
8414
115
7764
7875
4813
1677
2679
7009
1908
9387
962
4790
6561
8930
4925
1159
4959
5905
9075
8927
4931
3416
291
576
5774
597
5423
1412
827
6511
4509
8863
6042
787
6474
3466
3211
3648
677
1055
5986
165
8324
7667
6193
6045
6897
7693
6140
6593
2860
3859
6678
2408
1021
7516
479
2156
9025
3955
9123
9474
5435
5828
359
6036
2105
9374
4400
2710
3287
324
8176
4868
9372
9091
6172
2871
7326
8988
6731
3333
7545
1170
2142
8018
4935
8322
1636
2248
6364
1275
829
9796
9414
6543
2401
4044
7470
6818
1079
4738
8079
8344
252
6829
6641
9678
9195
2103
720
5174
1409
3016
5244
404
526
9754
9359
9647
1384
7694
9236
7334
4337
5597
1211
9596
5119
5852
4119
2337
3989
5350
3677
9982
257
22
9980
1909
8424
8875
4989
4879
5383
7132
6131
3965
4150
8614
9337
3719
5789
7811
3739
1556
6246
4544
918
9948
6274
7051
3994
6337
6249
1947
7821
5332
1200
2730
8758
6232
5523
8074
7594
451
3746
4049
3821
3107
3940
6568
8609
7974
6165
2990
1226
6615
3050
4242
4787
7163
276
2429
7389
6078
6571
8901
9413
9575
476
8837
6224
6270
5472
8893
5587
6312
3852
9655
68
5014
9805
5626
9389
546
5033
6876
3639
3061
4064
1033
2056
8416
485
1776
8994
7087
652
4367
7016
9930
7562
3230
5969
186
2362
6124
808
2450
4924
755
7833
2318
5296
8142
296
4743
5749
4763
2171
6692
903
2658
996
2122
7977
1320
9528
5102
9606
6791
2965
140
7466
7935
4020
7308
1955
457
9976
4177
3484
6248
7848
705
4853
7729
2944
5405
8533
532
7103
4961
3091
6647
3349
4826
1906
5146
8627
5576
591
3526
71
6133
2252
1363
5057
9073
7259
9129
214
1007
8497
1923
8771
6132
3573
7652
5159
8921
4392
1588
8698
5727
4472
1265
2282
3437
2997
4078
5099
8475
8108
672
7905
2869
1334
6415
7770
4764
5198
703
4027
7621
9196
9554
3054
2654
3010
349
4247
2160
6898
2399
6467
1076
3415
9892
4905
255
9259
1344
5445
5982
986
2474
3222
9572
6482
3552
2656
1082
279
5676
4162
7094
3860
7708
332
6280
9952
6930
1408
5702
8405
5658
2065
5374
8499
4011
4798
1888
766
7362
1258
8254
3212
5192
8361
534
8511
9034
2780
5920
8764
2324
6349
6703
1827
6138
825
5264
3468
527
529
2630
7315
795
2946
3369
7636
4148
2273
7212
3000
8178
9154
8612
1361
5303
5252
4284
1282
6867
3688
7632
8173
3044
9421
7533
9897
96
4655
1749
4883
7548
6660
3567
9561
4290
9454
9017
892
9231
6080
2991
8669
3656
7390
1815
8632
3835
983
123
4697
5730
3434
8375
5768
4612
2468
2258
4511
2769
8802
9035
4032
3601
8509
8058
9441
3463
3975
9738
6215
438
946
7556
994
1890
9778
698
5076
3049
2693
2144
9022
4115
8761
2063
163
734
9944
6356
1368
2347
7190
7246
9172
8687
3834
1553
2438
4193
4968
2189
7112
445
3382
1038
497
2410
7894
8445
4254
3310
3766
2536
9571
979
3681
5089
6839
4784
4986
3362
3233
8959
5298
7706
7725
2335
7340
5347
8678
6295
4059
5628
1821
7408
7091
1850
5249
6899
7069
2919
5660
5765
9766
3502
7940
690
5786
2538
226
5386
9338
8188
2020
9777
4332
8220
2067
2140
9648
710
7846
666
7637
5699
1299
2649
3889
7473
3451
5741
394
1164
6006
8721
8547
910
9285
4479
5457
5218
530
1535
7416
2081
1116
5830
9326
1144
6673
2814
4208
2
9252
474
5855
9668
7388
615
8926
2655
3089
494
2746
5613
1250
5438
9592
7778
2650
1020
1289
6027
1151
2900
117
7487
1243
5687
866
4662
3443
4909
8556
1789
3418
7243
3218
2173
2528
9160
5420
2783
6991
8940
1078
7565
4106
581
3125
6754
8477
2202
8709
6076
5294
6343
4558
3952
7719
3083
8564
4458
9748
6737
8032
2368
5519
6631
2459
9298
405
5863
4401
1889
3366
1050
2541
1325
7266
4239
6162
2127
6960
9705
6645
1238
6887
9410
1193
6145
3118
1247
7007
8109
5498
5610
3253
5308
888
9540
7260
8945
3708
2136
2243
7273
606
7622
2090
1755
8355
2050
1288
3348
7427
1895
8302
5843
6472
7913
8620
584
7327
4428
1413
3105
6402
6158
5479
251
9356
5696
9228
7826
54
8745
6844
4112
3259
7167
9859
268
1936
5358
8076
7090
5700
904
40
8880
2229
4859
3800
1307
397
167
8598
6622
2810
4039
6260
3662
2208
4051
1534
2645
7752
2550
7728
8859
3968
726
3868
3550
7250
1296
740
1027
7000
2699
8655
6955
1364
4932
1738
4559
8040
2857
5633
8440
6416
1117
9689
9100
444
9055
8129
2175
7554
5138
4839
3202
3839
8642
139
5757
8778
6935
7511
480
575
4036
2322
3482
2938
5104
6665
4906
154
8085
7907
6020
2576
4665
649
138
7116
762
5002
1585
7098
303
1714
1695
2723
3195
1916
3892
8034
8212
9985
1656
9155
3640
9151
7607
3420
5375
2269
6821
636
7176
3011
5532
9355
5897
9040
280
4872
1631
5849
3752
4270
6532
4775
6533
5016
2462
7447
5394
6570
6534
3342
3626
9549
704
9932
310
8818
2426
2448
2855
1566
675
2237
8171
321
6378
4122
7782
2800
9969
1499
8817
4038
1910
5689
4911
7386
3224
3592
4232
9469
7058
5007
7224
4749
456
3509
4455
4841
1597
8340
4440
4349
3231
7419
1272
9273
2445
2431
9877
9379
1912
3075
5592
8618
2402
1216
1775
9122
145
8352
5875
1176
7641
552
1611
4267
8824
2054
9253
6029
3210
7086
2041
9913
122
6026
9503
1285
3111
3725
9621
9946
1454
38
2106
4913
294
4283
8463
4154
7916
7796
9424
1095
4688
8037
6057
171
1861
1212
7588
8624
7942
7187
7945
1929
380
5857
6843
2052
6729
4745
7409
2728
4384
2131
9710
5265
7309
8619
8806
6961
4808
7405
5467
4975
5304
6465
465
6736
5306
4153
9568
4751
6155
6291
3073
5871
8433
2369
8664
939
5691
5261
9335
4973
4280
178
1263
7061
5820
9996
2327
8887
6408
3896
981
8916
2643
1571
7225
6115
821
2084
7952
510
6966
4791
1592
2334
5690
8777
4950
9418
6868
1292
1842
4460
6779
4459
8935
2071
7396
8869
4603
4537
7471
6303
6469
8608
8995
5011
9601
8091
5456
3669
2520
585
7108
7400
2639
6436
3936
5346
6412
297
8330
1044
3017
1785
231
9715
5861
9583
9088
7444
2885
800
4293
9811
2688
7012
3991
3957
3591
8605
6541
4166
7367
3358
1985
3499
4960
2914
7656
1949
8391
2534
7465
9439
4969
7686
8931
6895
9971
6965
8847
46
2806
8581
6520
9146
9743
8683
5037
8350
6743
2768
670
2691
1426
5994
9862
2559
8711
9247
1551
774
8419
213
8766
2066
8413
7414
9500
6100
8395
5319
9339
160
1825
1222
4436
7158
8385
6477
7896
5489
5731
1046
6902
7689
7001
2531
544
8236
1803
1281
6294
1807
6050
3846
3527
1896
8316
2486
9114
4988
7978
2006
764
4308
1797
8408
1984
6156
9900
8567
9177
814
327
5570
5490
6278
2191
1956
2598
127
2482
3748
5909
8943
2266
6022
1818
8773
9611
8452
6494
5475
9408
2460
9816
7716
4781
943
337
4761
2406
9785
5213
1058
4535
1210
2453
7777
6553
8439
13
9375
5645
8386
6284
6368
5254
6577
7626
7191
2907
4476
5971
4821
6405
6204
3214
2231
1153
8323
1823
8125
5878
872
5821
6871
3712
8717
1706
4606
9725
2290
8095
2467
4585
2363
2332
2059
7620
2380
3872
9703
7005
6789
702
1828
5910
5202
3193
7751
4966
8985
5651
9879
1965
5372
6707
4923
6347
902
9933
1600
2441
2608
5114
8062
8429
6315
1180
7135
580
8528
6994
7761
8854
6799
2207
3717
185
9953
4258
7424
9430
3472
4957
6776
8262
6620
5321
6890
9463
2850
4521
4852
6473
2527
4281
3778
1996
9276
5452
7710
1434
4026
7283
6151
5053
7924
2621
925
2739
960
3383
9183
453
299
3084
6101
9617
856
1702
7553
4310
8878
823
217
9910
7801
3492
7587
9723
9630
9625
2030
8686
3614
1879
1783
7365
7021
135
5776
320
168
4760
1645
5449
2446
1688
1009
1370
431
9502
3441
9250
8768
8569
694
3920
5544
4302
1650
2543
8149
3585
2609
2582
14
2638
7004
5873
8215
8208
5382
6689
9884
2032
6987
1505
1970
8719
9833
6793
6918
6962
1000
5924
1162
6377
5286
1415
3742
5082
2985
751
6649
387
1438
2626
7355
400
9304
7280
6651
7300
5232
5735
4538
9546
3357
5744
5443
805
1018
725
1347
8939
4533
5204
768
9416
8798
6443
4077
5669
1330
4819
6085
6252
5137
6346
372
8285
5642
8348
7542
9033
7113
9203
1461
6495
5966
958
4843
6768
7857
3302
6975
86
8366
4890
1312
577
8779
5399
9391
3781
6924
1577
6919
9672
8706
8707
6503
1440
5968
1449
3067
8042
6064
3052
5893
6817
8357
6002
4628
3606
6030
6351
9873
9849
3964
6981
1031
1924
4663
6480
5814
5928
727
7503
8670
1708
9451
8786
7544
2300
7377
9477
9941
8319
6635
3737
5898
1049
5290
4238
6399
4770
1186
5348
8462
1747
508
3430
2629
7398
4861
3631
3531
8182
9292
4631
8559
7349
2220
2962
9834
2637
1705
9042
1224
6564
6288
4253
5867
1901
5780
4949
5781
8648
7888
9077
893
7635
7130
8398
4847
2529
1941
7633
2233
2873
9731
219
596
1410
5851
1504
2862
6021
43
6891
9844
9442
643
3423
6256
7454
1083
953
7276
8963
146
3627
5563
6345
7027
6784
3281
7403
1753
6400
9590
4275
379
6445
7059
6926
1260
1254
7175
9167
1794
1061
8137
739
9978
7754
980
4469
6379
5468
9899
5729
4140
5417
7847
8894
5564
7799
6573
8115
7464
6765
6470
3598
772
7771
3507
7228
3728
4147
631
4344
9955
5003
20
7670
1377
5717
2702
5024
1921
7718
1515
4940
5328
7338
9211
4569
1892
7040
8762
9184
8001
5845
7560
4446
1962
5584
513
3954
9652
2333
4086
9438
7901
8879
6908
7797
8026
5722
7238
8370
3313
9730
3201
6066
2910
5148
4491
3838
9867
8924
4730
5353
3670
8639
50
353
9739
9366
5145
6013
8189
2119
4406
8359
4017
8634
7605
7661
989
511
4234
9023
4202
8086
3833
5463
5694
1812
2372
5403
6206
8755
3807
3071
4699
4245
7003
2988
706
8358
6613
8397
6864
4516
4008
3981
1128
1278
7118
9499
2597
5181
7484
4427
87
2525
8317
8442
8850
7143
6452
8874
5041
3638
2603
4717
8092
3985
6074
6550
2195
334
7815
8021
1436
2053
8353
3372
4581
3462
9512
3684
4307
7685
4163
9917
8566
1589
7762
3021
3316
6342
3445
6129
7310
181
6153
2212
5200
784
5816
3112
2101
6067
4003
6166
5473
9323
6277
5926
3291
3820
3962
1668
8177
8096
5680
4046
3636
1396
4636
604
2342
5908
6744
6828
5027
1395
5777
2823
7413
3770
7922
3580
2623
8836
7366
7138
119
493
6842
3650
7774
1920
6666
1308
4962
4102
3612
7766
8192
3290
2865
551
4333
8809
4286
1796
2031
2108
811
8273
1674
6695
5313
9552
3042
637
2721
8776
2615
693
248
5127
3865
8299
4001
7654
4389
6951
3549
4110
624
3117
6797
691
8898
8406
7828
3997
9817
5815
3124
1511
8784
2129
4495
2055
5020
9142
8821
4718
3303
2664
1967
391
8402
536
1077
4802
2218
4885
4936
3847
2677
6726
5620
5901
1692
4009
1388
6177
7045
3560
9113
381
6562
1168
9775
4378
5547
9677
6175
5555
3519
335
7953
1841
2036
345
4539
7727
2293
4104
3476
3007
612
6663
8633
6384
2287
8240
4217
2953
7877
6386
6787
4869
5124
9514
9373
8902
1487
5571
785
8841
3600
9470
1102
1792
5516
915
9287
5281
4681
7850
113
4435
2121
8080
8257
2555
9779
5199
328
5422
9070
4219
5970
8694
2867
8570
6330
9223
4211
8834
3458
681
4956
854
586
8170
4486
5974
2234
6174
2839
8234
9193
2209
7723
6008
8159
5434
2807
4660
644
7520
7755
6393
5387
8362
875
2931
3700
7690
4060
1555
8588
5274
1071
9965
7076
8162
5398
8354
5186
7937
8585
3239
9509
9569
7648
4325
9428
6116
6777
79
1591
9200
4499
9990
365
2437
1352
7515
6128
4411
5129
890
4299
7603
9639
4443
8432
6888
1047
5312
3119
8754
1744
9922
6749
3937
8022
5894
5381
1780
640
4651
8512
4462
9957
880
3243
5784
9437
6119
7589
311
7705
8793
8843
6299
6331
5165
7784
8464
6920
9214
9291
4138
8382
5915
8483
3174
1992
9713
6579
4024
3178
6373
222
8371
2836
5275
9719
3251
6544
2734
7456
8049
5453
3503
343
7078
6229
3881
9376
8151
7701
9904
8502
9793
1319
6339
7240
2146
7368
8282
9645
3979
9472
9855
8465
813
1189
7211
1316
4439
4379
1539
6035
5708
5755
7251
9653
1035
234
1394
7624
6170
9279
3120
6825
1640
6778
6716
6147
1349
5881
6979
8952
6235
8116
2713
3984
639
1125
6682
3922
8271
6324
9031
6592
5524
5641
8730
3015
9047
8583
4863
7867
2456
8307
5826
8586
5933
564
6434
4480
5804
9429
879
66
6922
9675
5458
9551
2561
6403
5627
8803
1004
7744
6934
8447
6113
8457
2776
1198
269
2932
2825
3551
1062
3870
8024
4368
5269
7292
8751
1485
1989
5636
7954
1693
627
4331
3538
3068
232
9679
7162
6070
1560
1315
3665
4388
4129
5132
7216
6978
5238
9733
1495
2674
1229
7305
7311
6547
883
8976
6350
8659
9024
1756
2035
7523
1622
934
2132
9815
9354
9392
4501
4025
9462
2214
6939
3983
8897
9096
8613
6892
2325
4405
3020
3720
3747
9774
5049
7064
2472
2569
1183
3346
82
8748
6624
2024
4048
8334
8043
8653
5385
4640
5496
8735
9255
7508
3628
389
8148
2805
3146
6257
7008
8461
3126
2937
6753
7254
4855
5858
6959
4152
3520
9847
6911
6088
7898
516
6500
5356
5721
2159
1973
382
6150
5220
9124
76
5943
9317
3854
2711
5484
5140
9523
63
7573
7168
3775
2480
3610
5562
7089
3953
376
4542
3873
4963
1855
6964
622
9919
9
860
7337
7314
4857
773
4289
632
4858
9152
7117
8380
7969
2558
7682
6259
8261
7703
8794
5833
4687
3395
7675
5001
1157
8294
3751
1351
6264
9334
44
6459
1976
3523
6227
7278
3836
517
7202
5193
699
4755
6944
9683
8982
2874
2311
4627
1081
8133
8866
2388
1979
1476
4638
1207
9029
6672
6181
9281
6860
9479
363
3227
7617
245
3958
1587
2565
5327
9218
9753
7957
9942
5652
3744
1987
6745
73
7430
3464
4607
9557
6711
531
7437
5329
1430
9506
97
2863
6169
7201
4079
1400
6268
4226
7475
9599
4536
7769
3874
1342
8206
3335
9115
2936
9170
4927
1604
4796
6161
4541
2098
3024
6265
1958
1843
7697
8956
4783
3229
4887
5478
2587
4866
7110
7759
6721
9535
936
1724
6718
7890
8292
1700
5459
855
3183
7445
4018
2519
5488
2351
4303
2701
4977
9262
4201
4180
4524
3756
680
9586
3759
1746
2584
9162
9845
8075
8437
3278
6052
6462
6578
9560
4891
2763
6612
406
5448
1568
3558
1752
4420
11
4073
5439
5763
7983
7207
5812
1575
4318
4118
1014
6863
1853
125
6048
9525
1005
7981
2424
2128
1373
5470
2425
7551
6039
5671
3683
1234
2781
7002
2040
6353
4987
3108
3300
647
570
1298
5131
8256
192
3613
1187
9882
7610
1423
3240
3127
6095
1716
7583
5751
8529
2104
4971
4741
5591
6942
5872
9377
9752
717
8128
4797
8968
7822
419
4690
9411
4926
5162
1446
7350
1838
2539
2537
3809
9607
8251
1197
6401
1256
6636
6134
7563
9798
9633
4096
9787
3026
3095
4930
7975
1625
2925
1441
8830
5211
1687
4222
882
8650
2275
4901
3912
9983
6727
8770
6279
9190
8641
664
31
1270
74
2926
9187
4689
6980
284
52
5887
1341
6838
2886
3096
2203
6798
4475
6833
1317
1109
8538
5681
5112
9248
7352
9656
7073
3597
7325
8977
7878
992
4075
9729
2385
3144
4900
9598
9161
1701
4142
9038
7304
3402
6659
4021
4169
9056
1290
5194
7460
5934
7722
5310
1101
8135
6525
2276
4343
5320
4228
6300
6146
7699
254
4614
1856
5017
5179
671
1605
9866
6123
8084
3038
9135
2265
300
2634
5135
2786
2889
7925
9698
2449
1232
884
5245
6341
6746
9937
6992
7665
688
2496
9367
8025
3237
4377
2187
1271
4592
9404
3733
6634
8972
4633
5608
7707
7169
5156
7128
2842
9909
5309
5097
8
5426
6801
5395
1378
1381
1152
1248
7535
2879
8140
424
9191
2790
9456
6861
7203
6086
9690
3062
7687
4994
9963
9958
472
6126
9553
6679
492
3816
9670
3330
5025
1894
8759
8753
1237
7
5322
5500
6904
4340
326
5355
8250
9446
4369
5795
1884
648
3512
4902
7794
4231
9251
1939
2299
8031
832
8384
1786
1997
3787
8264
3637
6382
7973
9174
3976
6458
9977
5283
6733
737
4725
2856
3106
1914
470
3295
3823
9083
6453
3359
9076
7688
5766
2481
9818
9508
2824
8363
4093
1056
5601
1994
1766
4364
5541
8631
7353
3764
8401
1496
5022
8213
8826
4305
9643
858
2560
6047
2858
9494
8517
620
3545
658
3447
7341
1891
9920
2227
2155
4998
8914
100
5938
4372
9064
3131
7864
750
9825
2847
8909
6420
6700
4220
3535
7837
1283
6764
2134
3696
1131
5297
306
8226
8718
1150
5054
1057
8425
6728
4827
1066
2816
7079
4294
3387
9765
9316
5361
878
1459
6056
4062
1844
5792
3790
607
3247
2124
5916
7065
4500
7232
9863
5725
7048
2310
928
8592
833
6752
7440
1951
7818
9795
6917
7072
956
2599
7222
2152
512
8838
757
9087
2260
8973
4265
8899
2803
9288
8321
4276
8438
1006
9139
6068
8238
104
1246
3732
3907
2898
6376
1462
7991
7407
6247
778
4733
6809
8527
5545
8217
7673
7839
4584
7359
7461
2738
6216
2280
8290
8472
3429
7672
2644
1573
7831
2516
6590
5607
7402
5657
8259
3066
708
491
2987
8510
7967
3168
1030
7394
7137
3165
8820
8722
8221
4404
6588
1512
3815
5754
794
4713
7712
8174
8981
7743
2852
912
2787
2737
3948
8965
4203
7376
7329
8699
9452
204
667
8448
8998
6418
7972
8012
6725
935
967
8428
6208
1235
4207
3709
862
8663
4600
292
6431
6734
9324
6715
1486
9138
23
6537
6387
184
9283
6943
9821
4323
2715
1432
6595
2197
4744
4058
2642
7893
7219
4587
4818
5596
7642
2845
8597
7806
4470
7608
3352
8515
1206
92
7571
8551
1397
8444
3154
1685
4820
7629
265
4421
5552
8657
5258
6748
9624
5565
908
7677
8441
4800
8205
8908
792
8621
9773
1638
8471
729
1526
3207
5947
1402
9828
2354
3966
91
9651
2047
6321
1873
4914
9740
5100
891
2348
6670
4955
9364
573
1165
7680
4041
8100
8504
6508
9309
2817
2846
2421
207
839
1893
8127
1651
5965
8233
9130
3828
2731
8933
2277
164
896
2876
1712
8749
7536
5978
1358
2848
9120
6713
8209
1386
3277
4061
7858
9256
7077
949
3803
5447
128
8114
8305
1527
6395
6194
4591
8744
3454
1339
1094
8155
6266
6835
9772
5396
6460
5740
1114
8964
253
1614
8712
9685
5305
870
8410
1795
5324
6043
4268
6217
1983
7609
8175
8224
2350
995
4083
9511
5728
8069
7358
2505
2901
5507
735
1064
8409
6143
2211
5865
2192
7865
2376
8103
938
6822
437
5341
6974
6190
9471
7808
1953
2622
5837
9905
2314
7267
5139
190
1659
6092
8467
208
9563
963
8742
3263
954
2668
407
3398
9019
4285
3094
3098
8312
6320
6832
4330
5880
6019
7947
4979
34
5255
4673
815
3249
9313
5437
1709
6691
3435
2887
9365
1898
7576
5550
4209
1407
1969
6526
9207
2891
9543
3582
9327
968
4374
9116
905
9706
6913
1802
9030
9415
5787
5481
2242
972
9238
7336
1442
5191
1654
2535
2939
3399
2070
5335
2572
1097
9423
9009
4066
5270
2165
2390
5714
4652
9459
861
3273
4233
1801
9168
7773
1721
61
6448
375
6059
6984
9206
1723
3375
8799
2137
7869
6106
2224
8807
1740
4074
6157
2253
4329
9681
8667
3801
8944
9008
9478
895
3883
7936
4792
1809
5231
1255
2828
9667
9510
5122
3173
5980
791
6558
505
3630
7189
3501
9069
3374
5900
9536
668
4467
9448
9861
5188
595
1872
3608
2915
488
1268
1945
3489
7844
4088
4672
2409
993
6498
41
6598
2760
7161
4128
2955
5330
7102
2301
3403
8955
7418
1382
2076
3950
282
7303
267
9127
1104
3260
6580
932
2943
7261
8052
6866
8081
8047
3664
7479
7823
1758
6751
6712
28
7196
8765
574
5365
9093
6476
6234
3858
2178
1938
3522
4006
2575
1609
2049
9318
318
7512
2625
5703
9555
105
9020
5000
5046
3490
8412
6481
3053
5720
2950
4183
9058
6803
5791
3255
2183
950
6411
9185
8816
9822
1111
2821
1019
336
7449
8269
3033
5911
8881
180
3325
4274
3322
5870
8485
3998
779
975
7578
7299
3058
7824
1523
2601
1277
3162
8760
6996
7070
8378
3657
1817
1961
1494
1578
7282
6171
3574
2980
9270
3658
7735
8532
6680
765
8011
4601
7804
7717
7990
309
6361
9119
3381
9246
5817
6061
2611
9065
4263
7740
1135
5921
2153
1457
4494
8435
3056
2463
6203
4701
2256
5078
4942
3624
64
4840
1769
5465
9767
8068
1245
8829
4671
2044
9547
8376
9524
6538
9627
3276
4221
1652
6629
1489
2295
8861
5973
8360
2729
9832
9874
6540
4063
1729
6810
9891
5839
1880
4659
1932
4005
3088
2665
2986
8577
9399
2440
9340
9351
2912
1720
1554
747
3856
608
4505
3138
6531
2522
8763
8795
2929
748
9534
4678
9269
6033
9797
818
473
7662
4860
5683
8446
2547
1383
2002
9708
8156
6430
6398
783
3102
4161
6766
9935
6355
7363
271
2920
469
9542
5013
4181
319
5666
2687
7361
6328
3013
413
1119
4740
114
3645
1155
5333
8915
9277
2614
8635
6504
8120
1335
3547
4629
6596
6724
951
4707
5214
8303
2210
6875
6298
9838
9001
5495
519
6518
7082
1824
55
7096
3043
5962
6602
6928
9573
8646
9282
7180
2307
59
6802
5549
5551
9243
8500
2457
2268
7068
58
744
6714
6031
7834
8481
2177
333
1763
3641
1205
6058
3668
7038
2413
8387
2757
1192
1530
1866
3422
6932
2360
3479
6191
8434
6404
6884
1676
7429
1698
1173
5043
5528
8038
6451
3198
7152
5615
503
4190
7331
9254
8679
4898
2578
1348
7724
2607
2981
9694
3938
8589
2141
4506
9858
5289
3446
1793
2080
6983
9005
6198
1276
1287
4577
6638
2514
9687
7859
4953
4466
2928
5260
9949
6947
4246
7615
9853
8733
3314
3811
5125
374
67
2570
3845
5716
7491
3171
1124
9700
8283
697
7039
9322
4030
7793
81
1847
9888
1684
535
293
2042
298
1015
7741
9111
8514
8431
8703
8023
5665
4907
2736
3163
6591
1694
7767
1148
7501
6471
4224
428
9171
7270
1552
9054
3069
2182
7411
692
569
9992
8304
1971
6654
433
5942
3757
6407
4583
5960
2180
5655
5080
5195
483
4642
7638
820
2909
3384
2371
4873
7800
8846
5455
2945
8364
2647
6183
4504
396
7998
4714
7737
2471
8166
4967
2815
6457
1665
2138
2373
4053
2818
6559
144
8731
4068
4529
1121
2966
8345
8309
9544
9260
5464
4804
2330
3774
2526
4497
1122
1417
2344
8396
2029
4229
9492
7105
9213
7313
6438
3265
4602
7448
4419
1864
2005
3469
3289
6619
5075
1596
9131
2749
8202
4523
2742
6769
3943
2908
8506
5644
8183
6914
8790
9988
8289
626
7959
5639
843
2184
7492
1213
8106
56
7120
9840
2415
7870
5959
2921
6643
4334
5315
3918
2811
8338
1675
4519
5798
2896
8066
9693
5819
3005
4822
4846
7861
1646
6180
2902
3048
452
7506
543
5527
7897
4829
8888
3232
5567
4571
3128
1868
7488
6388
6437
9530
5360
5756
7290
8089
3825
7233
7582
3515
4240
7790
6323
3826
3763
8752
6096
5044
7567
553
1493
3189
402
927
8600
8602
7252
7569
8928
60
5116
1870
5015
5067
5216
4490
2648
5077
853
9095
8999
2018
9082
6290
5494
9936
6773
3713
4864
3911
4877
408
5997
2251
4664
700
6948
5300
1123
3525
8518
5659
9836
961
4943
5590
3779
6375
6572
8098
6385
9887
4143
8649
1456
9896
2956
1547
8227
462
4385
1980
6325
5595
7695
8016
5058
7151
5944
828
8507
2186
1988
3588
223
4067
5609
5748
6506
3904
4182
867
9588
9137
116
7961
5697
3377
2690
4530
6910
914
1041
4754
2714
7999
1001
330
8335
7245
9532
8756
9305
7514
7927
7229
2046
7843
5378
1107
2905
3006
8013
1393
8625
4256
2303
191
2167
1765
6365
613
7590
1196
9049
6945
3864
673
4257
4648
5344
1594
7786
1191
9321
3410
9004
360
9383
5611
1142
45
651
7781
143
2594
6834
2469
9051
3279
9741
8204
3804
7630
9826
8198
4632
3404
2464
356
4848
5169
4579
1653
4572
4297
7193
4016
4103
2458
25
9221
5917
8181
1490
8300
9175
5869
9103
5514
6617
221
1324
197
2804
2653
3070
4371
101
7593
3363
2686
1757
2213
1084
6209
4954
5485
5705
6516
4686
2291
7618
2740
6530
2878
6823
2671
2466
1826
5976
6837
771
5090
8772
4108
9722
1389
838
3493
2430
7921
2923
1322
642
3483
4976
1137
19
2060
3072
9000
2317
6845
509
1069
8636
2977
203
8466
4896
8568
9350
7995
26
6487
2754
6098
2506
2830
5157
1300
6141
4230
9758
6109
9150
3706
9149
1343
8430
2367
3703
8296
4646
7200
6034
9048
6093
3667
7060
5183
8372
4916
8792
8852
7976
4243
8541
2941
1274
7446
7714
5625
3498
3532
5991
7452
1350
7760
9769
1367
9209
212
6149
9445
8077
124
6585
1613
4862
8716
3305
9734
9257
4915
1787
9564
1126
6455
6016
9806
7294
3849
5761
4146
3114
4620
6640
9460
6028
9712
4149
3419
2250
8845
7715
7917
1140
776
7653
6661
1043
4409
482
5635
3177
8111
1897
7159
2338
8629
9782
403
3697
6435
1804
8029
1726
2403
6159
5311
6704
1819
4125
9654
7172
2864
6581
6489
3973
7549
6831
3002
7720
236
5711
5284
9006
8389
2498
2150
4130
5060
6228
6394
1999
2720
3783
2085
4416
9331
674
7903
1390
9440
6238
5240
1991
6989
9011
3540
2358
8044
991
1391
2897
7557
6176
3199
5251
430
274
9868
987
1852
5688
244
9444
8595
5430
174
3533
8993
1943
8496
1599
650
9635
7485
9044
8179
6409
6307
5402
1318
275
7436
7319
5126
9117
4441
4878
2392
6655
395
4807
4731
8002
7951
1507
9417
9640
4194
7602
731
4789
3726
5318
5491
3723
7302
3427
5619
1309
4608
797
4454
3312
7472
3329
8394
5793
1161
7148
8284
3603
8553
3990
1195
6040
6049
834
4319
2574
1208
1488
2135
4465
9406
1931
1978
3152
5050
5133
877
9968
1172
2151
4370
7155
1959
5433
973
8701
6492
8970
1567
9381
9939
2428
8088
926
1286
5155
8010
6792
1581
8720
4502
2278
945
1040
3477
3568
2436
9242
5287
3282
3076
1338
5492
8885
5605
1236
2490
8739
2633
241
9576
5235
689
7540
4793
4350
3861
4549
7855
4279
6685
3060
7209
3882
7467
3925
3132
3228
6523
2722
3109
8552
4555
6693
6179
603
9614
8693
641
6213
9688
3654
6599
4212
2628
5103
8736
8980
8199
4272
3988
7950
2544
966
2774
2281
5958
258
9086
325
1935
8925
889
6072
3500
8346
7380
8520
8059
4618
1333
7192
8922
2442
481
538
9761
7453
3755
6709
7830
4867
9409
1481
3080
187
9658
9820
4492
3690
4694
3577
7181
8141
8113
399
2494
3401
7943
8691
9966
723
3336
3182
1138
594
5810
5862
7678
5526
7457
6774
6528
1686
39
5316
3736
8417
514
3032
2829
1637
2164
2833
1952
1517
8266
2181
5411
2556
1782
3666
8214
1742
906
8263
9126
2296
8789
3910
9434
4753
7886
2751
9962
304
2632
5266
4676
6878
9638
8065
5288
2667
6083
5800
5829
5743
9665
7958
6491
8495
3414
8705
8684
5979
2051
8673
4983
7293
2765
3982
3590
7964
2062
6909
8331
4897
1421
7384
760
2657
6735
3288
579
8036
1928
4422
5599
88
8877
7842
8102
7093
5066
3351
3572
1620
5034
371
7798
5737
5256
460
273
6820
6756
9671
9662
1054
3784
7275
6671
1869
8825
6335
8152
4473
2918
467
5466
9898
4461
1733
6236
9809
841
1166
7809
8671
6722
7356
9219
8165
9071
5153
148
1127
2349
2961
9961
7836
7765
6859
2308
9531
6739
6527
541
5323
3390
1751
6545
9294
3765
5257
3213
6699
6675
5670
8150
4424
8223
8003
722
9432
9580
30
909
3754
1836
6597
5618
9266
8828
5185
8857
7892
420
3651
4445
7581
1583
7249
51
7121
864
1252
1225
8714
3130
897
1682
102
753
5853
2205
2112
5889
7734
3908
2100
5368
8992
5441
3786
7347
5931
4653
7301
4260
8700
1564
6425
3133
7994
4114
4277
3337
2652
6907
5967
8929
8274
4354
9386
7459
3660
5429
3164
9749
6060
2161
1584
2501
8746
9010
5343
8404
8130
6741
9520
8195
1883
4803
4865
7455
3587
2992
3974
6990
7791
7592
5172
1475
9727
9527
1926
7787
2660
1661
8832
4444
435
1791
3843
3914
7854
9666
7742
1975
8690
9099
8903
3817
1590
393
6017
9491
6219
5028
3286
4327
2631
2696
1903
3595
9210
7279
9097
1257
315
5277
1242
5808
5771
427
7918
2843
6102
3439
1927
3718
1480
3185
3806
7372
48
2353
4922
2094
5825
5247
8550
850
2073
471
2524
169
5693
7692
8545
4833
6790
1718
2077
7521
3424
9537
4313
4773
5616
7215
5081
3959
8626
8286
7835
9436
7214
6706
763
563
3857
3256
1414
7908
1635
5454
410
6998
1028
4322
2007
9893
8423
9202
4779
7114
3917
9594
8662
5537
7281
7296
1219
8415
9110
9923
2784
3481
2492
6046
4116
3003
9297
742
6827
7527
5390
6621
4010
348
5739
1876
9102
7342
9526
4882
8119
4726
1934
3890
1525
4934
3814
7049
6084
9539
6973
3055
1993
1053
9763
4206
2379
1471
4999
5069
8243
8546
1073
249
614
3426
7599
498
6023
1405
3298
5130
5508
6318
5071
6025
6152
7147
5823
5483
9860
1468
7133
724
8501
3113
5062
2091
3270
8004
4548
5695
439
2967
4144
8815
3328
108
5279
1944
7239
1477
9272
1251
4237
7383
1905
7500
3850
7597
6687
6616
7054
7401
1227
8638
554
3361
2627
2370
6510
1837
3226
6282
9199
1112
9609
8009
8247
3915
1719
3370
5844
7129
3238
3101
5964
6468
6676
176
3961
1810
3789
1632
8368
4311
940
8187
5638
6625
4452
4199
1452
9791
7391
1839
2111
3280
9755
6269
7166
8951
9781
6889
9994
9837
4101
8277
2294
4836
1781
4547
390
9634
8651
716
1100
3496
4939
732
9608
2017
5603
7819
9133
5121
3041
679
2712
4904
5999
3617
322
2407
8523
1469
959
9864
4711
4974
1886
900
2917
8313
9695
5427
5632
2809
6308
8984
5679
5224
4912
9220
8978
3438
9475
3517
1725
6185
560
3267
2297
8329
8039
6882
3524
8819
7263
4824
4412
997
1678
8835
3480
2298
6137
4134
6261
4683
4386
3995
5752
5747
4487
5876
5770
5168
3134
4296
3829
4000
1658
8823
8390
3692
1374
3546
2221
4658
8560
2996
1673
5243
2193
99
4151
6849
4786
9370
8267
5984
5612
5579
7684
1240
5568
6600
2387
9513
6336
6565
4196
7146
8682
9028
2511
4184
4407
2434
9943
2892
4287
8249
2870
2542
5734
8791
3536
2235
4722
7946
2386
6038
5450
2906
8615
3930
2133
7650
1474
6421
8242
2719
8279
6788
2026
2245
3777
3762
3169
876
3939
3798
6192
4097
9717
4127
557
9558
10000
412
2680
6332
7404
9027
8167
7853
6880
8769
7074
6609
3473
477
9522
7555
8297
4478
4069
8006
4312
6950
7649
2302
6608
2384
4315
3031
1
8542
3514
4451
3123
6340
4762
806
5110
3428
5654
109
2820
5509
7803
7441
1925
2563
6775
9240
7664
1881
4995
2759
2548
172
9284
5985
9032
8488
9744
4165
3440
9368
3674
3257
9718
9264
4215
6971
7197
7753
5882
7393
6283
7676
454
9258
1024
5093
4172
3331
3151
1375
9657
1323
1816
3534
528
9080
8576
3623
830
9363
9407
7851
7731
6512
1466
4650
1450
1120
8287
5233
7208
3397
447
7674
3121
9182
1960
8349
8493
4188
2927
1221
6548
2125
8473
8136
8422
6073
1154
5239
8456
1580
9876
3245
7443
4625
3553
2491
496
9889
7370
7526
1922
3891
2274
2230
5701
9002
9918
9792
6589
9906
5902
4947
4170
4594
6824
7989
9018
743
2083
5021
9803
9361
78
3945
8480
9595
8197
9037
3772
9997
5334
2021
5790
6694
7758
7663
5953
630
9347
8953
7726
3620
2365
3254
7417
4894
3556
1977
1933
4347
7948
7730
9597
7704
9362
6630
8782
35
592
3148
5141
5338
7150
6906
970
9346
6
2102
566
3875
6583
6970
6454
6759
2753
3933
562
1774
4398
5477
7428
8356
5354
7474
5518
4528
4874
4649
3699
3885
2979
77
2963
4518
1437
7035
6301
2545
7088
8164
7439
1149
7122
5036
1773
1086
2596
3987
5640
3220
3051
341
5493
4552
3687
8172
7099
8913
9227
6310
9325
4160
7231
4019
9344
3203
7481
5412
6496
3140
4252
3813
2270
8987
4992
3830
3672
6001
3412
6982
3986
4978
3607
2700
3064
8099
233
5418
1764
5617
5736
9872
2394
3594
1284
8610
2832
5487
3913
8666
331
9308
745
422
1937
6557
4991
1885
4426
5061
8490
1537
4085
1788
4326
4485
5525
5295
9263
1768
7206
5827
5497
8235
3304
1579
6830
6549
3895
1982
3844
6900
2970
3334
5769
8268
8064
565
4429
6646
1808
2284
2884
9804
730
229
3750
3274
1174
8603
3292
2196
3087
7996
628
3653
3537
5271
8697
199
3946
7509
3593
6857
4380
2510
9132
701
1538
8421
490
8685
7425
8599
9061
7220
4565
547
1146
3589
5223
4430
9052
8855
7092
442
5805
2844
9145
2216
4328
7037
8393
36
5029
7518
224
3283
9995
9357
711
8873
9850
8005
3411
1011
4288
6334
4111
9156
2500
887
302
3135
3782
1133
6223
2012
4137
3004
3542
7634
1336
4382
714
4845
3993
6761
9967
7182
2602
2170
6552
2868
2082
3001
8436
7442
8073
423
1778
401
1986
852
8258
6220
3685
2854
3100
216
9495
4849
9336
5707
5653
5520
9205
4362
990
8491
761
7862
3924
6463
2109
33
5906
6461
9593
7698
5914
1621
3470
4668
2452
8281
5538
9234
7288
1113
6187
7643
1948
1593
9328
8365
3266
3081
8974
1291
1010
8886
8801
4187
1670
9841
7657
4081
9764
7410
5055
7494
6607
6879
2461
7528
4481
1297
9956
2057
3115
7022
2971
8856
7213
83
9649
6587
5589
3578
1321
1563
2727
9623
1930
1163
9482
317
4759
8932
9333
8400
9644
4801
6122
3099
8865
930
5505
2930
6853
6214
3321
4192
1080
9921
2169
7882
7223
188
3208
9610
952
3338
8246
5899
136
4958
3632
7910
4667
8333
7433
9222
3749
8892
588
15
1899
5203
8990
8460
5471
6632
7887
6296
426
4241
5268
7186
6127
3046
1218
7530
6242
6199
4457
2831
1387
5993
9320
1683
3900
2400
6374
6014
4972
6196
3196
3929
2703
7011
5919
8702
4090
367
9907
1529
8805
2247
6517
8453
2215
5907
8912
2477
1519
4772
7669
4120
3880
6524
7838
9737
9104
4732
1470
283
1169
3711
5083
7482
9201
1136
3252
8876
5602
2064
6941
9267
6275
7789
1900
4089
1392
3605
3159
9072
2588
2617
8487
9660
4278
57
7691
9574
9622
3810
1503
1463
3569
8741
6442
3840
6478
3702
5414
9358
9600
3932
7154
5961
618
8743
1418
7030
8272
8989
5709
8097
964
6742
9163
1911
7071
2883
1586
2969
7144
8575
147
1784
5954
6688
7568
9585
9443
9559
9295
653
3812
9999
7253
7860
9776
7483
2585
6958
166
2635
9050
7749
6770
6623
6243
7020
5621
9582
898
5866
2143
719
9405
9241
4028
3417
948
7023
4674
6287
1139
9750
9016
6988
5692
6371
4012
836
8947
3494
4261
1253
9092
8255
7772
6968
4938
8476
6450
8403
5120
4155
5371
2391
6819
5482
767
9105
9697
4752
7891
8191
6186
7486
2222
7026
7499
8890
239
4563
7332
524
1627
617
2651
5759
2439
660
545
9974
871
7671
5142
837
2640
2118
313
6163
7036
1427
4645
1313
8661
4578
9299
6606
8229
9998
8695
2851
3409
9098
5019
1741
6201
8530
7050
5272
2605
2473
2775
8544
4442
7944
5646
3761
3432
7262
5647
5023
4098
7666
4704
6178
7028
6732
1520
4719
6486
3879
62
5686
7217
2148
3564
1972
2383
4624
4856
9550
242
7498
7623
5096
548
5273
3704
8163
1039
8622
6488
5712
316
578
9746
8983
6097
1220
240
1917
152
2724
6316
9078
2454
4823
6847
6237
1915
9812
8594
1616
9390
3625
5854
3554
2016
3264
7960
4200
5150
1177
2673
9991
7658
7613
5742
8045
8688
9676
5515
9303
1167
8734
5109
2659
1075
2484
6652
4417
7157
6362
5546
1940
6603
6642
7426
3296
8508
1478
4698
6200
5539
6173
8938
4423
1840
9094
4361
9538
1863
8812
202
2562
8072
4408
6414
132
7543
4214
3926
3142
5351
4610
1968
2591
120
9616
602
6885
8539
6814
769
5746
7115
2339
1641
3209
5864
1950
4888
2110
9036
6639
370
2246
2190
9682
8399
5038
9165
2533
695
6601
5504
9533
7883
3465
3344
3090
9726
8392
449
8343
3341
799
7668
1669
3730
4782
4590
3246
9159
4941
8033
7884
9587
338
2766
7258
2000
1607
6771
556
7546
5446
3721
3444
9760
5553
9519
6781
7165
1360
2741
7432
3450
590
7053
8740
5643
446
210
1919
1331
2508
9280
8660
9835
8219
361
1359
3584
7598
6329
5406
6089
3317
4778
8937
7063
6805
2414
9615
8288
2023
9908
5094
2382
4680
1533
894
3380
1380
103
5278
4124
646
2744
3453
8920
6464
7874
486
9661
4921
5879
1087
7323
1745
7579
542
500
5045
4381
156
3735
6250
5088
7123
4255
2389
3898
944
7962
6567
4729
9541
7532
3715
9393
1759
7153
788
1878
1484
2225
4007
5228
1860
7810
931
623
5501
4189
373
5379
1130
1012
3643
495
599
177
6081
9604
6007
2773
2798
2933
7750
6099
3695
6662
6993
3841
7179
913
665
5008
8078
3485
4623
567
6499
463
2666
9856
582
1228
7316
3947
8587
8665
8253
8454
352
3110
1848
4795
5111
3971
4123
3318
2497
5936
2566
7198
3323
2117
5542
9225
4262
7378
809
4158
107
9742
8851
272
4168
2254
3057
1834
5950
4339
2405
8891
7317
4099
3949
1385
583
8558
2904
6683
3405
7420
6233
9422
733
835
4715
2934
211
2732
5166
4365
7044
7178
1679
2893
1016
3615
5559
6873
4204
8797
4532
1294
2015
6865
3150
5575
149
5574
7558
6424
1871
985
3745
9101
3508
27
5724
5935
6604
609
4844
4298
3385
3682
2581
1445
8549
1771
7525
5885
5095
3103
6949
1642
3611
2899
7992
8905
9059
3393
131
441
8675
5684
6701
8332
3028
6359
6556
7816
7513
8479
5510
175
5413
2116
263
4691
7185
142
1280
7188
4870
2329
3941
2580
7604
1882
816
775
5883
1439
6851
2343
9431
6390
4875
3629
5672
5170
8112
1964
368
4720
6514
3172
9875
4809
8232
6697
161
9166
5535
9192
5237
2771
2895
4657
1063
7312
1241
6446
819
4685
5558
5560
346
1516
7738
121
3293
2395
9140
539
4834
9194
4929
1034
8811
8917
9198
7218
5059
3197
4353
4780
3510
2636
6505
1429
6708
1156
4526
4157
2579
8275
7785
2984
7955
4415
3497
3767
2993
8328
3396
3299
1451
1830
8534
3478
1521
4264
7271
3529
8351
1862
4273
9827
1743
6372
118
907
1052
8522
4477
1532
8126
518
9964
5785
7713
4179
4197
749
5171
7156
6391
5981
1460
5293
1524
198
2285
8757
2553
6521
5758
4087
4617
6041
6479
8291
6397
6003
4244
7134
2568
1734
8565
7171
6211
2113
6490
5092
974
2954
21
7572
8643
4564
9204
9426
8293
2447
2706
9673
9517
2204
7840
8474
5
3156
450
4082
3486
2957
9466
7748
7320
5366
5079
8503
6154
7559
9612
4131
1506
826
1214
8750
3456
8555
7195
1017
8997
2827
8521
8519
5363
2571
2239
9084
3029
2206
7971
6069
4769
6032
2888
7591
9799
478
6575
4227
786
7733
340
2200
7226
3217
2610
3085
5205
6427
4880
4282
1833
2345
8489
1464
4091
8808
6333
7911
4851
6747
8889
7539
5841
4235
94
1565
8737
201
5339
2552
3866
1002
2188
758
3544
4213
7646
4812
3602
8326
8230
1147
9342
7227
4695
9751
5794
8117
5340
2499
4175
3504
4575
3408
1574
4589
151
1629
3888
9453
1215
487
9385
5263
7067
8942
9756
6432
859
5331
6449
971
1310
5890
8949
7970
4042
7914
2661
7081
600
7139
289
2837
4035
392
308
6065
1501
2789
3956
849
7375
2313
715
6963
5925
3261
9986
7570
7596
8652
9360
2495
6696
9348
5147
1500
5598
6653
817
7127
134
5219
1875
9824
355
9353
803
8910
1829
4805
5032
6807
1194
682
7612
5972
9239
7931
2717
5998
5922
1479
7519
4359
5352
3324
1647
2163
1264
1328
2866
5397
6010
9814
9039
1502
1444
1648
2025
9136
9085
266
5937
8833
1472
9780
3996
1022
5376
4092
6302
7640
5891
1411
7269
2523
1835
6352
8050
6037
1954
4661
6668
2785
2176
4095
6380
4156
8849
7963
3855
1178
4057
170
3548
9823
2014
1327
440
6357
9641
5850
8713
2517
9567
9398
2903
654
523
8374
752
6795
5012
6750
1403
842
8222
137
7537
6858
4266
5070
5480
5622
9015
8310
9714
4567
6664
3160
8083
9721
2241
2069
6717
5582
7431
9289
5678
227
1340
7647
4249
7627
7517
3999
4132
572
8783
5442
323
9134
9060
2364
6551
8827
1610
6584
287
2157
4545
9903
3894
7173
1492
2616
5444
5031
1132
7354
3184
2240
1713
3035
1353
3886
8623
9646
6319
6850
6555
2286
4292
7702
7550
7783
2292
6144
7757
4712
5091
2875
922
2745
8060
2718
3188
4566
911
2995
9063
5158
4576
2487
7510
7987
5267
502
9212
1369
1279
659
5662
7248
5723
2488
1696
6836
2801
5040
3505
4520
8373
24
2704
3248
75
4708
8630
1371
215
5451
7660
8458
9701
5554
1760
5955
6077
385
4314
1447
5801
9736
4919
1550
6501
1681
540
1662
4396
5084
1179
2075
8014
8967
7322
6815
5072
9707
9232
237
9013
6484
7164
4997
7939
7306
5149
1601
7644
4598
8680
2236
9143
9819
4677
6800
7184
4171
9449
9125
1508
6690
1667
2573
2949
4034
126
9068
8842
1249
929
5877
2411
8536
9927
2393
7625
2174
2994
7095
3250
256
2764
4723
5948
1887
2586
1092
5212
4810
8606
4816
7364
8895
1416
2726
1110
9928
4724
2139
6005
9164
780
1311
6999
2978
5144
9745
8796
9692
243
7920
2147
2154
5217
6796
5529
9972
5989
1514
3018
7872
9467
4474
6976
3851
2612
7915
1304
777
7057
4373
4604
525
1946
4023
112
7085
707
969
7841
5556
8381
4611
7205
2357
8840
3797
7324
5173
5511
6091
2564
2097
9993
4141
5649
3710
5783
4418
5750
4004
917
2791
5051
3871
7255
1509
6051
9629
4174
1036
2418
8134
5698
9975
2483
6780
2770
2675
7775
5215
3729
7055
8057
8611
1303
9487
209
9702
9188
6852
4033
6253
2669
9496
8053
6894
1557
6240
4383
9427
5259
196
329
3731
7493
5377
459
8295
9306
5586
9397
7435
2008
3215
1269
5977
7802
5713
4616
7495
4109
1244
5813
5745
9330
7601
5583
5996
5733
7980
2107
5533
2433
3714
9637
9488
6626
5486
812
5197
9584
1754
8168
3027
4706
4684
4747
8160
5836
2777
684
6110
3722
5594
2624
7489
3727
5797
5106
5840
3780
5949
3768
7247
1730
3698
9716
4403
638
3244
759
464
6244
9801
2504
2747
781
977
4647
4748
8871
7863
3459
5151
6271
7829
8252
6738
655
8870
5461
2999
384
8308
1332
47
5227
5912
9483
3694
5359
3320
2583
4052
3506
4876
2877
2509
4117
7109
93
458
8637
2880
549
12
7382
8864
7651
976
7062
9244
6912
3236
3819
9926
277
1548
1160
8867
3905
2794
5369
4952
5860
9807
4734
1800
2958
5408
5128
1306
3194
2444
9504
6566
1732
5913
1559
8007
6245
2003
5540
4588
3822
1690
7900
5675
8957
3869
874
2412
6009
1346
807
6054
7438
1770
8579
6848
1671
718
501
4488
5349
1619
3579
130
7949
7522
4568
8767
9591
2126
6509
9880
262
2676
5992
7739
1209
7645
432
8584
1115
2361
6957
9704
5152
2355
3392
1376
434
8941
5685
2761
3461
7561
1845
3599
8107
1707
1013
8676
2019
5806
6105
8524
8051
8046
2748
2911
8048
6276
350
1448
8494
4785
4990
6940
2733
2340
6719
6811
4002
5409
4159
8572
1134
984
2058
8455
9468
9515
220
4613
2838
5637
5064
4622
9121
4626
8681
8427
1003
4918
3491
9235
386
921
7056
3902
3339
8369
8028
8486
3944
845
9724
7721
8724
2590
1433
4842
6931
7780
1098
1065
3862
3219
8543
8318
4345
9400
9871
5410
9081
8645
4366
8813
5301
4702
6410
8200
5932
5190
1398
8008
2259
8030
4728
4173
6221
8674
8061
6338
8814
9433
8525
1699
3724
7046
8868
1731
9959
9628
6230
6456
4437
3122
810
6062
230
3760
4167
5710
3576
32
4993
5778
3186
8526
4072
3009
3360
8971
9619
9728
5085
3633
3693
69
8094
1190
6681
2916
3621
3951
2959
8557
7286
8954
7574
4920
6938
37
4498
259
7619
7230
3678
3734
8723
6392
7106
559
3311
4248
2708
1424
2479
5847
2716
2443
8839
4574
8123
6874
2451
5831
9275
633
3738
5822
3294
9458
9311
1070
1562
5370
1704
8787
5384
4735
4634
2305
4191
988
238
2267
9699
281
4889
8201
2072
7547
3583
2475
