10000
7933
7695
2227
3336
7348
2477
2553
6048
6854
6659
2891
2051
9529
6921
1078
1688
5979
3984
2859
9804
7447
6810
4407
4419
5796
9328
3699
1175
3285
1076
760
764
7028
4109
557
688
1569
4161
5471
431
3193
6915
4796
6115
62
5407
1116
4914
7927
754
5719
8721
4597
9337
492
9163
7788
5865
7076
1517
9243
5238
6287
6284
773
4261
9925
1270
4865
380
1228
9478
7158
6833
4002
9643
2884
6759
2379
6780
5188
9677
5290
4423
5632
4925
1169
8547
7809
5619
1718
1429
3296
5761
5624
2214
3685
6411
8009
5857
1046
1083
1281
1683
623
2467
969
6874
3962
10000
7395
5581
89
4130
2435
272
9640
1513
8212
3120
1693
1032
8221
9263
9807
481
3636
5435
2258
1224
5044
4944
5532
1364
6090
1565
4488
6703
190
830
843
6246
1351
3199
3969
7441
626
2978
2462
2877
4105
2953
1499
7256
2446
7204
5641
7754
9617
3291
8933
5169
3197
2035
9546
108
1758
1866
8388
9079
5001
5696
2885
2931
6071
6261
2431
5247
7114
6945
6079
9942
7368
1271
9196
4933
167
4056
3116
895
2602
1987
2385
5476
1548
5967
7906
3974
5910
3661
7411
2992
9779
6133
1954
4808
2641
215
5167
9289
182
1916
4706
644
5282
8453
5637
7666
1917
5702
7019
7673
8303
6492
9203
751
7487
4663
4055
1106
4930
9805
5047
6569
9923
6952
6179
1864
2146
1754
5732
6983
3941
7930
8836
7143
3362
7170
3096
6466
5417
4843
6380
6283
9662
6601
3911
9771
7121
7766
6345
4718
4734
336
5710
9542
4133
7117
2750
3047
7451
4012
9001
5856
332
6677
1869
6025
9626
3914
2478
6204
2391
3591
8806
4717
1453
6153
2070
1436
7700
9452
9939
8369
4635
185
440
8422
7572
9191
2790
7198
3564
1315
2373
3968
7053
8094
6312
9526
7130
5488
789
8321
188
6843
1043
4967
4121
9433
5234
9663
960
2689
459
9311
6506
1492
6221
1654
8928
3723
4728
3726
4801
8614
3206
9666
8719
2676
7190
6336
6215
2213
2864
4443
2924
6234
5615
2348
2089
4629
6201
5543
100
3509
10
8757
8148
5434
1636
502
9680
2276
2158
3148
6302
8843
368
3471
7556
7002
4632
3456
6267
9143
9346
9274
3527
5087
4831
1433
7466
2207
1066
8289
8847
988
564
6428
260
4269
8331
724
1275
3013
372
1384
2216
8586
1430
6392
3391
1091
2150
2237
5369
1921
3667
6747
1968
6719
5764
1521
6337
3229
6100
6008
4690
4348
5296
535
5665
4985
7113
5009
862
5051
3875
3308
6238
2520
8882
5383
2111
1776
9845
8446
4613
8323
5705
7883
5932
5756
5333
9246
9530
3315
1187
3708
7514
5133
441
8605
8156
5826
4897
4321
5231
3470
3727
5487
578
4249
3121
8999
1974
6555
2642
3894
6180
8715
9697
2233
1171
4421
5718
6434
1992
5095
1906
9952
5978
1162
9495
2461
4585
5821
2354
4078
6058
231
7012
1340
955
4936
8939
2419
6200
7267
1860
78
5112
4415
7905
872
3027
1176
7010
1957
8565
8095
183
8681
3004
1135
9696
8125
3827
691
4440
1392
1978
4921
4368
9251
2658
7144
6877
3633
2048
1645
853
6049
9669
1354
9197
4545
6867
1692
8411
2783
5846
4201
5780
4286
8219
2808
9683
2760
5099
3716
6904
2523
2585
3011
12
4999
5860
2694
485
5442
7664
4574
1577
7371
5684
3339
1596
5604
8026
9931
5016
377
6436
7164
6126
4066
1470
700
6494
9827
4662
2134
6942
6549
3329
7980
2153
5104
2139
6574
5401
3327
3262
6235
3140
8442
3939
9919
3553
1831
9134
3448
5139
4303
6817
3373
3369
197
5743
7400
4332
3643
9777
8977
9559
4552
7258
6771
6373
3112
8972
8855
8201
2154
4144
4856
8163
5799
8078
2830
9453
8086
702
1722
1112
4338
9465
2870
4571
6017
2074
9064
6158
1363
5640
9681
2919
2374
5026
3899
6851
3595
5018
2929
656
1138
8410
5254
9189
6035
5349
435
6521
2061
2218
881
4809
9277
2315
2800
3449
8352
7698
4758
4137
1708
3443
6685
7504
1473
2170
1086
3035
4393
4680
2759
4836
8680
6151
9752
2366
2490
9073
7489
9119
3270
7684
8692
5973
1452
8
6452
5039
133
9060
7280
4387
11
2627
7018
7370
2711
9148
3335
2041
5713
4395
2390
2474
9903
3487
2865
7235
4825
2743
1139
4372
2283
8619
1598
8610
1186
2505
2361
1461
3679
622
5368
1584
1185
9157
223
1927
6191
4708
1603
8359
6736
5552
1698
4437
1277
3345
5162
9650
3377
5955
8266
7866
9242
1121
9115
318
9960
7181
6307
2663
6277
7328
1397
6477
8787
2575
8697
9078
5153
3678
6507
6662
53
7758
5691
2259
4580
2974
4142
7408
6961
1975
4106
5038
8938
7999
1537
4507
4276
6007
7649
9899
8740
9866
202
6269
3221
1845
4308
5741
632
386
1414
7892
3978
4245
8498
3706
273
198
6422
6210
7409
916
1720
1002
6865
2264
1084
5629
7422
4296
8550
2825
1873
540
8864
7236
1019
8376
5593
3590
9394
2365
8635
451
7088
1180
3222
8801
5340
2072
4512
6425
7972
2039
1914
2149
1796
8066
3749
2748
3388
3347
2573
64
2177
9706
8160
6356
1223
2548
200
3395
921
5740
5342
4128
2222
8867
9678
8234
6186
7752
3907
9728
2053
379
3834
3628
8193
6480
2357
3892
5358
2923
475
8231
6397
2554
154
6394
269
8166
5064
9757
6602
7337
5897
5884
2106
6650
5647
4054
5584
6060
4524
8789
4263
362
1090
9774
1510
4976
5991
1905
6998
4908
4724
79
6679
2921
5946
363
4183
1256
4481
8845
3041
4340
6432
7678
6580
8807
4251
5540
9748
2717
5245
4517
2998
7247
1062
3671
664
7054
745
8088
9258
2844
2714
7940
7084
8833
3701
8132
8307
8556
4293
8991
5531
3572
2742
618
5990
4923
1980
3172
8533
967
9161
517
906
3108
6364
5424
7551
6104
3954
4221
634
7725
698
6868
8956
1130
676
640
8152
959
5964
5546
5221
3198
8870
9590
8512
2468
522
9520
6632
597
7047
3956
9997
2370
727
3156
6708
106
9063
7093
6975
7005
4764
3489
8084
6473
300
9103
8065
6545
7074
1782
6852
7974
4838
2671
4957
5143
7036
7716
4284
9670
8786
4177
9056
3109
5475
9122
3008
9608
9450
4149
1372
8655
4447
7543
7976
5049
2058
9185
3638
6758
8862
6250
4539
5077
8425
9849
468
7031
5225
7627
9313
9411
6002
708
3525
1798
3975
2818
4824
4882
9427
8190
9437
5516
296
5945
4569
9047
6590
1911
3842
4187
2410
2082
3820
2969
9146
494
2563
4565
8812
3046
72
8627
1334
2667
7880
1213
365
6276
5427
1981
3114
8247
9208
4555
304
5575
2086
2991
9446
8636
5078
2453
9753
392
5788
1835
3440
7196
9107
600
9607
4906
73
2538
8816
3725
7616
66
974
8825
8081
2904
9754
3474
3184
3541
1951
4700
3844
7630
898
3507
695
3252
4345
6982
1200
2136
5695
6926
4550
8603
8054
8572
4283
7304
2569
4446
9461
5472
8743
2843
8623
2120
6698
268
7013
5681
888
5456
6750
4181
2495
8347
6015
2066
2605
5053
1564
6965
6225
5266
3074
6438
9809
1803
7308
2684
7264
8853
8025
2839
2148
2042
2440
1804
6299
5288
6291
3504
9421
8986
9294
9568
8470
6862
5930
8930
6993
2566
7420
6726
5853
1648
1558
7978
5868
1258
1039
3967
9104
4266
531
4760
669
5299
4727
4420
1621
9218
2445
7244
8654
8990
7784
4323
1459
7790
7898
7877
4598
2964
1586
1979
3476
2244
1288
9717
6938
3943
9483
8940
3835
4852
6712
3777
3152
6107
7246
4754
5412
6718
4594
4497
7232
2683
2129
3902
8997
1786
5513
7994
9725
5189
3854
7193
6203
1794
963
3971
4426
968
5285
5725
538
8578
2899
141
5503
5748
1402
1747
7290
8617
1149
2179
4186
7850
9567
7722
2655
6343
7132
2444
3858
6989
1546
5328
9054
230
7638
1904
6713
2266
4705
4822
7981
5276
9825
7774
8177
1155
6361
8295
6178
617
6389
9494
218
2341
1765
9948
7646
1349
5324
168
2300
1961
1424
7532
6841
868
3559
4291
1675
3235
3163
3634
4813
3183
8828
6064
2099
6929
9108
2597
3903
6262
393
1253
6170
5208
5330
6863
8647
2950
885
9878
7350
4748
4561
2881
5088
4490
567
6057
7148
5251
503
890
3038
8876
1393
2604
2756
8128
415
238
9509
4390
2043
8210
4916
9897
4226
1008
543
3990
1843
8764
3929
1394
9963
6097
1514
3925
5316
9719
3745
344
8024
285
9528
2882
7168
4094
103
6704
1423
9847
6230
7748
5045
6621
6358
5447
7593
1691
3464
987
7176
822
824
9584
7642
9376
6948
9393
7890
387
772
4098
8237
9220
8769
7329
6895
5203
2729
9194
9615
5119
6727
1862
2336
8835
6920
9202
3513
9262
7515
5925
93
2421
6563
3065
8494
6065
9159
4454
484
8390
9066
9343
545
1522
9736
1407
340
2928
7467
9901
1079
1788
7437
8509
1938
9037
6584
8469
321
737
4173
6572
5102
6525
2457
465
7621
82
7192
1434
6214
5708
7520
7380
6293
1466
5366
1631
6228
8013
6069
4082
4206
6821
9003
9303
1305
7011
5230
1246
9573
9772
7777
1318
9653
3862
5639
8701
8495
7115
9097
6205
7839
5906
3724
5093
4546
1852
293
1893
505
5803
845
212
6548
2805
6903
6233
9724
3036
1511
2838
6032
5496
1417
2339
3495
9293
6401
333
1264
6056
875
965
7523
9112
4424
9822
8109
1438
3883
4048
9932
4129
3926
516
4238
3709
5608
3412
1232
7137
5300
805
4685
4888
2189
6683
9121
2255
836
4896
3669
6011
55
83
3683
5768
8316
8618
3482
9549
2740
1126
7219
124
5613
7719
6658
1930
775
9430
5752
3209
8931
4168
4590
8982
8579
8872
8995
7859
50
8111
631
6612
9043
3122
2895
2167
718
7185
2535
3173
3375
3769
9443
8558
2796
8564
7867
5083
2380
2654
6241
7359
9796
5645
911
5122
3428
2115
2746
730
7083
2312
3585
6774
7768
2405
9484
7759
5283
7269
4451
6622
3106
3026
7483
5971
349
8896
3942
1579
7360
6078
7081
3194
3622
3945
134
5202
8608
6725
8296
6607
6305
491
180
9687
1118
2776
4376
5965
5074
1240
8621
4829
4358
7183
2702
2977
2075
2521
5722
8174
6484
6038
8459
2353
6183
5409
3681
5492
2632
6490
4228
1449
8551
3433
7553
5886
3441
8427
3906
5320
8818
2015
3935
2966
527
6934
3828
7534
7924
8859
2334
5704
1606
9260
109
9732
1670
1339
647
5034
7216
6006
7803
5297
8414
3599
467
324
4199
8284
9471
1574
3775
7979
7720
2340
7878
2320
5191
7598
8436
414
4929
3917
8713
9168
1016
8601
1969
9342
7438
7568
317
3577
3912
832
1861
4885
9576
3548
9045
2138
6886
2541
3983
2657
5399
3839
823
3637
2
2587
2947
4873
8328
1647
938
7149
7625
5432
8200
9965
2955
1181
1882
2708
8260
140
2008
8342
2286
5812
8775
9164
3569
3645
9896
1383
6879
2782
2943
5499
3856
9076
6956
3673
8417
76
1651
840
6089
8648
7435
8526
9788
9508
2940
5433
1554
315
729
5650
5837
1168
2304
2372
97
9972
4566
2279
7252
5558
8037
8747
7919
8978
8720
1888
520
1939
3958
6748
2466
4422
2254
4262
7412
1795
6253
5314
2420
8318
8699
8345
8254
7731
3561
8450
145
2871
1487
6912
2937
2856
16
833
323
7186
4978
5685
4359
403
4792
1132
3244
2942
7243
5517
8198
1792
2272
4554
7316
5462
9353
4645
3702
7123
3478
1021
8576
1502
1467
6672
4299
2580
4325
5621
8536
8906
329
8981
2265
5253
6209
4509
6887
7566
5335
2586
6437
5872
85
3272
1416
132
6129
5638
5280
9641
6785
7672
4122
2263
9976
8507
8530
3042
589
3691
433
5692
7864
5851
9819
778
8644
1759
8277
1746
3003
5976
929
2013
1706
2916
4022
7224
3732
7498
637
8360
4155
3389
5617
7078
648
5030
6513
1400
2403
152
4588
3305
3651
6000
3301
728
4040
802
8593
9794
4886
5069
9566
382
8733
6618
9100
1731
1329
4357
9144
7996
2433
4435
716
7211
5620
9955
6177
1035
3546
3230
6944
6637
4636
9288
4504
1215
2397
9098
8380
4489
6087
3885
1948
3087
9367
384
1308
3319
2727
2522
915
8030
913
928
7414
1395
537
603
4671
4522
927
3750
3340
5827
8493
4247
6576
5802
9291
8101
3688
2130
839
6739
3997
2308
7738
1791
9316
29
5422
6715
9516
9868
5048
1072
5508
263
6005
5066
7581
2021
4626
2611
5560
675
2772
4644
5207
7988
7549
8821
7382
9594
1994
532
7529
2603
4501
5515
7696
1104
7902
8707
2989
3266
9765
1842
1959
8808
192
3398
7966
863
6991
1509
2592
5071
6419
6550
3592
7537
292
7843
4432
4938
9674
7971
8240
9891
7632
4389
6988
6229
216
8314
5079
7973
1058
5631
8315
8987
3039
327
3733
2576
1764
6560
4881
2400
5634
4887
1855
8873
8637
586
8394
9799
8463
9118
2030
1477
9457
5556
9440
2188
7091
7813
290
1094
2481
7090
1218
6292
3670
3989
289
2295
524
2970
7069
9417
3781
6520
4010
1607
7806
6274
264
5506
396
5027
4462
6610
8662
3759
806
2384
3367
6627
437
9065
1787
7635
9571
5457
7661
3949
7421
5395
827
6063
341
7287
8883
3980
5781
1773
189
4400
1715
8055
9835
9374
8857
2006
9635
6046
4023
3738
794
9249
2038
6805
2565
4383
1081
5642
4115
7997
1704
8503
3601
6247
314
3125
7778
1676
3061
2552
5223
1918
2778
5213
4090
5869
4404
4637
157
3804
3604
4890
9979
3354
9221
914
5204
3809
5501
6496
8162
2741
3249
650
8953
593
9824
4047
6581
1428
8916
203
8765
7717
6740
521
8092
8082
6706
6156
8731
563
2803
7041
2672
7356
7102
5926
3
8468
2196
7388
5889
4154
544
6164
9985
1689
9099
5944
9007
5040
3142
4783
7128
9769
8577
374
6161
942
6030
9238
5675
8554
170
5325
7089
1221
9283
9718
8597
7753
9843
7242
8465
6794
5343
9230
3937
9105
7311
2032
2509
3071
4505
8773
2497
8689
9945
5248
1191
6342
4614
2229
1695
1003
1512
3176
630
3000
7794
9621
7870
3735
9604
857
3650
9873
7291
8885
1789
4153
2643
4074
6932
7961
9553
3434
9467
7796
8638
7733
2815
5450
9733
5357
6202
8518
3924
8478
7488
5480
3287
7743
7629
1020
889
8187
4592
1976
7029
1182
1469
7729
3696
4864
9645
7396
7305
7861
4134
581
9348
6391
2976
4352
4572
4069
7288
4108
7495
8936
138
3208
4736
1412
7092
2122
6236
2821
3267
6223
779
1632
5957
2900
6412
7403
8560
7655
2770
2418
4438
7737
9767
6804
1222
3300
2087
5920
2275
4541
1990
7037
1413
1448
6907
6350
4300
6034
768
5115
9950
8228
3744
7707
7279
2083
3243
7703
9577
1097
9089
3404
1970
7723
2292
1912
7094
5571
4469
2527
4741
8958
113
1751
2996
6330
7552
7496
5398
5002
9874
8002
743
2475
7340
9109
7014
7787
6327
48
8096
6363
7399
7824
9032
1618
1148
429
5322
369
7156
7559
9624
6643
4515
7352
999
683
6148
3952
3082
799
2432
7986
5396
4535
6459
5371
815
518
576
9601
8374
3805
2833
3257
5
305
7436
7035
5583
5512
6088
4076
5841
2140
9307
5876
4702
6329
740
9008
4429
1244
7911
3582
8151
3803
8819
3786
8736
2951
1210
770
6953
3970
4951
6297
8917
4033
3791
9240
7637
4496
7612
8714
7040
8124
5525
2288
7623
8346
1061
8665
6324
4587
4846
5166
9614
7221
1743
3536
4624
9797
9966
9544
5534
5737
936
4111
8048
8375
8017
9312
65
1920
297
9780
1813
8905
2848
1703
909
2701
7586
8952
1785
9209
6707
2827
7561
33
3765
1890
8326
473
7706
9306
2491
3898
9459
1749
8418
8046
6187
9061
9259
244
6911
8893
8506
7146
8080
2401
6470
3210
1929
4997
2209
3083
4315
6075
6349
4804
8797
7958
6838
2938
1437
6135
9095
3332
5227
4143
5129
2634
3576
2488
7050
5470
3790
5779
5830
5849
9363
4599
5463
6923
7757
1982
9783
9213
3494
8340
4673
8241
7107
6744
2779
1999
6722
7098
2019
4848
3486
1031
9821
6530
2249
2785
119
2296
5787
4184
5947
2930
5922
4116
4458
4878
753
6439
6093
4476
40
3890
2062
639
3455
1827
6619
7481
4581
1872
3075
7366
4622
5410
2252
1484
8142
4553
1928
483
1630
8249
4653
7151
5171
900
4235
4768
8003
6772
1811
7391
5181
9138
3331
1570
4781
762
1335
1075
9840
5636
2866
9024
1821
4961
3007
2156
8267
2995
6239
9409
2335
3547
8650
636
1290
1638
4582
195
5489
6044
9817
9740
7206
8122
2820
1030
360
8923
7448
9800
81
2920
2073
9540
5334
1015
6638
2559
964
5459
3419
1735
4810
7863
3215
2332
135
7573
3374
8633
2322
3884
9639
4641
6347
5260
3817
2600
4009
3164
2617
9489
455
6348
9522
4445
8793
8133
1087
8460
3231
3179
5902
1655
1336
7595
5883
6067
3615
5661
7511
9844
397
4313
1388
7967
9296
6600
6738
3658
9096
1737
139
4349
4275
2765
7761
6959
649
917
710
6139
2113
8102
5586
120
5699
6024
1301
8725
4253
4583
7781
2716
8218
4172
6377
4649
9978
3050
6193
3623
7691
7344
8223
5341
7886
6812
4712
3465
2806
9890
559
5717
981
1657
8259
571
6971
4797
1074
9229
4525
6406
7423
892
3034
6143
5286
52
5985
3147
5594
9872
3959
6614
3261
4452
6749
9586
7615
5907
2755
5059
4721
1924
8371
994
6885
9305
4114
5111
1498
9232
1326
3477
717
2311
7133
1972
677
8880
4643
246
4467
2489
7218
3524
3812
9936
2696
6697
6769
2328
3998
7254
420
3621
4382
509
4265
6472
6651
6661
9354
684
1041
7439
7518
2080
9887
2231
7493
389
6773
1450
1479
8703
9327
7044
4374
118
9761
7645
9583
601
8824
808
4003
3024
4609
7832
7174
1908
2324
9957
8305
3497
3346
9627
1068
9468
2200
3314
8385
5220
3059
355
951
7401
8479
1266
5295
556
4941
8070
4222
1744
9344
7295
3584
9458
2994
4502
6442
7990
4158
6963
8767
469
3674
1357
9860
3624
5951
3999
9415
5672
9916
7783
5317
2470
4335
8308
6094
8476
7294
4209
5367
1491
3130
1587
8337
7582
3539
1255
7456
6691
8406
2983
1658
1042
5527
8646
2802
7607
6050
8067
7516
1103
7536
8929
6815
4710
2325
5302
8737
5350
2500
6023
2206
731
1134
9383
1549
8955
6165
6118
7135
654
3274
5262
401
2767
6620
5892
9204
1993
9956
2040
3306
2465
7950
6303
3070
3067
6217
9410
70
1396
9882
4955
142
5507
6686
6101
352
6123
3224
1403
9904
3406
8559
4351
3312
56
1783
6082
9051
5117
5961
690
87
7982
2223
869
896
5126
8164
2629
5657
9798
8632
2367
5597
9702
7604
7640
2494
501
9704
4307
7871
886
3256
5046
1465
4492
1870
4675
4958
5663
9042
3029
5337
7533
7492
9971
3915
3279
2438
8049
6486
4670
2232
2347
4030
3105
4413
6842
5192
2406
5303
112
8802
7915
5011
1205
5980
8186
1713
8207
6195
2879
9255
3451
9434
865
3703
3387
9174
7032
7805
125
2208
1422
3370
5144
7064
4101
8924
5859
8484
666
4747
1896
5545
4534
8728
7296
5988
4849
8901
6300
2046
6816
1432
3675
217
6216
7333
8889
6314
5411
2715
96
2434
7027
1740
3996
4487
4175
713
660
6393
2543
3972
1368
8008
8171
8161
4256
2155
8443
5651
8056
2107
2060
2441
5106
9701
1320
8113
5217
6558
7578
4319
7484
1302
1614
4474
2376
5006
8624
8131
5917
3392
7577
6512
3850
1634
1762
367
3752
4521
9153
819
7142
9072
1593
4079
6505
7301
2114
6832
5588
1505
8014
7051
9541
958
2281
4603
2085
6288
5526
6031
5673
1151
4994
5076
3538
931
5237
8690
71
9632
997
6566
6631
8311
4855
4694
2686
3772
6575
3269
4198
1211
9532
6604
7744
4366
9523
6905
4058
1950
7603
4910
1056
8338
1367
4954
4759
5911
8441
8840
1756
7060
3575
6514
5528
1080
616
5880
4616
3169
8137
1065
7921
9074
2210
9233
6536
8823
6212
2852
4087
1468
9507
2567
1404
2175
8894
9930
3349
7949
8510
7705
6344
4805
8191
9361
8105
3713
8291
8744
283
9525
4148
8333
1447
3055
755
1525
1667
6933
1332
2997
8250
6534
2250
4905
1049
7413
9747
4119
2034
419
7869
6561
7560
3908
7697
4150
3492
1435
747
2245
3966
3258
9554
5801
6986
6281
6102
1653
1662
7590
5041
9281
9431
8522
5628
8729
364
5505
4178
3840
5698
7814
338
8630
7922
6762
6951
3757
8950
9527
1029
4510
2147
8093
3040
5019
7903
4365
9969
1820
956
7546
9664
5927
4617
8581
9380
9126
4278
7528
4559
2203
2706
3508
9938
3985
6275
9330
9743
3922
4789
3251
9322
5091
4516
2913
2878
7459
4311
643
8954
6219
5566
8766
2454
3889
8634
9397
2343
7565
1833
3822
4578
7392
5193
1026
1809
5356
94
7856
2968
3747
2416
9147
6792
4904
4028
6508
5397
5509
8196
3612
4202
9482
2662
9915
7836
5939
8007
3118
9349
9036
941
6366
1582
6517
5061
1045
5809
1331
6091
9833
9688
1838
5170
4495
9058
5769
7321
4816
5679
6181
2404
5670
2793
5795
2442
7171
2952
6543
9924
9245
4255
4230
9270
2396
4124
2000
3461
9158
515
5344
5370
3157
8286
2612
4620
2351
3687
4947
8246
18
948
9695
6497
2399
5271
6109
6746
7818
7591
8042
5108
554
9944
5760
8298
2832
222
7963
1299
2050
8068
5747
3023
2889
1802
5555
8700
8367
2011
3435
9820
143
925
3863
5603
7454
2329
525
2246
3746
7293
5828
1343
3792
4696
1937
1526
2081
791
3743
4384
2593
781
8520
1406
9145
6987
3876
306
1289
5250
7801
5003
8948
213
2728
2314
8324
7429
5622
4570
8372
2894
8194
5323
9476
7689
6251
4014
8763
3171
9152
8457
2945
8609
2984
3722
1193
7957
4491
9694
4738
8350
6892
8282
3626
8220
1231
550
2162
5376
5954
9127
5842
6734
7331
7713
1300
1602
9235
207
3323
5626
9184
1902
3467
7283
3960
3330
6969
506
7108
5024
8405
7557
460
2469
8185
6106
4803
443
9850
3403
5680
9856
3647
5931
6597
4204
4034
1409
8288
8796
3357
8482
3639
3103
7675
1248
4646
7309
2775
3676
1901
2417
3880
9139
3597
1262
8115
9763
6640
6396
6860
6243
1769
5918
662
6252
3060
4179
25
6858
326
5473
8227
6134
5461
6338
793
9030
8908
6171
9789
7303
9472
6232
4097
873
371
6138
4059
3806
4301
1239
5981
3048
6184
388
4981
6408
7233
841
8913
9111
767
8485
8858
3276
549
1822
6242
6462
1825
2161
2178
1812
6458
5829
3798
8557
5972
6837
4774
7650
193
390
8688
9407
3175
23
8532
3739
3133
2297
8114
7361
1516
9685
4711
3480
8545
1945
1247
6331
7828
585
9513
2987
9334
6906
5820
7622
8519
2502
1122
2327
339
7478
5105
3049
1700
6687
4200
1001
2638
1533
9406
400
6700
5043
3779
2735
5042
1664
9004
2482
2118
6671
1420
8356
9705
5304
6482
5913
6946
3837
3964
7203
5308
8334
5086
651
9404
3694
1004
4232
7583
8251
9834
4835
8176
6323
5703
9864
3600
6699
8616
6635
8327
9039
6761
1875
7676
3417
5263
9448
6304
9447
6270
2068
3390
3009
1781
945
4656
4333
8473
4911
8310
2636
4778
430
2383
61
1445
3646
30
4665
9991
2301
4029
9543
9793
663
5454
6834
9918
4163
4666
4672
488
9517
1671
7668
8918
1761
3930
3127
3411
5321
480
9766
6562
2450
7956
3799
714
722
4618
2247
6155
3664
9636
9886
5348
599
638
1485
7969
3117
8822
1006
2067
4577
5426
74
4416
1834
8831
4065
1815
2092
3010
6645
1879
2052
9714
1733
1036
6625
8270
3767
5373
3613
1817
1150
3178
7808
4164
1060
4392
1457
2498
7507
7714
3160
6454
5893
4464
8225
9481
2219
5184
6542
4080
2239
1279
8033
3886
2287
5386
8035
2409
4418
2010
6565
6898
3113
1583
2230
5701
9382
4779
5950
5834
5393
402
7299
3814
4746
2769
450
6823
9027
116
9041
4007
1807
4061
4252
7376
924
9839
3342
2542
9285
7068
8968
2190
707
5155
9564
7284
5292
9675
6537
1839
3361
1377
5850
7241
5359
9432
1767
2243
9762
4697
6405
2835
471
9831
610
4751
7505
8355
6379
3044
9536
8505
8370
1250
5200
5145
3819
3204
3826
3793
8127
6014
6535
3549
4560
696
5757
7732
8150
7426
3598
9390
4909
7237
1023
3431
763
7338
1109
5514
2546
934
2359
3409
8486
127
8264
3028
4342
5895
9224
1415
3654
6799
4977
3580
2448
5255
3021
6968
607
2526
8911
7319
1623
8038
4494
5443
6866
7889
5611
6962
816
5353
6378
9428
3429
5267
6813
3162
1719
9591
5075
4302
1641
8063
8902
5252
8430
7197
2005
1440
7943
9870
6783
8778
3394
9610
5568
6018
8273
5257
2990
7334
8382
6529
6045
2449
6955
1157
8261
9832
8104
8886
2131
2529
8398
1680
3824
5539
8569
6935
2705
5987
3436
9261
247
7527
6674
1381
2282
7741
3072
8440
4081
866
5994
184
9439
6626
8732
9535
9081
385
2556
6518
6249
6789
8693
5941
2225
1768
9049
8961
9498
7610
1571
6737
907
206
9582
1486
8364
44
6639
1333
5592
4858
4934
4190
6152
7868
4391
9333
495
7634
2452
7517
1575
2192
8815
9022
9744
1923
3766
8935
8412
4152
9661
4917
8651
9166
1164
7631
7937
7080
5414
9479
9949
4381
7432
6355
5590
3091
4987
6752
250
6105
1027
219
9545
2880
995
5786
8306
5854
8195
6781
1161
2025
9426
7381
9162
1678
9188
5453
8214
9875
4013
1304
1295
4457
5772
8782
7820
1652
937
9907
5346
4289
5974
6831
5485
8704
8279
5798
8561
1601
6443
4966
8504
5914
8183
3297
6036
1730
661
5767
5520
6669
4704
6664
1370
9970
1088
3869
6268
3982
8053
9721
4140
5819
5784
8927
9181
309
1114
2807
5284
7605
176
996
1474
463
7704
7812
7490
4396
1360
6039
5312
7780
5072
7960
2749
7512
1142
4815
5140
9784
8792
9558
1536
9487
7134
1673
7932
4377
786
4839
4709
7658
2860
3119
8492
1535
2037
864
9456
9128
838
2762
4658
5389
9212
4280
6192
1107
9466
5455
3177
5131
8711
4695
6603
9169
8810
9370
6931
9756
7162
310
620
9690
5966
9961
6964
7947
4664
9369
8041
9857
7177
6882
7229
3064
2914
1685
4932
741
7735
6899
8538
7670
3134
5736
8892
5301
1257
7077
8290
4085
41
2464
6399
5606
5258
9052
7341
1418
8571
2834
1887
4726
1826
2788
9708
2411
2918
245
4196
6279
7576
3337
9496
490
6381
3195
4523
7531
4591
9207
4046
4986
8895
1085
6199
3479
22
204
9180
3499
4983
6374
6717
1225
6172
8393
7024
5896
5017
4223
8076
2486
7263
7138
1082
5562
3778
548
6150
3986
4964
3993
8499
7693
1000
9228
7840
9329
1497
3084
3721
2211
3818
6317
1234
2056
378
2323
612
3180
4217
6655
8562
8528
4679
2710
825
682
14
2127
3579
4991
7901
4193
4731
6802
512
4842
5100
2036
8761
7386
5311
9698
5807
8091
7046
9781
9034
5236
1131
7095
8625
3663
6690
9160
9802
4628
4344
3383
8257
6559
2371
8604
31
4548
3379
1170
2896
9190
5096
3831
130
2507
2873
9093
761
5132
546
8012
2031
7584
5630
1378
697
7769
3317
4687
3741
8804
1344
1830
19
1379
1710
9668
8951
5246
7779
3608
1562
2471
8745
920
9651
9155
159
9216
282
3225
3700
4316
2999
6498
611
4127
7150
346
6649
7519
9200
136
7172
1208
3992
5329
5928
4367
6925
7289
299
6711
5156
7450
705
2352
1140
9934
3531
2143
7491
4676
8671
4876
9959
513
7948
4558
3078
3144
6028
9223
3326
4735
3259
720
5445
9192
4631
5749
3161
7597
2473
7116
5678
8860
3321
8292
1853
7682
9660
9922
9648
989
4737
8271
7320
4388
4518
6009
8548
4215
4428
5687
2496
416
6814
3001
5021
4214
6595
6098
8357
670
117
249
1717
5862
1983
3136
2194
2185
8302
5550
8419
2841
4968
2664
9287
8019
6315
9537
2195
3031
3378
2145
1534
7900
9515
6280
1093
3852
3816
239
2173
1585
6705
849
2483
4627
6450
5814
1145
5150
6564
8119
7310
151
9488
7364
5825
347
8404
9894
5098
1828
9524
5270
8058
3149
2533
1038
351
2251
9217
5008
1628
2513
9533
3573
1322
6694
998
3808
158
3832
6753
9110
905
2828
8723
1790
6801
6301
4068
4162
5388
3988
6616
8832
3299
7015
5852
3666
1660
449
5600
1190
4093
5494
6451
5848
2907
8524
2693
899
8455
8868
514
8217
2402
6237
6042
6001
5815
9572
7964
9206
2872
7139
5569
7016
3629
4401
2555
9964
4503
2088
1886
2707
6918
6648
2460
3135
4506
642
6596
982
7259
6992
6070
7946
6729
4450
1520
4701
3316
9035
8107
2922
2504
4861
1967
9790
5241
2625
8402
4625
8691
6256
209
8481
6924
5697
7169
3371
1330
4837
2850
9150
9264
4602
1799
7141
4237
220
9980
6255
4194
276
2487
7908
7848
7300
4633
5720
5771
4812
6413
4113
2119
1398
1986
3586
6908
4576
2084
1117
7042
7611
7167
9863
1263
4431
9455
4346
8612
8341
6901
6119
7417
4959
9392
2631
655
8985
7929
2562
9341
8144
8496
8100
8203
7571
2752
3351
7699
4324
2313
5618
1442
2675
9114
2809
8541
7485
7555
8879
993
3066
2826
7096
6630
9211
1496
6263
3416
2596
6445
77
3644
5745
3867
4851
7798
343
6130
8753
5948
570
8487
7677
8300
6585
5365
2659
8366
4889
303
4766
9974
6086
5921
7393
9570
8675
8415
4819
9503
4125
9086
919
1907
5686
4045
3481
8900
1285
69
2455
3278
107
7286
418
1057
8600
8881
5355
9679
8983
5817
1446
9888
7455
8079
2022
5753
4931
653
6456
7881
5993
5882
4668
376
7025
1243
7033
7245
8229
1553
8184
7249
1531
9578
8378
1745
1557
4871
5574
6599
2220
4514
2540
8462
2002
7026
8709
2501
5997
6824
2875
5938
2069
4860
4755
9416
9408
7200
3153
3427
8535
7416
6010
7628
7539
1729
7763
464
4354
7418
6125
7885
5890
693
5782
4336
9973
3860
6402
476
7785
3488
6369
5742
7131
9304
2731
7180
4733
7728
1966
8358
3655
7535
9579
7636
1620
3437
2135
5977
4596
2867
5669
9385
3233
3018
8877
7893
6634
1471
5390
5269
383
694
2326
8028
7773
5384
2639
3794
1127
4147
9297
9241
5197
9171
9318
8022
4729
2590
8138
5969
7332
7643
980
9909
8205
1801
7983
6820
1559
6359
7313
8582
3081
2534
7292
1591
3797
4551
6132
8274
4686
5293
8287
9124
7776
6980
8143
2652
2665
1311
9365
1108
4949
3439
8790
645
8280
9989
1284
4250
2698
9436
893
3333
2551
4901
6149
930
6128
4363
3552
9511
7709
774
2577
2868
9214
1037
8771
6400
7938
3588
9671
9618
8852
8811
7410
5551
8353
4757
6611
3453
6047
4962
7569
4707
2680
7500
939
4017
163
8866
5097
8871
1507
9057
901
3730
1810
5430
9531
1146
6939
4243
8628
7468
1998
809
2350
3283
2459
7541
8897
621
6633
4520
4258
6845
2768
7755
8549
5794
320
179
3510
7680
2656
3923
3385
2004
9580
9273
4480
5406
6446
6362
9505
5693
5664
703
9534
413
9818
8027
8330
7530
6522
1495
3186
9493
4231
1012
5265
7239
5502
456
7854
7841
3450
7789
3396
954
5429
8513
1829
810
3787
3895
267
2356
1297
2226
6092
539
1515
5441
2132
5537
1560
4639
5923
5789
7318
9981
3366
211
4394
2791
5840
2271
199
7810
6793
5635
9982
4744
797
3473
1489
447
2623
5448
2530
8182
9801
7159
7140
5866
4331
2097
7909
8587
2395
1010
359
3094
583
1903
4248
2375
8583
9325
8474
6875
4312
7118
5054
2117
8262
4136
943
533
9371
6696
8344
32
9795
6424
9400
4406
1219
229
542
1925
7545
9575
1892
6678
5289
4513
1576
5109
590
5382
9012
8698
6594
1711
9768
8001
9310
8129
9179
6628
6231
4188
9040
3386
439
3910
1348
8475
1542
6617
6533
1252
5222
8784
9141
7175
1427
734
2726
9750
3281
4790
9649
5136
4044
295
68
6489
2823
2626
4780
6318
8005
5466
3288
5547
7959
7654
4405
4799
8044
8083
2116
6176
1386
2985
3631
1541
3241
7574
5138
2064
3801
2014
7694
9892
6974
6371
3053
5060
2975
6779
1373
573
8006
5576
9425
746
9302
8180
7362
566
8304
5833
308
3616
1376
723
3341
4769
8312
8726
354
1775
335
1627
4845
5391
8169
5484
2049
7251
7829
4213
5025
148
1552
7931
3501
5351
5656
5785
5816
2780
9998
428
3295
7656
7479
7641
4192
8849
4072
1663
4370
8097
4586
8299
7367
9625
6290
584
9836
6197
3099
3770
2174
7049
2959
8238
7449
2065
6598
8580
3137
8087
1133
504
3220
84
8783
6582
5770
975
411
6026
5121
4750
796
2345
8716
5256
3868
9556
4453
5477
4498
933
7477
9926
7651
9929
4483
470
8754
46
1047
9987
1028
4920
3704
6309
1727
8730
3085
8434
4963
8658
5605
8488
4567
8687
2547
6606
8508
9548
2429
733
2936
3565
2571
5783
3847
8888
7358
748
3095
5614
3619
876
4657
3872
6567
4118
2378
3761
4970
4328
9125
7017
9565
672
6076
6673
5360
3237
445
3720
8377
9879
9883
5372
3123
9806
8734
2253
6656
5159
3307
2653
6629
8803
7234
2700
780
588
8570
1732
7852
9597
6928
1089
5229
9413
2814
3012
4772
9616
1454
4877
9947
4713
3264
7985
487
1287
6850
2863
5347
5085
1286
2883
6447
9941
4924
1946
1757
9603
9644
5674
1677
8036
8971
8717
9319
7887
1242
3946
1197
4969
1668
5958
2100
3936
1984
3813
1096
1291
6175
8116
5755
9226
1895
1797
2398
4993
1356
7775
9130
7942
7020
2786
5195
4477
8904
5249
4334
5005
7223
1943
7647
1867
3764
4399
7226
9399
4814
2142
9492
2670
6185
8514
6735
8656
5490
5873
6588
7427
5683
6754
5423
3247
8348
8075
2560
8199
3640
8755
1482
6981
2224
2256
2690
4306
6116
4818
3092
9713
9988
3400
6509
3104
6244
9722
9320
1174
7052
1922
553
6285
842
3423
615
4203
4859
3833
561
4547
2622
3521
4095
8708
7826
6476
1964
6893
4403
7501
947
6721
5394
4610
1229
7882
357
1832
689
9336
3545
3503
6339
8993
3843
3228
1105
410
8926
9386
1160
2967
8768
7384
8932
5240
3025
6460
6540
3973
2016
9977
6320
9711
2725
7899
3268
2121
3255
3617
6334
4998
8620
2024
6642
3239
2510
452
1844
6853
9569
4024
8589
9000
8898
9338
4573
6770
1054
9236
6972
771
8052
9182
8039
8141
7544
322
9609
3022
6586
7764
1659
8925
9726
6258
7136
3656
7508
8502
1063
4698
5652
4341
5110
3350
8861
8265
6511
1956
9737
6173
1154
1196
3897
4640
8043
4948
1390
7129
8920
3558
4043
887
1701
4362
6757
4378
313
5413
5123
5180
2290
4682
9791
2831
2387
4880
3484
582
5374
3015
9731
3657
3273
1681
1188
9172
706
7838
7428
4180
9023
2905
9013
6811
9693
9292
3882
2668
4102
6587
7104
3372
1814
7073
7594
5404
5864
2508
1233
5511
7272
9691
4562
3263
7007
3950
1519
1441
5486
6605
5591
1805
7000
3771
3931
5215
4461
7191
2407
3260
2598
4071
6435
3711
8727
7879
9395
5599
194
5233
5291
1674
4025
7082
3728
9885
9628
2993
7297
6308
277
5776
9286
9992
6830
562
5107
5908
6949
3695
2766
1819
9017
9990
5791
7464
6578
6271
9265
6333
3414
4795
8979
155
7952
1779
28
8489
9908
7346
8011
3234
1568
3522
2294
7127
3033
2669
6409
7724
835
3652
1530
8631
8527
8420
7822
2973
3718
6502
6052
6328
5264
3110
95
4995
4765
8777
4892
6043
6776
6033
6427
478
8216
8064
4699
3891
2795
9254
6478
2957
4062
3069
2342
7188
9912
58
8677
1490
3292
9250
342
6784
2784
9016
5073
6332
7101
1280
9958
7009
3758
4146
8437
3660
2044
7888
4990
20
3472
7070
9846
1915
3785
1267
5142
1581
973
3181
4600
2915
4006
1346
3146
8568
9315
3462
9085
1480
4005
7968
4850
2503
6027
6641
3574
7220
3991
8591
4385
7126
6166
3697
6902
9020
6943
7547
7730
8233
3788
9510
9120
3020
6693
7663
24
5881
4500
4126
316
1119
2601
5177
2151
5352
9563
2330
6660
667
4000
1102
1753
5653
3393
657
5326
1610
7767
624
8301
7363
3976
5982
3080
2979
5658
7065
6878
3421
4224
5336
6579
8172
4703
9813
9256
2007
496
726
7936
7195
9090
3399
9451
173
1666
2949
3079
2009
8800
3185
373
4651
6493
9062
177
9239
67
4826
7124
1303
2739
6188
1201
8500
4975
5065
9967
1189
1034
9137
1508
5800
3190
4532
2581
4960
7375
6395
9812
2614
9282
3214
6547
6467
6444
3570
466
7830
3005
2568
8595
1763
9902
8851
6743
6426
7926
6528
5738
6872
9025
4777
6266
6720
4210
8694
4441
9861
7792
1319
4787
9275
2202
6644
6803
5778
7445
8887
8780
7807
175
4322
3405
9595
5436
4165
3760
8032
3192
2382
9895
2303
851
6876
6417
2588
9776
4
5714
8599
9046
6613
1018
592
7208
6372
3961
3571
6985
8642
7669
253
2389
7079
2732
4460
9324
8884
7446
4647
2858
6012
5381
3442
7323
6960
3893
6282
6159
8252
278
9021
2003
1426
7178
6321
454
2836
1846
8384
6589
8706
541
8255
9975
7194
3944
3933
6375
817
6003
7633
3544
7112
2221
7939
9295
739
5773
1292
2516
243
9384
4669
3855
5711
234
9290
1178
5602
9091
3401
1728
7390
39
7214
7056
8602
3167
9803
4952
6416
4141
7086
8668
1859
6429
8660
1942
375
7389
9480
5332
8799
9933
4543
5497
9477
1460
7499
2745
6313
2123
2609
5199
1616
6053
9710
9782
6351
421
9829
1476
4761
2186
9715
8553
8629
4689
8838
4722
9995
9379
625
1897
4874
7157
882
1369
311
3789
519
1649
6984
8598
3705
5810
1206
9692
4593
6224
2777
1709
4660
3686
5940
3568
2451
9268
5610
6573
2057
8000
5919
275
4174
2278
7918
6207
7307
9984
2682
6073
2393
5244
7182
2558
4216
6973
9538
5261
2458
9151
8751
2054
2648
2408
3475
5183
7721
1884
6499
5416
9588
8516
4926
8542
3802
1199
977
3567
6760
7750
7739
9377
1237
5553
4070
4869
1249
673
4918
423
9350
8946
7230
1742
6714
4971
8590
2537
2599
5174
9257
2607
8112
1609
1707
5306
5762
9071
6311
8351
2109
3710
880
9741
1488
6465
3947
2787
2517
7240
4654
6145
9814
7039
8313
4853
482
2163
9094
9454
9225
9865
8165
8653
2234
3535
879
5818
1721
5178
7895
6958
3955
161
574
8490
5182
3458
5239
6751
6871
9050
453
35
3690
8567
5242
7470
2108
6157
9279
4015
4542
8959
558
5894
1352
5101
5797
4511
4281
8192
2033
4898
3293
7503
1095
2369
7524
7061
8452
9911
2661
2027
348
6552
2761
8010
228
1159
398
3139
6819
3928
4294
4031
6354
4601
5589
7369
2941
3500
6220
5777
6504
9048
279
9647
1283
2168
5933
1025
8135
7897
3859
8423
5179
2171
2733
3987
236
2079
9314
3851
3280
7315
9082
9429
5887
658
6896
6827
6388
4752
6068
4211
7407
7058
4857
6788
7599
6667
8449
1227
1646
5845
1629
9600
6182
2012
3090
735
4762
4922
7317
9773
6999
2063
7250
7458
8339
8702
4607
2205
489
1341
9629
3344
5519
2816
1166
7273
2184
6471
5385
3707
8649
3951
2610
4052
4793
8073
3677
3648
3168
1878
1254
4742
671
252
1723
5070
1077
1014
5937
3115
1949
9084
4138
8413
4823
7873
858
7004
3755
7860
2948
2318
2310
7394
1738
3560
9231
1230
1778
1865
2095
4716
1503
2001
3953
2199
4417
6020
837
9323
1353
6966
5724
6531
9606
3877
2133
8949
3253
8222
6051
7213
8439
8669
2628
5465
7874
9029
1532
312
4563
2897
5089
1347
5726
8461
8293
3920
9195
7231
7844
8674
9423
3360
8891
1665
2713
1669
493
5983
6319
2201
9055
6080
8226
7425
2094
744
5187
7692
1877
6495
9167
9357
2152
3089
6368
782
3620
912
8153
7210
1580
9358
8069
5279
3776
3447
2934
2594
7685
4719
5998
8329
5425
1566
6501
8429
2386
2869
6532
8643
6689
2892
4057
3438
457
5960
1635
8391
2677
2101
7059
7110
2804
6787
3182
2692
2172
7057
4182
4867
7298
972
8684
9665
8772
6539
3680
9069
2687
870
4330
7659
6768
3846
7048
8735
4956
9463
5885
3322
1600
2646
9475
7833
7904
641
8408
1642
5542
3520
4638
7596
659
8253
5916
8856
407
9760
3397
5666
5646
54
477
4683
2415
3731
5287
6226
6194
5625
6836
9631
1551
6449
5793
8399
1932
7474
6861
1538
6298
5565
1382
2023
8672
1451
7275
4828
88
3838
500
9272
5063
6692
6538
5903
6360
7045
6370
1656
5867
3093
172
7935
5572
4021
8820
1478
9518
4479
2861
9347
4519
8015
5452
4484
9075
8438
8034
8919
1296
3611
6062
8992
7497
8666
9449
4135
146
4753
523
6099
721
2681
7349
1985
602
4327
1883
3290
4259
5901
6900
8865
4691
2277
5723
4688
6957
9742
4297
178
5158
9298
7701
6168
3097
8208
3557
8121
7928
6937
4775
5151
7526
2854
2630
6551
4063
3324
5627
6190
4935
8809
1307
3302
2927
34
3402
7914
60
8779
4350
8678
9092
1962
6894
7457
8945
2355
2217
4001
9378
6859
149
8676
8739
2377
462
9842
4219
8336
5194
6557
37
6822
6121
6154
2736
7771
2485
4408
8157
6728
7378
7085
5518
1931
7975
3343
6608
2847
1294
9758
4693
8471
8645
2933
6684
2141
8179
2236
1561
1365
8960
6695
2792
8309
1192
8613
604
9838
5331
9331
3514
2965
6418
9905
6346
5196
4979
7542
2695
6891
281
2910
2047
8472
1808
9709
7097
3165
3203
2561
3712
9598
3056
9551
7951
5676
5899
3043
4841
7941
7548
2958
4937
9464
1399
8389
9462
7727
80
3493
1824
9284
9593
5929
918
7587
4077
1612
9983
877
8837
6730
1608
4466
6147
8791
7228
8640
9723
3187
7444
6790
6675
8718
9900
8817
4655
8592
3311
1443
9368
6702
5612
4050
165
9106
9612
3006
1963
6623
4189
9852
4615
8989
1323
2747
1836
5420
5716
8964
4863
3294
826
555
7443
9587
2986
2824
1408
5750
7222
2846
5103
2055
9877
7570
949
3543
6919
8922
2874
5712
4018
3240
9033
8243
2193
1863
2618
1626
883
9388
6
1110
4444
9638
6441
5127
9136
6967
828
6136
9574
7896
926
3030
2090
6137
2753
4540
5805
4409
5172
3581
5211
861
1387
3380
5175
2159
9521
8683
8947
1092
1702
427
4110
1070
2647
4268
6415
8695
1806
442
2876
2789
3128
7872
4611
5858
6457
7217
3916
404
4205
2829
8248
8722
7513
8844
3795
3107
9199
5510
9253
1572
606
2102
2890
5715
6724
8170
2176
4254
5493
8362
9514
2757
5154
9906
5863
7912
4723
3485
3150
3748
4433
5530
846
1523
4528
1840
4236
8969
4493
9351
4239
319
2688
5232
1777
9345
1268
1048
9044
3286
8788
2492
8914
7853
935
5020
5975
6074
4661
4992
5419
3303
7955
1823
5298
38
2720
2364
5968
944
5688
6163
5735
5578
9751
5431
5022
7209
1214
3410
5460
1760
3100
8543
4151
9222
575
9830
4844
9373
2270
6624
6856
7639
5028
6881
5992
9442
6778
5633
7913
6592
8215
461
8077
8098
9366
8529
4965
1321
7564
510
36
8407
7588
4380
8974
4208
9999
9935
2267
9123
8106
7620
1195
7357
1481
2319
1529
4544
4412
1965
9499
6259
3445
9470
4623
3454
1051
1613
3063
7977
3032
4167
4912
5739
7708
2392
8071
2903
2273
6846
9491
8641
2893
8424
8409
1605
486
5029
1293
3815
9917
800
8400
4915
9266
1679
1463
1712
7043
5644
1362
4270
6066
7772
6913
1524
1165
3537
5307
3356
2228
7374
1153
4821
4027
855
334
3641
4784
4606
8004
3328
8244
7600
8622
6888
8173
8387
8805
6947
5219
5400
7558
1259
9068
2887
4145
798
4132
5125
2476
499
7440
4893
6113
6666
5570
5671
2344
4692
265
953
9412
3864
4279
4533
7021
6174
426
2704
5007
5428
5402
9352
5549
9620
8746
7302
4652
2191
7991
8236
9142
8062
8168
1944
3921
399
4527
813
6910
6189
5956
7652
5010
9585
7834
2763
7494
1697
7253
7125
4264
3512
4086
719
7227
5733
2360
8759
6265
8118
3002
7
156
5023
5759
9193
1044
7260
8040
2771
8594
5874
2640
3211
4891
1672
2962
6162
5467
5844
1327
1265
8110
8994
2737
2912
7970
2584
5891
4928
8278
8517
1857
5354
7644
3196
256
1156
9605
4950
6745
787
7072
3359
6122
811
3217
3642
1401
7702
3298
4648
13
242
7624
6577
3338
5774
5444
3348
8685
1235
5942
3384
1245
4913
3550
2511
5523
2028
6767
5564
4096
4067
405
1696
3693
7799
1854
2645
8421
5481
9871
3742
9391
4800
595
8497
9009
804
852
2574
6081
8584
1345
3782
1881
5130
7862
732
2608
9
8276
6384
7567
1705
9414
498
330
1198
9375
6583
6808
3533
2797
580
6996
1009
6500
3614
1597
2426
8626
3849
3242
560
5437
9267
9876
4715
5700
4827
3213
3848
4902
4907
7119
9657
5114
6777
7688
2691
9132
4274
8830
9227
2427
1017
1124
979
6096
2363
9602
3129
2098
2862
552
9816
9271
8021
271
5361
3318
6668
128
6869
6108
9387
3861
5449
2293
1391
6553
7365
4288
4197
8263
2181
2305
1615
5934
2660
5378
818
8537
3593
9500
613
1528
635
8781
6464
9359
8466
9015
2685
6059
9622
4272
1988
3934
9183
6818
6873
1101
6571
8921
5015
4589
3783
7322
9140
4773
5790
286
1741
4621
3515
3948
356
7205
2813
5559
8741
8431
2650
7608
3635
536
7846
6013
57
6936
2302
8774
3913
3866
6440
7075
5989
605
1050
1891
6085
1167
9654
4329
4832
1947
3737
422
2719
187
8149
3587
42
4361
9557
3381
4036
5690
709
4041
9165
9135
2751
7992
795
1617
8213
4650
406
976
7145
8942
6994
4739
5855
5995
5500
9859
2299
7786
9101
6526
8907
92
9637
8045
5952
214
2773
2718
448
8178
99
4945
5655
1539
5310
5871
1567
7617
530
5478
1941
6487
8349
9355
5877
2963
7711
1013
9156
3918
3566
7201
6795
1100
3829
8854
1506
1578
5521
4295
5364
8343
2269
7944
6211
8483
2484
4798
4298
3191
874
8615
7679
8269
891
5216
908
9734
2539
803
7034
2018
1849
7954
3248
6245
5057
4536
1202
7827
9422
6710
665
8386
2240
3823
1739
9599
7851
860
5504
8297
3528
6568
1472
1276
777
7589
6387
2026
4475
3610
1005
2583
8018
4776
2306
776
1184
2512
2180
5904
596
7686
8756
8890
1172
4271
4277
6950
5168
9177
3517
1650
181
4989
7876
5446
8798
1316
9720
6469
1500
9340
7062
1661
1183
191
2059
7442
765
4038
5689
8988
9986
8686
6463
7618
2564
4414
1410
3088
6652
4568
3037
9993
8361
1940
2137
2422
3051
932
7687
9778
424
1203
6503
8664
2337
9673
4347
3607
598
5721
110
3505
6889
7067
3200
8973
9460
5595
8447
1599
608
4020
4287
4630
5313
2029
8659
4974
1518
4088
5792
3289
9853
164
8120
526
5134
8354
3077
6414
9738
4008
2531
8454
3938
1282
6448
122
2961
5032
331
577
59
6296
6474
5084
812
1687
7726
5243
5495
3141
3076
6609
7276
3618
5013
1137
2093
1143
241
8544
1752
2124
1152
5209
1366
5730
2819
752
7163
5118
9792
792
9560
1643
5831
5535
5137
2906
1
3016
5319
27
8230
894
1686
3368
1841
3238
1312
5707
3900
9441
2289
7770
6990
3602
3977
992
8047
233
7453
8123
1361
4310
4195
227
2679
594
8712
4397
5567
1389
1098
758
4485
9469
9252
438
6481
3219
2436
8912
7995
5554
4900
8126
4608
1724
1163
1736
3154
3466
2439
1899
9485
7238
258
9633
8108
6516
4763
274
2493
5823
9968
4356
2908
6546
551
8588
7823
1766
4894
1455
9913
6515
9539
3995
4537
8477
2166
2946
8941
6840
6341
3684
1545
9113
4508
6398
5580
1385
1141
9244
102
5338
609
8826
2215
8596
3309
1750
4104
2128
8175
4811
2902
9862
6636
7255
5031
1640
7875
9672
5067
2472
3754
8448
3151
5915
2268
7189
1770
9210
3223
3523
3632
15
6037
2456
8147
6198
5451
3887
7282
2045
4756
8383
8869
6019
3562
8332
9186
7674
7106
5036
5149
680
5148
5092
8910
4207
9699
5662
5135
4436
3763
4131
4075
7472
1971
2096
6742
7614
6146
9362
627
7312
8794
3830
6055
1374
3551
7326
6294
232
3810
2204
8742
7592
3365
4612
990
6647
7831
3174
3774
9133
6826
3265
4246
5272
8397
1123
9940
3212
5176
9187
2528
2103
2544
6646
4875
961
472
5458
2674
5094
1684
614
8841
3556
8966
4463
3736
7270
7746
9630
5667
1889
7339
2525
3932
8934
7342
962
4942
7469
4456
2956
904
9028
692
9435
6390
9716
7003
5224
3762
6732
2241
8224
1589
5033
2621
105
2615
4425
8752
5731
446
8998
3753
2412
7619
9405
3017
4982
2758
6544
2633
4996
4326
9881
9504
8842
7740
4786
8573
3408
6475
7452
7314
8445
8670
1952
4854
251
3751
5984
1179
6680
114
5838
5362
1997
3407
4946
9219
1851
5482
9808
5888
2480
686
9059
3143
3606
9837
8117
681
166
1850
2812
8903
6352
9396
4903
2428
8534
8294
417
7343
6142
9759
5152
6029
5598
4732
2091
7111
5563
3530
9729
9552
2781
1989
6775
8679
4427
8392
7179
2077
3841
4282
4159
9810
5201
2126
8899
7480
1544
2888
4953
6922
6941
3994
4364
7347
5533
7463
3052
4927
8403
2499
7667
301
5339
8272
3888
678
3506
3277
2518
2709
1464
5959
7653
1071
985
2338
7563
2822
1868
361
7998
4862
9419
3668
5765
2164
2855
9317
4373
3320
6461
1269
3653
5953
5746
4037
8546
6286
5962
9005
1926
2712
674
9014
3870
750
7063
8136
7202
3627
1136
1876
8059
757
9712
7215
5146
3554
6483
3430
5327
8239
8232
2666
2183
2514
2076
4260
6663
8967
738
4317
5709
8848
51
5734
4667
3158
7055
8204
7184
6997
7100
9372
4064
225
2169
788
831
7354
3878
425
5275
1128
5035
7087
6940
3019
3940
6883
1973
3254
7821
4089
8540
1639
7030
1212
4353
7006
5120
255
1694
1483
8846
4442
6386
4847
8020
3218
3879
2381
4314
4355
6733
8322
7212
8134
3415
8320
5037
3155
4619
6240
7522
629
3909
9019
6433
2774
3068
3353
7165
3058
3589
6110
7187
3310
8943
5113
9506
7372
8031
5522
633
6570
7849
5878
2925
3630
8585
9619
1306
5577
6806
9867
1847
3563
9785
2260
6127
4634
4318
5315
9389
1714
5185
2582
4240
5548
3625
6410
9248
7540
6897
7160
547
7835
6124
8965
6916
2104
2242
7575
9994
8281
8639
2811
4884
5012
7383
9438
8682
7379
7671
6977
395
3124
287
1309
3098
7797
5403
2810
9006
5163
43
9928
5218
2616
257
6041
2678
8023
1040
6829
1871
8839
572
5835
7225
5536
5418
7207
834
7690
687
9884
7486
9175
940
3491
8785
3511
5157
1725
240
4817
4156
3086
9659
8531
1644
8275
8525
4379
479
7580
854
2105
9869
7001
6682
529
208
4212
4470
3756
4320
8750
7601
8060
6407
3236
5165
7509
1059
856
1310
1226
7795
1573
8317
5986
820
5649
9823
1338
1527
4883
6741
2238
5996
6141
4526
4191
6800
2248
3452
6978
3232
9889
736
742
6227
6169
121
679
1898
2911
3245
5124
5141
8061
3502
1342
5875
7657
8206
1241
5909
6857
5609
3807
7749
9335
1793
9658
5900
2144
9490
248
5305
8426
9201
7718
4160
7602
8209
9611
4642
5573
7271
5659
3596
2801
6117
6061
6591
9589
26
5561
5294
628
4053
1317
807
2960
5056
3717
8335
210
8202
2944
5843
2954
2644
3073
7325
1874
7804
4051
7538
2424
5050
8379
6310
2589
579
8814
4117
4234
4604
3188
7825
6316
5943
3126
4123
4579
1425
9519
8944
3715
6272
910
7355
6510
7433
5438
7793
6847
5806
7476
7066
9858
3057
9501
4802
5582
2394
4745
7471
5080
2307
8813
5706
9339
5763
444
4360
6763
7934
9502
7962
4185
2613
2362
4083
9684
2506
6365
6306
6083
4840
2624
9067
2901
7152
7953
9770
8607
534
3205
591
7336
2515
7166
3871
3201
6995
1220
5281
7683
6326
4120
3226
3874
6376
8242
4139
6654
1592
9828
5468
9364
6676
7585
5082
307
3845
3979
1772
8762
3102
8139
6681
2443
2187
957
3583
3227
8501
7865
6798
7855
8563
9356
9730
4499
1625
4678
565
7377
4449
2619
1024
2794
6797
715
2754
3965
9332
1325
8155
259
711
3376
3352
9018
8511
8090
3216
2723
4807
284
6954
5380
4806
4227
8611
4473
224
9002
1595
4176
98
8776
4112
9946
5190
7665
3904
7945
1953
4681
9561
1052
5813
5668
8575
1147
2017
8863
3682
7760
6423
3334
5068
6653
9581
9826
2724
9070
6430
7751
4448
3446
8984
2939
7510
9116
6756
5363
5062
6022
2110
1120
8552
1910
9269
2368
4386
115
2235
7894
45
2524
2606
8491
4868
699
7662
6786
4411
4677
2764
1995
5963
5579
9234
5483
5004
9562
8074
4016
5014
1563
1314
5147
432
8146
7747
6716
3555
5052
7351
1784
325
1439
5808
5660
3905
9381
3138
6657
2550
4870
6103
1547
6084
1073
7923
123
3981
5728
162
3836
7984
1177
8050
7916
366
884
7248
7465
8480
1933
8435
9689
1033
2972
4740
9403
7550
91
7306
2651
5596
9775
4872
8555
7038
7434
9087
7715
353
1501
2257
1209
9755
6206
3540
8975
7173
2909
6453
4674
8140
2549
3498
8159
5682
3189
4791
5949
7925
6844
1298
9102
7816
9749
8521
8657
137
9786
6791
1358
7609
6248
3457
434
3284
9445
8909
983
3432
9596
8029
7811
1236
129
7800
5309
9031
7274
4229
6289
391
6077
8875
7910
3014
1880
9550
7398
2309
9937
9962
1619
9547
8235
9943
8976
5415
790
8325
1324
5905
7782
2857
2331
897
8970
8373
946
6485
2595
4895
3881
2197
2333
4659
2557
867
3594
5212
2284
8085
201
4584
4439
8663
1144
2649
302
1421
9703
3963
3496
2845
7762
7462
5754
859
978
9176
5729
1590
4309
6765
7105
7022
8167
2673
8667
8874
9745
5924
6072
1858
3714
3534
8130
4743
5259
6479
1622
5694
5491
7023
4242
5541
7473
9592
6322
3734
6112
7847
4725
3062
1238
6325
1456
3692
6420
3420
991
1405
7791
8099
8451
3796
1064
1431
3662
6731
8827
7842
8416
6825
6167
9656
3490
2981
8467
652
6914
5164
8283
8189
7606
9237
9927
2317
5758
2570
4339
9418
5405
4099
9921
6383
2898
3800
262
5616
829
7161
5439
6670
6979
9215
1726
2519
5318
7397
1611
6218
923
8515
5766
8432
4092
3166
174
9038
2071
6468
8749
871
4273
1913
5392
1885
1475
9739
6273
1624
3459
1278
6357
294
21
5677
4170
261
370
1894
8016
4257
4866
2637
6260
7742
1955
3927
1411
458
7262
1780
2578
5186
9555
3131
8365
7965
9401
2851
9707
2261
5623
2425
3426
6021
5970
5090
3101
7281
1958
7681
131
3857
6144
9011
6665
1637
5055
8696
5421
8738
4972
1550
5822
3425
7482
685
4564
4730
90
171
1800
5524
9309
6782
1328
8957
7406
7884
4019
4529
7103
9996
2738
337
1371
3768
4984
4531
9855
7460
7153
7335
3422
7802
7917
4472
9682
7330
7109
5727
8710
1504
47
6403
4771
1444
9880
7120
1816
8072
3605
8245
9623
3325
6870
226
5861
7525
4032
970
126
9198
9080
186
971
2388
1977
4398
4788
7736
3418
3246
5936
1996
8401
9301
1067
6254
8795
6976
3919
7155
4478
4100
1818
1217
5464
7579
4434
3516
1355
6970
6909
8878
2620
5226
2414
5214
8996
8539
1272
7387
2971
2697
8145
3463
1991
848
8523
7461
4060
821
4103
2980
1007
266
7199
2840
4557
6688
844
2935
6701
8915
9300
8396
3773
6519
1934
7405
4375
952
5000
75
9129
5935
6554
1493
3469
270
6335
5557
7857
2280
1375
3957
2285
7268
7613
9149
8829
4169
9951
801
5198
9326
1856
3202
1022
7385
6491
9746
8705
5544
4171
6208
4292
8980
3901
4337
6196
1919
2572
2703
7266
3698
7993
5277
9953
2165
6766
3054
8154
2125
1273
4225
4830
5408
6527
1682
4011
6016
8574
1111
5751
8363
6054
101
2321
2262
3659
9898
1755
7734
2463
5274
3313
3649
4305
4684
221
6385
8748
784
9402
8158
6111
1774
6884
4834
237
8285
4899
8566
1337
3873
8937
5479
7373
6431
474
2579
5836
1604
1462
6264
2886
9914
2837
6930
7324
1699
280
2447
4049
1158
5643
8652
1458
9735
749
4939
6917
1594
5587
6257
1207
4244
2212
5210
9053
4371
1936
511
528
2730
2112
1716
4879
5228
7837
5081
1204
8661
7419
7660
409
9655
6848
5999
7008
9444
6222
2932
6095
6839
5058
3364
3603
2157
5832
291
3821
1633
8606
9764
4039
3382
5173
6278
3865
3483
3532
4455
7265
7431
3519
3159
4940
966
7475
9280
9360
5804
7819
4290
381
9642
4343
17
358
4943
3424
9247
298
1313
2536
759
150
4486
2744
7506
922
986
2160
6880
3111
6556
111
1900
9634
507
2799
1260
785
1543
1069
3825
2349
9787
3719
3250
4430
2274
5607
7765
725
3271
497
9474
8673
2423
6353
5235
147
6114
7521
8256
7920
8181
4084
8724
1251
7278
7277
6131
345
6523
8760
7122
4402
7987
5654
5824
5744
7648
4714
4973
701
712
86
1359
9848
5440
7710
847
1419
4833
1690
4595
3275
4575
5538
1115
2316
4785
9727
5278
9497
6455
4233
7815
3518
2358
9299
3542
3672
3363
9131
4220
1748
7430
4285
9088
984
9700
9154
2842
6120
4459
3282
3132
704
9083
5811
6140
3665
6295
4241
3444
412
4218
9170
2988
7424
756
5379
6421
9420
3170
6849
9954
4767
1194
2346
4980
8458
436
4091
3304
7415
7402
288
8962
1113
4782
7712
850
7626
7907
2291
9811
7817
9010
2545
1734
6593
9851
1053
3784
4820
9178
587
7858
9676
668
4026
5898
3413
3609
3578
7285
1380
4004
8057
1129
169
4538
6807
394
8211
9173
5377
8963
4465
2298
7154
7071
8428
5847
2437
8381
3811
5469
508
2721
8770
5116
4770
2798
7745
1125
5375
4468
2198
2734
7502
9117
7257
903
1555
6864
1960
6404
3896
4369
568
9667
2020
7404
4530
3526
5648
902
2982
2591
4919
1540
6723
3355
6340
4988
5839
6809
8368
160
8188
9321
1494
5128
4482
8197
4549
4794
7261
5870
3145
9893
2917
8258
2849
7562
6382
6764
2078
1274
1588
9308
5205
5529
9841
1556
6541
5161
4304
2926
49
8464
7345
6709
4749
328
783
4720
6488
7353
2817
2699
1173
3689
9613
7554
5585
8051
4166
9686
7327
8834
5601
8433
6524
4410
1055
4157
5498
6160
9205
4042
9398
6213
8319
9486
5387
1261
6927
766
1099
8268
8850
6828
3207
9276
9278
2430
1350
6755
5206
9920
205
5474
8758
3460
2532
7099
2479
4107
5345
9424
235
6367
9815
7891
6040
9854
144
7989
3468
8456
7845
9646
9026
153
3729
6004
8395
2413
6855
4556
1909
2635
408
569
1837
5268
1216
814
6615
1011
950
2853
4605
196
2182
3780
6890
9473
5273
3358
4267
5912
878
3853
63
5775
1771
4073
769
3529
7147
646
2722
8089
9512
3045
3740
8444
6796
9652
4035
104
1935
8103
619
1848
6835
9077
350
5160
9910
254
4471
7756
5879
