10000
7670
7268
441
4542
6761
2744
1283
1832
4533
7403
8096
3742
3083
7457
541
4784
445
6120
1403
9800
2895
2474
6187
6926
9668
9319
2062
3663
4413
6922
7987
5163
5609
9997
9822
4829
8637
838
759
8040
8374
5001
3043
2189
8451
2076
6684
5608
8009
1608
8776
4710
9823
1828
2599
4453
7768
6328
9207
3113
8899
6604
8035
7302
5844
1913
5276
3049
1669
9626
2881
5057
4951
5431
5678
4401
6204
4465
6529
8918
2793
5229
796
9618
6577
1600
3718
6901
937
1008
4982
229
8816
7542
8204
3505
979
1480
4029
2961
4081
7630
1962
2780
5663
1617
4713
3264
6452
7238
443
440
5733
8428
6083
2396
9265
5416
5462
2548
7998
455
5549
6216
8168
1624
5959
558
8580
2256
1689
1702
6555
3782
5871
3203
4572
3557
868
8904
4787
3900
2871
3728
3758
2754
2434
3618
1964
6133
8993
9581
7635
4655
1545
8185
173
7195
340
4298
3717
8167
8171
2228
4468
416
6139
9718
8433
7442
8089
9182
7705
9547
6446
2266
4289
2965
8818
9309
4946
3451
7434
2421
6543
3724
3480
5346
4052
966
8356
4482
1066
1123
6244
4668
965
9832
1947
2628
5754
2717
6067
4066
2880
3056
2318
6220
973
5818
3725
4200
428
22
45
6358
742
5742
3279
9196
2447
9829
6793
6613
4017
6923
2463
7602
7363
8548
1725
9645
5858
9834
6910
9481
5784
4284
7416
7988
3114
5878
5912
8992
9703
4314
1083
6625
4700
1202
8505
40
2674
3596
994
9336
1220
7571
1692
1583
1320
6024
8998
3655
9922
3575
41
9231
6259
4892
8733
5007
3628
1267
92
3715
8959
1848
639
5111
5259
9692
8122
2022
8968
6480
3135
2645
8885
8410
4129
2932
3210
8346
4645
6740
6131
4774
3665
5341
3951
3836
31
8965
6475
156
4831
5092
807
6934
7851
7523
2495
292
4648
4683
8132
1836
6234
1597
2958
1373
2431
9482
2999
7903
2014
2426
7600
8015
7424
632
2588
3807
8739
9498
8628
4702
8411
842
3
1439
1526
2218
5005
5923
6707
7244
9930
296
1043
7248
1633
8060
3129
8778
4293
4390
241
8882
3361
7518
6426
3936
3695
5048
7838
1541
9743
8738
8061
2131
8462
3218
9032
8565
1222
1679
4960
7871
4731
4891
5992
2105
7040
9020
4867
9416
3506
1000
2627
6932
3252
2036
9542
6087
6409
3180
3348
1181
498
6614
6388
5286
5347
6054
8426
276
9552
5308
6812
8476
7146
4556
3194
7259
2957
634
7471
6374
7922
2225
9813
5519
9769
3876
2059
3404
7478
7487
5420
7743
2255
9155
9690
6768
1438
3768
4995
6364
1412
3659
350
9126
7546
7177
996
8250
691
1354
9972
3410
2091
4669
8692
5018
2109
6009
9993
9282
7009
5457
2579
5834
6933
7558
4537
1953
1416
4153
1792
4397
9293
6906
2000
8572
214
9795
5526
2642
4460
2905
1625
330
1019
4098
1561
5271
7108
3913
7476
2581
6664
4286
8272
34
7500
4297
1768
3569
3711
3706
9622
5132
3512
808
530
2741
9083
494
5169
3075
6200
6716
9158
5853
7686
2485
7619
8973
4935
941
5055
6509
6287
5171
4755
2908
9785
1885
5352
9768
5713
3697
488
8499
9071
3275
5135
4195
1787
8136
908
2227
585
5423
7520
7210
318
2077
8419
3117
6590
9540
1851
5372
8622
6351
9924
6352
8627
6809
6402
2752
2151
700
7541
2669
6290
46
1038
4696
5990
4822
6755
1198
8100
8493
3927
1365
9376
6143
4846
5598
7661
8709
2992
3734
472
6047
6293
2159
2764
3508
3460
9132
7415
5413
9240
7252
9108
3942
3648
8231
6587
7407
1566
718
2169
7808
8441
6585
2491
6656
3236
162
9463
1490
9750
1924
2499
5331
9241
1377
303
2768
7077
833
487
6549
8311
2078
8852
3907
9167
2477
6430
5779
514
304
1586
6395
7576
59
1369
1864
68
3517
8393
4059
5023
8540
2557
1764
7096
1183
7155
3793
9450
8151
2984
2634
7368
2094
9959
7937
3631
9999
421
9568
886
4907
9892
5667
8255
8186
3630
8641
4162
2538
8908
7103
2707
3502
3865
1317
3066
1089
951
6254
6168
349
1342
9399
73
8137
175
6368
3530
5916
3199
2935
2593
399
2342
5152
8687
3322
180
8072
6422
489
8808
7902
6454
2552
9566
881
110
7894
7962
5083
9583
5873
8581
6929
5835
8263
8543
9334
4650
4485
813
9596
6219
2755
8518
8331
3001
6225
2641
8448
497
6227
9136
8468
5714
7143
4437
9186
5811
1124
8870
1987
5116
8292
1292
9433
5107
9437
86
2761
9260
4112
2710
6245
3157
8016
8820
7411
5892
7076
3593
5188
5212
6598
735
2750
6807
7341
410
35
4545
7010
612
6206
9911
3704
3783
4085
2853
3021
3250
3815
2520
7916
917
3615
2566
8914
2480
2144
5530
6706
4986
9053
9988
6586
6580
5435
9337
8283
1915
6167
9971
9261
6082
2476
8963
8591
5696
8318
6135
2473
7182
2663
2897
1886
6416
7266
5158
4649
6021
1429
7901
6786
5329
6686
9080
6202
1888
9852
3520
2724
3353
1485
5808
4567
9395
9199
139
7385
9986
6398
9987
1974
324
2004
5151
9305
9300
3676
6338
9419
9475
6157
5644
3986
1710
6253
3162
3740
6321
3211
5956
8551
293
5588
8862
7841
6805
9752
9268
7271
4757
4910
9095
5465
5522
9966
7282
4477
2248
9681
4319
8108
1546
2658
8782
3984
8438
3491
9716
4128
7857
3405
4789
2245
2643
7016
928
5295
3146
8755
3188
3998
1391
1776
675
2781
5527
7056
259
889
4963
6242
6179
9360
6760
5159
1148
3643
4794
7794
1635
3521
5618
8003
4142
2216
151
4972
6773
8154
6796
5012
72
1098
9105
9585
7544
2265
4776
9278
9002
9807
2968
7694
3086
2424
6641
4718
7045
5050
2097
6646
4103
6942
9828
1833
1791
803
7460
4745
4048
9933
8916
9729
8078
4402
20
1386
285
3504
3632
6159
8129
9436
2185
9782
372
5702
7781
943
5546
9600
9613
8275
6886
6473
1574
8951
3539
6997
8962
5575
1047
5724
342
6538
1273
9066
3682
3009
9408
1073
9794
7690
5087
4825
13
7825
312
9809
964
747
5155
4766
6562
9544
1595
8244
1605
3822
4139
1562
2767
7980
9616
9000
481
8065
5869
370
4213
7941
7883
2414
8969
4619
2852
197
3774
382
7608
5738
1720
3067
8104
6297
2598
6424
6875
2497
4232
7536
499
29
1875
1846
3886
3226
4844
6988
4950
8839
2730
7097
2941
2865
9984
3773
2727
8099
6086
8047
1785
1036
3295
7132
6496
863
1410
426
699
9780
6673
6745
1029
2135
1085
4169
9647
154
395
3273
3577
7061
6033
67
8360
7230
5574
6078
4796
9373
6324
2374
5539
9202
5983
7480
265
1735
6659
1607
3478
6735
1912
8775
271
9212
9353
8450
9235
2496
8655
4819
5336
7865
6208
7343
8407
2955
7680
7655
2459
9263
7807
6270
8382
6528
4454
3545
1094
8869
3013
9779
3547
812
607
7788
1016
9056
8948
5514
8843
3576
4761
9173
80
9236
7165
1126
8819
6334
3128
6971
9805
874
7029
4008
1831
7344
1647
9351
5498
6097
4642
9927
4940
7218
5633
6855
2007
66
7693
7837
6803
5859
9391
7537
9896
3829
9441
1941
6835
9656
4459
9484
1876
4551
9604
8896
7831
4890
5797
5576
2085
6710
7543
4167
9294
8676
9120
1883
3351
3620
403
6479
5066
4775
531
6085
4967
6300
2337
6711
6471
7278
3852
521
641
7530
3885
7149
5883
5103
6665
7963
8130
4528
1783
7404
1752
2326
8943
9926
1344
9239
1578
3314
4124
3562
5126
3574
547
8446
8946
5791
5586
8317
1930
1968
4618
5564
7477
5941
1808
9008
78
2249
2765
2420
3507
1175
3952
7104
8643
2556
2689
2233
9253
8383
2373
1355
7777
3764
1179
8953
2435
1132
3483
3856
1746
728
5629
1411
5920
1244
4536
2403
5851
7587
1496
4853
8226
5003
6606
591
1474
7866
3772
9104
9162
6260
5669
2351
8760
4783
3434
4620
2794
6548
2193
2790
1059
1026
7064
6069
8386
3874
6305
9478
7444
2278
4582
4964
9757
8046
9292
8596
8116
715
4723
1201
195
1579
5989
8860
6224
2367
2505
4353
8139
7166
2356
6599
6683
5906
2596
1462
1966
1284
6331
185
8357
2457
266
9943
177
7162
6313
1101
6837
4362
1620
8556
8359
3435
2191
9428
1187
6797
5386
6537
6827
6970
8300
5767
5144
5793
6589
3482
4870
3827
2333
4409
9088
2607
3391
2517
7479
16
4692
448
2203
4447
163
2541
2514
3381
226
5697
4188
3060
5301
7017
8855
129
1477
2567
1741
1723
2180
3174
3692
7524
9125
6231
48
7519
4053
9190
3619
7317
3115
1565
8057
8422
5888
1163
663
7570
4900
5961
3654
2938
8730
5661
5737
2987
669
6491
1385
1193
4804
714
4635
6596
4383
4435
8246
6326
3544
8390
8961
3024
3110
7618
5606
4448
9523
3136
1952
383
7314
5051
2979
5957
3158
6823
4927
9947
7410
2192
5951
8659
8844
4416
1007
7068
1728
5443
3802
6032
6535
2310
5251
4216
5174
3046
9024
2176
2841
1263
3371
3905
3078
5976
5461
9141
727
2205
1900
1796
5254
1207
8833
5175
8127
316
7867
6460
8425
1984
2691
4114
4352
5554
6898
9903
9189
9948
6951
6320
7123
694
2405
6567
4997
1378
1130
9460
2590
5493
2834
5476
9444
7422
9608
6708
8917
505
5805
5180
1612
1736
8201
9586
6876
6149
2465
4054
9089
6188
8396
1052
5016
94
6947
2918
2067
9942
1318
3239
9704
1134
8599
8180
3138
3363
6469
1663
3292
6935
1634
3080
7975
9118
5113
8697
1799
9025
4384
6493
4375
1860
6597
5884
7087
8010
2152
7114
2872
8722
3473
9550
7339
9485
8298
8594
1484
5220
8566
4268
7997
8974
5153
6959
8939
2617
3812
2427
1206
2037
674
7454
4711
5194
3276
4901
5727
4563
3126
2422
4561
8649
7539
8799
8240
1854
620
7733
143
4644
1534
5615
357
5405
4564
1388
8511
7459
4130
1375
8812
7430
9379
8609
7239
9172
2770
3760
1461
7483
2142
4925
8432
1572
8041
4328
1724
3463
804
6564
580
4020
2031
7827
5607
9499
2815
9156
1618
563
3744
2956
9810
513
9882
4033
7032
5311
5645
9208
5223
3424
7766
3002
3325
3636
7331
424
5037
3868
5356
6588
5635
4083
7905
3268
2763
1150
6265
5463
8888
9296
5428
5746
9574
6857
3857
3079
7513
6720
3406
2468
2725
8966
7451
6964
8260
8907
1906
6121
6053
5288
2639
6702
4703
9847
999
5278
2923
3858
2622
4653
7107
4939
7296
4770
9389
824
4110
7206
8236
6
4283
8439
8475
5249
1255
6654
4234
2187
3548
3262
2150
1305
9295
1737
8353
3248
1423
2049
7753
8954
7967
3914
1226
4544
4616
3081
2883
8842
3382
4327
1670
6438
2848
4912
9932
5327
2207
7358
2346
7167
5500
3954
3995
8435
7554
8928
8837
4285
940
9821
1651
8786
7742
2464
7197
371
6748
5400
3634
9054
1971
9534
3652
6467
3464
8729
201
2904
2222
9908
4532
7193
8437
3689
4728
4273
9448
6818
2199
9510
1956
2560
1499
9514
6228
6503
1819
7909
633
4351
2921
4411
473
3383
9963
1090
7864
701
9516
5464
5777
3898
4489
7352
331
3032
4322
6022
2456
3461
1788
1772
9706
50
2130
1331
135
8847
2251
7862
1157
3105
3154
4001
4624
5127
8268
5547
3621
5367
7099
8793
2493
1032
5583
199
4874
2545
8267
6731
7356
6576
4007
992
3671
2051
2672
6007
3310
5649
4862
4771
7427
2398
1033
3813
9857
5165
6736
1708
9423
4311
2481
4488
5559
8366
8736
5621
1450
7586
9432
5726
4400
2232
9143
9937
8792
5508
5820
7253
4093
7281
9742
3743
2306
7845
6115
9737
1417
780
503
5154
9472
8645
7919
3882
8294
1268
5149
2003
9394
3408
1302
2940
8582
5720
4926
9160
4484
8987
8287
8150
4205
8666
3703
7961
7503
4879
376
3329
6758
4446
5627
5478
754
8573
2061
9495
6907
4474
6896
8584
5691
2989
5975
4540
4712
8261
595
2930
8067
2119
9939
3568
106
6645
6291
4733
8602
354
7954
880
2018
6185
6036
4060
417
8766
4002
2311
2618
3456
1189
5118
5148
8734
8861
6945
6055
4
1295
6925
3841
2336
7034
1837
2120
8679
683
74
5736
1719
7277
6510
4226
3175
1080
5002
9041
8741
3171
1389
5960
4714
7012
6113
1533
7258
7707
9914
3319
9281
2214
6175
6142
1980
1392
6498
6756
408
1247
6559
2603
8302
4398
9081
8804
7931
8886
5080
5728
4852
2795
1030
8280
1382
8109
1341
9956
5157
6792
4756
3600
2102
8571
1113
2974
3999
4057
7996
5415
8146
8859
2210
5816
3258
8169
3372
9751
7362
552
5501
4141
1286
7739
7131
8972
3352
5613
7508
5275
4991
355
583
2483
5510
9712
9520
7428
4190
1313
835
5590
897
8933
3124
6323
5705
449
5009
8978
6488
1923
5542
6229
3526
4809
733
3693
1957
8700
8362
1200
8520
3477
287
9632
7999
184
4735
7355
5280
6026
4041
9386
8218
3536
8316
3073
2509
1882
6442
9031
7792
4423
599
7525
8506
1347
8667
8213
4855
9664
6400
8118
4062
4934
7402
2654
6433
815
9876
27
4554
7745
4839
933
8883
774
848
4976
1234
8431
4434
7231
6696
79
5115
3277
2736
2262
619
3645
1238
4574
9902
1239
615
767
6558
242
4500
9124
1914
1993
7467
194
1447
1394
7250
3640
2887
5483
1182
6417
549
8922
9695
9129
8664
8053
2982
6363
581
114
4347
7287
7597
1421
6976
6902
4088
6158
9256
274
2023
6465
6888
3890
3690
5299
3018
88
8718
1715
384
4617
6360
1936
1308
5681
9879
7235
1093
5072
3163
2317
4685
9595
6869
4952
9836
2279
8983
954
2967
6408
3781
1916
3306
464
2695
8606
9928
913
2364
2926
6448
5263
8112
3625
625
6719
2820
6721
8006
9549
7192
6927
1271
329
1548
4631
4888
1767
4038
8339
4493
6308
5267
2110
4737
1082
8763
7885
5253
8562
5358
1994
9973
5582
7024
5257
7910
7529
8693
4701
1742
2580
3859
8216
7815
9431
1587
646
3860
2343
9787
7222
310
929
8358
2531
4193
356
7436
7891
6237
8070
2419
708
7564
4979
8470
1105
2068
3997
7090
1784
1976
854
9092
2899
6763
906
5768
2132
407
5355
2572
1778
2902
1721
4399
132
5918
1596
7574
7071
3400
7659
3167
584
6010
7322
3214
2787
8753
1035
5138
5987
1640
2129
2519
397
2568
6371
3386
8349
7188
444
9047
3916
7714
5602
5852
4450
5706
5370
3186
8117
5758
6431
2196
3726
7829
2166
392
7350
5277
5511
4805
2629
7241
7074
5646
7842
8823
7861
9216
1506
3503
4166
1223
2846
1280
3729
6892
4854
1754
830
1637
2649
6975
19
8044
6578
6790
2433
1695
9371
7126
8906
8479
8477
6294
8183
5593
1773
1370
2242
3543
7260
5350
7494
8228
2121
5778
4886
9301
1517
6920
2879
2494
3925
7562
2423
9995
2953
26
622
6667
6854
2742
1303
6915
7728
2927
6697
7830
4763
9483
1151
4628
5499
3141
7911
9671
7112
281
1983
5780
7065
7701
1063
2065
5125
5377
9898
3991
5108
5933
955
8110
4974
5020
6132
4812
8675
5655
6015
8849
1221
9753
3679
5824
846
3607
6463
6631
6939
2325
158
7505
582
7101
5683
8892
8681
4983
6534
2098
8152
9314
6750
9013
2721
7349
6084
7654
7822
2847
697
5062
6148
3335
6311
7003
8126
9073
4499
1550
3237
7020
1393
8759
5622
777
4634
261
3432
127
5657
3968
5314
9465
1214
5196
769
3877
6878
2810
2889
9833
9225
4922
2818
7725
5429
8811
7440
3362
8184
3341
5935
4026
3301
8713
2211
189
8652
4191
4165
2413
3834
6841
2513
5451
5248
9617
8673
7906
7613
8052
1950
3988
300
4824
4120
5659
280
8773
3944
3796
1092
902
9749
1270
7070
8765
1446
1109
6138
7391
1455
5880
4148
5584
8921
3501
9801
4832
9610
5296
7158
1628
1458
3369
8515
6458
7797
9776
9273
9201
692
3488
3169
972
8336
4348
161
1642
1486
3795
2466
459
9827
7633
6075
8014
9949
1584
6780
7418
8853
6362
1889
8172
6788
7615
9564
2058
5038
4968
7881
6459
5105
1678
2966
3970
3956
4455
5391
1638
9929
388
5036
832
2378
1024
2726
7715
8206
6355
577
2026
6372
9312
8563
2504
4063
7048
5231
8073
1414
7683
1753
5553
2123
952
291
6356
8988
9113
8610
8732
2293
3624
8744
548
5227
6439
8004
2033
4811
9247
1666
4670
258
2611
5411
7859
8746
5260
6072
3419
4382
5245
8686
4917
9594
2928
3710
8807
2155
6152
9306
7378
3396
6283
9830
1368
6732
8174
9154
2122
231
6808
5
9342
983
5662
9264
9455
9974
7337
8510
5806
7338
3731
1523
1870
2285
1235
5773
1120
1615
1687
320
8872
3672
7534
8464
4654
6789
3677
7306
8408
726
2951
4082
4492
1479
5931
7395
4716
1904
2231
5488
5290
2015
2734
2116
8178
3922
446
8747
2670
8416
1041
2349
9621
7898
8128
9057
2143
3487
3037
7930
7790
9976
9981
3873
6497
564
8063
1039
579
6370
6406
4623
545
4101
9451
9317
560
2101
419
6982
6785
4115
2612
9790
6151
8989
4055
8714
3069
6041
5787
5167
3538
9528
8483
5000
93
6891
6274
4709
6821
2179
9730
2699
2237
7455
5533
8297
8751
4665
3143
1281
7172
9245
2859
4145
2971
1156
6693
6174
4887
4359
3259
4994
9522
5106
7060
6771
9934
5709
1903
4075
8781
5620
5452
676
3694
8303
7116
1137
4885
5600
7207
6616
6396
6533
5887
3179
1195
7507
1334
5217
4436
773
4675
1037
1481
8909
5641
321
4969
6918
3902
5565
245
5447
3407
8541
4895
4035
6207
7684
5146
7299
4741
5596
8981
1700
8549
3870
1103
4677
9116
6739
9888
6993
1329
1040
3312
4330
1973
9494
2449
6801
8397
6028
9697
2863
8436
9072
2759
3847
7732
8291
6912
5828
7217
8081
3549
9315
5653
8388
1099
5843
3738
4869
5735
8905
4921
6816
5010
6421
3727
4344
1171
7323
9738
4449
7380
4863
1733
4530
8532
2064
6839
2030
1500
9941
687
7644
6909
2418
7731
7938
9682
3058
2020
4418
6486
7596
8391
4174
5538
7700
4840
3661
9831
5449
7590
6990
6560
5241
1352
5394
4732
745
517
8867
2069
5651
7226
6462
592
9762
3918
9307
3033
3132
4813
2585
3395
3428
1114
6845
6937
5908
1062
364
176
7927
5866
4309
1141
779
4586
8706
4394
9559
606
8335
5518
6211
1890
4815
511
8877
544
270
9912
654
39
6872
853
9354
7949
5833
9870
6542
4131
1457
3260
8021
2952
1013
234
7568
2369
9163
6494
1165
3606
1901
5491
9403
9234
9625
6657
2386
5945
9144
5789
5071
8279
9127
816
3360
4316
3109
2991
555
9397
6235
8412
6752
7133
7795
1814
2821
7592
7419
3842
3142
5569
1448
9598
5838
8322
8161
9298
6969
9165
4132
5932
6581
5847
8402
1176
5948
3357
6930
3102
1650
5074
7456
3592
7169
7171
5469
7917
4396
4768
2788
9744
8701
9579
2260
4857
2832
6615
910
1027
1420
9996
6309
4422
8719
7900
4802
4872
3288
7557
7037
1616
7515
2010
6144
3378
7157
9720
58
2324
5672
1217
918
8182
6160
8971
3930
1436
4550
6425
6191
2287
6573
1489
9421
2439
5030
6457
8256
1626
4442
374
4548
2001
4614
9597
8774
9675
4584
5481
4333
6126
2138
9866
2696
5819
3903
9811
8762
3198
9060
9615
3719
9679
2084
7874
7008
7990
2399
5094
6582
9171
9286
6492
2688
6045
7054
8328
974
4833
1563
5468
7326
7735
9477
6729
2698
4553
3426
5445
5172
341
9799
1106
7918
6153
3051
9262
2462
6850
2206
7186
8442
626
6936
9392
6195
7330
3670
9350
3042
5353
7648
570
5178
8042
4015
4432
9161
7723
1643
6367
2606
1978
7869
4391
7334
7581
6046
7227
2910
3958
9220
2081
5191
4180
7275
8880
3450
9688
5006
5792
4236
1729
186
4560
3287
9181
4209
6212
9715
141
4310
5891
3390
2850
6746
4372
2944
2487
9726
3542
4199
7681
8304
4238
8897
8162
6310
524
8716
452
3185
2860
7408
6674
6035
4229
1079
3291
8688
2432
7272
9931
2243
4512
7893
2235
4159
1072
4364
6451
1712
8878
3107
9803
8810
5225
5265
8200
253
7547
7232
4483
3031
9308
8682
4958
4146
8876
9865
5369
2027
7823
3550
1522
4252
5084
9049
2600
7593
7895
5566
3030
1589
8910
3484
6552
4905
5836
865
8851
1630
5448
7682
4119
5695
9906
795
5418
901
776
4752
8696
3893
5236
9069
5380
4689
7289
9046
2354
225
8288
1954
571
6213
5813
8575
6034
166
9925
1133
656
8925
400
3798
5903
852
4566
899
7203
6547
5467
3510
8210
3814
301
256
753
3736
6197
1659
2482
7140
1048
2950
1508
3708
309
5496
3965
894
9818
8164
8553
821
6169
8252
1325
5517
845
9533
1380
8258
6520
5412
507
9554
7079
6119
1623
629
7601
1998
5270
6299
6806
5093
3270
1519
76
4374
6301
71
3039
2511
5139
6917
3294
5698
2516
4155
5749
2074
9666
5422
5387
4357
325
6525
4966
956
6385
6064
6830
6626
9636
3255
6447
7556
6829
308
3848
6306
2701
991
2733
9877
5432
146
4264
3374
4622
4331
7163
8634
170
6610
8121
302
4457
6554
883
4747
2652
1850
5232
2757
8084
159
4836
2892
5599
230
9708
294
2331
6230
9561
6101
7145
5321
5567
7269
5250
396
7236
6271
3253
4823
8434
4643
9357
4962
495
2368
6753
2783
8488
122
5256
4608
1686
369
5437
1611
9283
2035
5343
7022
8417
152
6858
65
7912
4346
7819
5545
2720
6312
2714
9417
3839
3003
6724
3354
1227
5826
7445
2281
6350
4889
8409
3101
7062
8444
1125
9850
9841
9920
6717
7656
2488
8381
5512
5426
3320
4481
4355
6218
5764
3780
6336
9631
6948
5325
8352
2038
2839
4452
1306
1812
6441
9252
5830
6304
6172
5120
2092
2655
5046
885
9058
3678
6449
6900
8806
2388
4858
1569
4090
362
7474
4782
3412
6950
18
1020
1614
4595
6749
5348
4715
9895
6162
3242
3931
4639
4790
6226
5031
860
4335
4956
4531
5070
7965
190
2034
2569
9962
6092
9502
1435
5524
7288
9284
1838
9109
4134
3467
1801
3438
5255
9760
4245
3938
9846
9299
7164
3791
8241
6594
2709
7026
597
7943
1946
3122
8858
4806
5997
1699
1333
4625
2299
2393
361
4552
7703
8589
9634
5156
1944
7983
1246
8377
1002
8685
6014
8724
7695
171
1060
1312
5427
6802
5809
7267
8460
1795
7641
1982
5856
7559
5419
5893
7209
859
1748
8668
2775
6952
7174
6595
9427
4147
3068
8653
9886
1367
6553
989
1840
7429
971
4816
1829
9022
1981
9344
3551
1731
1965
24
8032
457
2530
5842
8737
3680
2668
9873
2241
3771
8785
7420
9062
3041
802
3784
5966
7623
8443
2295
2194
5823
1866
7646
2161
1975
6636
8647
1400
3494
3908
6327
9815
7353
2912
6411
7665
7105
9535
6539
7889
8414
3515
5732
6455
217
5114
6521
7803
9067
9724
4003
7652
9824
5704
3788
2147
9462
2171
3881
1172
8456
1208
2082
1153
9881
8522
5371
5759
3641
3786
4150
3183
7150
8898
8212
5529
2903
6108
7971
2450
3495
2574
4961
5060
4981
5507
2167
6249
409
4959
4894
7002
7052
7072
5309
4071
7782
8342
6389
1551
2319
268
3282
4600
8567
2614
8633
2008
5186
9164
9620
4421
7293
1697
4845
7021
8230
1879
70
9512
8616
2484
7643
5133
2855
4064
9642
6474
4864
7015
6089
4680
6125
6545
3899
2361
9819
2041
6762
3445
3722
252
8526
9858
4439
4369
5289
6864
6056
5701
5803
232
3584
1232
8498
2307
8249
2283
102
1067
6246
9382
7944
950
9950
5049
7364
2705
8135
9746
6679
1196
2756
7526
4438
9396
2808
1328
8955
9747
9169
1734
5090
3766
4641
5365
3757
1511
9991
1426
3469
1087
944
1544
3302
1549
5837
1050
1907
9425
1058
9274
8368
6688
6601
491
198
406
3139
3327
7625
5221
233
4821
8617
228
4998
5095
148
1118
2126
1758
5631
1661
9848
1135
3095
422
8315
1240
2575
6865
2873
3019
8814
9079
1288
550
288
9320
5410
5360
8901
4570
9324
9759
5763
9633
4292
4992
2252
3330
3085
2980
8490
912
6399
9384
5047
3217
4509
3844
2996
6476
8232
8817
6526
7610
269
5187
1853
247
5982
418
1573
1012
2492
6546
930
6189
3087
1055
2215
378
7066
3525
829
2328
3228
2334
5938
6378
3605
2675
1503
8453
6968
8355
5317
4109
6221
519
7763
9213
5872
1108
5179
1717
205
925
7843
6004
5472
1538
3481
1743
6419
1593
8000
221
1399
8660
9348
4256
9038
7736
5710
38
1567
4955
1521
2534
7001
3134
8583
6485
7425
5812
4378
6093
2224
1209
9736
9243
7369
9952
4271
4627
2533
9289
1437
4590
5680
3184
6814
3380
9562
4186
3990
4999
5143
6644
8165
1396
5041
7502
5300
4501
3638
3855
9967
7812
8395
5182
2315
3960
5407
4746
1843
6201
2301
9587
3094
7591
840
1159
4415
4753
2507
3346
7255
6500
1902
3971
9680
947
2165
6687
7354
2510
6722
8007
8850
1502
8340
3967
9770
5383
1282
9901
5379
4371
2798
3047
2994
6030
781
4270
9918
3149
8529
8123
6689
5052
4660
2229
2300
3090
96
9673
1482
9970
1868
2446
6956
8295
5160
7921
7423
8332
2998
9840
182
8848
2148
3732
3497
7256
7379
4526
6255
202
5528
5434
2845
2489
765
4282
2837
4924
5692
2089
2605
3267
3959
4389
7770
7137
696
5798
6380
6316
9409
1802
6073
5040
3830
3485
9037
3050
8489
9576
1405
3243
3076
5996
6675
1250
348
6017
5234
7634
2350
5136
7151
6692
4144
4607
6104
2502
167
56
3701
6109
770
9635
5638
2113
3011
6718
2057
8472
7852
119
4277
5497
3331
6568
6822
5770
6572
5762
8984
2335
6145
3713
978
5028
1703
3761
5455
751
9732
7053
5601
1321
8222
9176
1845
5141
5032
2108
3745
9614
1582
7225
6239
5769
4365
3130
8879
8632
2297
9458
4471
8919
6429
4508
2555
8487
3565
8406
6289
5563
6838
5664
1505
5168
7687
1693
1648
4235
8217
9074
7409
1230
8077
91
23
7512
9443
6846
6112
9086
9006
9657
9100
6470
1639
5034
2087
2916
4113
8369
995
6240
9004
9316
6038
1025
4172
1911
3156
1470
8911
136
466
9476
3691
961
7246
8826
5665
8770
8485
1051
9575
7201
9051
2362
6795
9246
5868
7486
8480
7318
128
9526
3061
7475
1649
6977
9021
5043
8957
3355
5378
658
5772
9479
2997
6728
9982
4814
6029
7551
2829
5215
6551
2778
9068
9605
1494
5509
1158
6879
3642
600
4443
5404
926
1524
2063
8050
8558
3376
1254
4480
4100
8574
3388
9492
3088
9623
9530
3896
9279
717
3272
3493
7750
1384
5332
5069
6639
9383
5184
4791
7566
4637
1383
257
9175
980
2894
2100
2282
6856
7516
7081
3230
6840
2677
7240
1927
2348
2341
4662
6680
7439
9138
7638
664
9030
4241
4612
4291
7540
4360
5505
1117
1127
8723
5757
4613
4197
2302
3901
5218
9569
9883
7589
1180
338
5915
8238
7642
4948
5715
5487
5829
1985
9701
4127
3981
5503
5699
363
1300
6277
9166
6810
6440
822
212
6870
2208
6012
6919
3403
7295
2549
5898
2221
6571
3673
631
8809
7535
5751
9330
9091
1558
578
3934
7721
2884
3589
5936
6958
8982
7688
7939
3570
788
3097
1664
5875
4107
7093
7620
2330
5142
7291
2410
7774
9916
9975
1139
1769
7100
624
3278
6295
6487
4456
360
1459
7373
7035
7118
1525
2379
3912
7396
2608
8143
9755
3401
3723
9331
8097
7920
9691
5921
3975
9103
4785
7704
5395
7675
3714
2506
439
1834
3356
2158
8038
8514
1142
919
1958
1184
743
4168
8915
2501
9761
4385
6096
5610
1473
4914
9204
5239
9507
9525
2626
5688
2936
5297
4013
7441
5810
7381
5965
900
8469
7854
6263
864
7086
4562
1298
7309
1076
9606
4798
6501
1296
8780
7000
1510
6176
2269
9114
1068
6998
5326
9266
572
670
144
5246
2597
5717
3411
4469
3377
3660
6569
7811
4578
2219
6897
6037
7406
322
2962
684
4652
2635
4558
2886
2197
9157
5922
9856
2294
4304
4720
707
1750
8306
9667
243
7394
1527
3669
2843
8465
8824
1775
4557
5134
938
6329
4349
7286
1162
4970
1169
7708
8119
3349
3161
5440
8552
8467
1262
3498
7817
8544
1011
1097
2651
9773
9655
3748
3444
8546
1653
9714
3808
5247
9034
1910
2589
1688
7609
1777
6256
1
6118
8784
6819
6701
8027
6002
9361
3222
6137
8310
4039
7826
1442
2657
5535
3797
7492
4428
9452
6779
7678
3192
4135
2209
6027
6192
8523
4681
3878
2551
7196
9435
5877
665
9961
2631
4070
9466
3637
6243
3096
7698
7846
4056
2173
2134
9027
4937
434
667
5840
2352
6444
8028
9364
931
3298
9341
4217
2005
9693
1842
6379
3635
9368
4897
7173
404
3756
844
2461
8674
7279
1261
2454
5197
8508
4156
1835
8194
4258
8625
101
4198
556
8235
4666
9838
1874
1409
9096
7617
6098
5124
3821
984
4754
6813
2577
9084
6357
2682
7860
4047
6828
7219
2411
998
9508
9329
6764
7605
9640
97
4717
3303
8545
8019
5950
4993
2273
1336
3982
1140
9490
827
8030
6505
9989
8657
334
8285
2213
6633
3866
1714
4873
2838
8034
3227
9588
589
3012
2145
6603
4707
1938
1253
4750
3733
277
1018
4183
4244
1603
8305
3265
9775
5952
5614
9910
4671
1111
1921
5272
3035
1706
533
7041
623
4016
9254
6911
3442
4464
2708
4881
1017
9183
9270
6643
7640
8694
5402
3864
6155
2234
1588
9772
1601
711
6136
3573
9851
3915
8670
150
3737
44
210
4136
3906
4318
2086
4410
6427
2924
959
4037
7023
6751
659
7514
5015
7466
4577
5366
1170
99
6386
3439
5064
2304
3000
4919
4841
7780
3838
5942
1054
149
7303
2088
2451
2124
427
6318
8148
4549
3296
315
6066
5604
6623
6182
6482
8307
3148
7679
1943
8516
2686
9152
6000
8262
4749
2718
5756
6992
8930
2891
4797
9735
8707
9249
3100
4278
7388
352
2357
7400
215
8138
8293
6376
9893
3662
6106
3159
2854
7560
7784
3553
9464
8420
2370
4269
480
723
4024
6049
8646
7567
1460
6161
6938
2182
1830
7058
1806
2885
14
7957
2360
2922
2452
7285
8805
2178
3229
6676
8320
5744
4591
5577
7493
4597
9343
3219
2308
9506
5971
7699
3523
6660
8586
4255
7506
2112
4324
7387
6867
4636
6061
1507
557
2621
9619
3225
6709
4801
6477
1168
4615
6013
2576
9513
8727
1075
6407
648
3888
6281
6044
6100
1348
988
366
6677
4265
7178
2558
9115
2103
2594
3055
4407
5707
2184
7637
4380
4323
7168
977
2009
6361
8913
3994
4760
4111
2246
8036
5233
9835
6914
6079
5450
7945
9200
8344
4903
4679
6381
9422
2353
6561
1552
565
7569
3603
9555
6744
3181
4559
7760
2536
6275
155
1387
2111
6550
2153
8086
9557
7085
8702
2929
9119
9339
17
10000
7668
8742
7744
5081
1996
9178
7840
9663
8936
836
7966
6965
3379
4659
1289
3702
6284
3337
660
5334
7377
9036
6383
4513
8592
2825
6264
8149
477
4408
332
1926
2467
3005
2416
5630
8500
7880
4568
4704
9641
2661
7713
5004
6871
2711
7890
7706
6199
8503
5580
3077
6130
1932
9413
2802
10
8227
240
4095
4189
6094
5482
9010
6602
4261
4227
6285
4034
3350
2056
1266
3518
7956
2948
8474
5998
1468
6940
3610
7043
5718
5673
543
239
2168
5304
9644
1144
2771
9097
7958
9985
611
2425
4077
2630
223
9696
3367
5409
9251
2154
8459
5340
9756
9551
1471
6333
4177
843
1759
273
7839
7959
9077
1756
5061
7372
9362
8092
7984
7220
436
9009
9843
485
3558
5313
2831
1212
9863
9539
4884
3583
7215
5466
1349
1084
9493
4788
5911
8704
8791
3581
4521
907
3993
9377
134
7080
5881
8986
7773
2972
1265
527
6742
4944
7671
8463
9130
5974
2801
7091
7991
437
5687
2679
892
710
9678
1948
9669
9491
6198
275
7552
4102
6127
2274
7775
6278
4930
1332
4429
3612
5731
2857
7128
1895
4242
5536
5112
1345
4491
1314
893
4722
9040
5708
8082
3712
2071
5846
9964
9837
3429
3514
6456
9290
3283
9764
713
236
4386
4221
5734
6515
1081
2683
7283
2704
1922
5985
756
8873
3653
9709
5150
4847
7785
8259
2678
4965
8223
7691
8056
9660
6504
3519
1849
8767
9005
8105
351
8698
8525
8486
831
1475
1847
1540
7472
4725
8846
6196
9011
8120
9864
9205
412
174
3027
7194
7170
7051
9792
890
9070
6794
2543
3867
2332
8066
3489
295
2
9090
1277
1969
2259
5214
9849
1662
948
1077
9816
5033
4585
1430
9153
4004
4699
187
7636
3787
9538
7504
447
3794
6428
5980
1049
5335
1898
3946
3657
1877
6685
2254
5209
7847
467
9121
7333
6296
4538
8326
3173
1241
6954
5594
4194
4224
1433
2978
6651
103
2323
8075
871
53
1989
9694
7814
21
7495
9370
8363
748
4686
2054
650
3191
3446
4810
2911
6678
6652
2395
2623
1894
5774
8064
5666
6512
7189
5147
1427
3556
3948
222
9426
2610
3466
9001
9233
7929
1716
5711
1577
2104
3311
4473
4932
5515
4990
9710
7263
5671
2687
869
4688
5605
2553
6778
2017
3023
6023
3245
8179
4667
7651
2900
2559
4027
8497
8534
5556
8990
2284
6394
6341
3720
5548
2188
9345
1606
1363
3121
8708
2141
1322
5700
8114
7280
6784
5775
8595
2772
5716
1671
2500
7316
2807
1542
3825
196
1580
6445
6307
9954
3193
1609
2697
5177
2779
8482
7482
9404
504
3775
1444
2659
3205
12
2728
6725
4358
3455
7836
8348
4793
3189
8754
6453
3152
7247
9913
8091
1395
2660
4606
3587
4571
7908
8725
3020
2347
722
8085
3392
1668
3889
7185
6393
2268
4759
8864
2851
1293
405
7832
9524
7809
7489
3324
7915
7872
3028
3443
9128
786
3015
8264
9369
3304
4326
645
2257
254
5658
5363
8017
2267
3016
9699
2363
2893
3308
4978
5193
6286
5570
8790
2230
30
1015
9085
8703
8375
5788
3414
6359
1536
2882
465
9328
5283
6018
2453
2320
5130
2095
6222
43
3238
1178
4021
1684
6513
9061
9218
235
934
8991
9826
7624
8458
4506
1338
7371
5056
1988
7393
6203
9486
7019
6608
8536
2937
4470
8197
9313
4778
4143
6390
1881
4140
203
7336
4786
4941
4219
7437
537
3437
2584
7300
8788
6057
5929
2547
1323
3819
4028
903
8337
7205
8945
6508
1498
7046
4876
2298
5890
3792
518
8090
5930
2826
9133
3683
5947
1707
3668
1655
5925
621
9509
5219
8224
5544
2309
2664
4977
9880
5456
260
8639
9796
6166
8427
8245
8539
353
9763
7650
2823
5679
7575
6682
771
1765
8473
8173
7421
4445
8140
942
7122
9565
7599
9380
4851
5073
425
8219
1327
939
5752
2072
6315
2358
6266
1110
8094
749
1316
1456
5495
479
6150
598
2239
3590
3650
4547
220
2946
6905
5677
2749
5660
9310
2371
924
1146
1781
5110
2146
539
3470
4527
763
8166
7868
6495
2592
6908
8163
3533
935
6514
4535
5886
5242
7251
9646
9039
594
6059
7313
9745
4954
5104
6579
3398
5291
3300
2117
5368
7039
4461
7152
9168
9969
4848
1872
5470
9953
7006
3613
5972
8221
6851
4178
9766
6843
7968
4022
3316
3926
7376
2919
9043
5795
540
1218
7018
2327
7628
7538
6124
3972
7055
5642
4223
3837
1205
5603
730
3716
6859
3207
2024
4306
9884
5703
2975
4042
9146
2028
2636
7783
502
200
9665
7154
7734
9407
3572
3884
5531
4005
8301
4504
8985
1701
668
7144
9159
1726
9375
3215
9786
9518
9087
2878
8900
3534
6874
9255
3597
2270
3168
1677
289
113
1745
5962
5825
306
7254
4149
1452
7027
6325
4462
9758
4214
5361
1514
7098
3861
8345
5183
9722
6853
3976
1381
6607
9593
8715
9599
2624
8658
6415
5955
7147
1376
738
3223
7351
5587
3293
9698
8478
9139
100
8106
6276
9267
7183
5682
5755
1359
4565
5502
5173
9685
9131
8726
7584
1839
1001
3472
963
3172
5473
6635
510
8663
6273
810
2429
9580
7923
3790
7463
8142
6128
4583
9400
4877
5181
3289
1358
5389
9147
8927
5520
9946
2715
9288
218
4010
1071
2809
471
6570
4137
4425
379
1441
3923
6815
365
3247
4275
5123
3048
60
9817
3118
9900
8831
534
7007
1422
2875
1022
1453
2583
4133
9862
7585
7044
2836
6134
3767
8938
5164
3770
1820
3626
1147
643
206
4307
8175
6077
5222
8452
794
3929
8181
7375
2565
3140
5318
8803
1631
3752
3208
8195
9250
77
4246
57
3978
5438
3471
6592
3089
8507
3511
8111
5849
5252
8199
7979
4424
8712
7877
4387
1096
1942
732
6627
9378
2804
8841
1935
949
5550
4032
9683
2387
2409
4721
3370
7294
2415
75
8029
5203
6102
9965
7855
7305
8838
1949
6377
737
8903
2090
8254
1428
1061
6650
1816
391
904
5025
6737
6258
6517
1177
9222
2528
8875
7431
319
9365
6885
3165
2133
614
4611
647
685
3490
5442
4079
5166
87
3006
3178
9170
2394
7749
313
4904
5993
5303
3220
2869
9227
7242
7450
5117
5480
496
8691
4072
2849
3427
431
783
2339
8399
5850
8225
946
3071
9658
1581
2050
509
1992
9401
435
3564
9082
2032
6887
9232
9854
3441
5882
8958
9185
9517
4503
1613
8341
4373
766
2671
326
9653
124
9687
1154
6382
4267
6638
8093
2970
9015
6434
3531
3776
451
9367
3599
4336
219
4920
9496
8445
6783
1732
3953
553
8461
111
605
7135
5963
8542
7934
3563
554
4332
120
9454
5855
8550
798
6518
826
6994
478
5261
9140
8243
8058
7470
4820
3064
7673
2613
1115
6628
2964
9363
7582
2700
8157
7324
4215
7649
3817
1590
1095
9503
8401
2066
7804
7069
5949
4161
5874
2498
9188
7148
181
1518
5969
2272
8749
8735
8325
4151
1827
4594
8644
7579
5494
3809
7462
2914
9501
7828
8690
7952
6103
3835
703
9537
764
4494
7347
5129
7850
3393
4605
3274
3891
6519
3941
6609
4495
5771
5585
2044
5943
3479
9355
1231
3433
3897
2786
9327
1771
6963
8604
1986
7233
3759
3980
1190
8561
8752
1233
7485
7805
9860
8871
323
4031
5857
6154
3826
1310
7953
2586
2043
3765
6070
3092
4126
5293
5817
7764
4287
8324
4949
4000
3082
2223
4295
4073
3751
4440
8950
6280
6681
381
475
559
5424
4006
137
861
9820
5516
3649
5968
2909
8299
4772
5474
1865
5364
7134
9676
1031
3974
9420
3943
6743
3332
9438
6478
4092
7724
9145
7136
568
2947
8314
8967
1264
4280
8519
5310
7730
7111
851
3524
7438
5926
1315
1857
8825
335
8033
741
1463
3339
4467
6384
7361
6727
3104
123
7156
145
666
8750
9007
882
3578
8547
5745
8570
4441
4762
4025
9238
8579
1257
5459
9951
1555
719
3070
2684
3730
8319
1722
3957
8942
5571
3084
7159
4693
673
9878
3040
9844
9855
5541
4738
3629
787
6944
8491
5292
2835
3399
1779
3368
6791
1811
5863
2366
6532
5454
9026
8193
2212
2868
1763
7748
1636
9402
3617
7677
616
5362
8624
1404
6668
387
6392
3667
6116
1821
7057
4210
5401
7426
8133
5357
981
3950
7717
1311
1803
183
6502
7262
3639
1672
9198
8980
7153
4253
5284
805
4363
3235
2866
2244
5264
3052
5832
6003
8926
5243
2806
4777
6401
818
508
4239
7413
3985
4163
6893
263
1822
9258
4196
7604
8832
6967
5344
8976
2052
3029
7115
9689
9414
6712
3973
7089
5799
688
7075
1497
9358
5794
126
6611
5537
6730
8367
305
1337
1219
9359
4248
5623
7663
2777
1547
8934
4576
3284
8247
3977
4765
4121
635
394
6747
5958
7496
8141
3190
4412
484
8074
750
3196
5140
5240
213
420
1112
1598
2856
6928
7224
5376
7082
1191
4511
2898
693
4417
9781
6880
6777
6899
7190
9672
4598
5897
9415
9739
5977
5523
1727
9381
9275
4266
567
678
4036
7607
3850
4918
8198
462
8640
1088
7121
739
9624
1045
3696
2402
9411
3880
8795
9659
4065
8471
8642
438
9347
7327
5226
1774
2993
393
9571
3928
4181
2458
5648
4899
4158
6984
9110
7050
2625
9567
1929
193
4945
2874
327
2303
8537
47
377
8203
2271
4325
2676
8187
3646
4856
3462
8160
5864
5477
131
7741
3602
9449
5414
5802
3065
1667
3297
8354
5068
6953
986
9215
4393
4834
7844
1813
7856
9174
7658
4274
5743
2805
6536
5328
2813
5198
828
9134
7985
7818
5282
772
5981
7374
3216
2562
6267
2638
1794
153
7452
278
1053
7160
3591
3202
7672
2525
3231
8528
6782
1560
7120
8233
4727
179
9994
4633
1406
3961
5096
9955
2400
9907
3541
9740
3552
4996
8745
2521
7346
6099
4795
7389
3571
987
8564
4490
8949
4463
5781
1970
6332
4546
686
5970
373
2438
3585
819
7365
825
4817
9802
3685
3418
2561
7835
4204
574
5078
2479
1294
7383
2019
5643
9453
9192
8372
3452
1884
208
9998
5266
8597
8253
2745
3177
4818
932
2954
9707
5486
3166
9018
2812
8068
9897
5919
7800
8975
8802
9670
2443
469
1739
7801
8952
9968
1591
5637
9489
3430
2428
7517
5730
1685
1042
3698
6122
2604
1652
690
5928
2392
2080
3687
6941
5914
982
7
1225
8997
7549
1893
9467
2791
752
2896
1786
6156
4498
651
2563
655
1242
1213
9055
5392
2913
922
8229
7221
6076
8977
7853
4067
4534
3862
2518
5899
164
3647
8893
1483
8385
6769
5492
5269
3675
6903
6319
3164
5026
3513
9439
9543
1899
4980
9064
9028
6205
5739
4014
7335
5885
5373
1131
9385
1516
9612
7109
4392
5200
8011
4601
4179
4220
8001
9445
6726
8619
855
250
1937
1116
1028
2157
5099
9094
7084
7181
1464
2277
9338
4684
1272
7113
6062
1003
3854
1878
7332
5551
5760
6343
3054
6279
2692
347
5796
915
7611
9244
8996
1856
5359
5964
5579
6223
7245
4299
6584
6340
2633
8970
5045
8588
4250
5210
9429
8343
7806
7473
9390
3947
608
3871
1353
837
1297
2322
9191
4086
5729
1641
1644
8087
2359
4510
542
5453
6663
8277
3831
4208
6298
5199
2564
967
160
6960
3840
4678
9630
2175
2344
5552
1215
7443
4472
6637
1619
3358
2040
8156
3182
207
1694
9410
6123
5994
3345
6699
2289
5712
2769
8620
1346
638
32
1339
9935
3116
3343
4225
9992
9406
2313
105
6481
636
3750
7127
9808
1274
8329
5540
8769
3883
1744
4125
911
3962
705
1818
2258
3240
875
4661
6019
8857
5628
9774
5721
7545
4123
5685
9563
2385
7308
8797
7435
442
1817
7928
3863
2673
7834
850
1755
9842
8887
490
3739
4687
4898
6269
9003
3375
9393
8757
336
9148
9806
216
5330
8533
2949
5747
9280
5109
4827
8313
1859
4525
4674
3447
8242
4555
2796
9214
6373
2840
6050
4575
3633
63
2963
5694
4023
8822
6129
5305
1789
1307
7970
3026
8095
42
8654
1960
5860
6957
1627
8636
1553
4697
1825
142
7497
2240
2321
4080
9651
6117
5294
3499
8677
1905
4902
9203
5562
7357
7746
3305
2515
7212
1961
729
799
4740
9590
7565
62
596
1005
546
9078
4338
782
6060
6232
8069
2291
1602
6863
6171
1509
2819
7498
8603
6759
9777
1797
1402
8215
4875
3777
797
6262
841
7550
5525
9553
4061
2774
9340
1216
5053
7412
2828
7960
4973
7726
3457
4419
6811
8947
8656
3924
9783
8923
1657
4767
2174
6233
49
1197
5122
5131
8430
6051
8457
5999
4343
5021
2983
8023
1203
6612
112
3644
613
5439
4518
1621
2609
6776
1143
4838
7110
8083
2995
4329
8403
6314
2048
8282
5776
1390
2137
8365
3616
6883
3674
9412
4018
4259
6890
5862
7722
5782
7573
2858
8031
5333
4345
876
264
8289
4405
5013
7821
5279
2006
5065
7446
1122
1152
2571
8024
1997
9326
7776
3789
5121
6649
7647
1413
5612
8392
5978
3785
9978
562
6703
8874
9560
4320
6346
7532
7786
791
4044
85
2595
4300
3187
4106
1360
4337
3656
290
9702
6008
5339
716
9628
333
3681
9733
3580
6715
4893
2943
2523
2792
7067
2372
9867
1351
1990
5909
8312
6913
1149
3112
7899
2190
9639
3820
5489
6671
3779
9654
5656
7791
7499
4769
7106
536
5059
7141
8787
3328
916
5765
8711
7718
5741
8902
2296
1554
5307
414
5436
7397
1963
891
8979
3454
5312
5024
4942
5904
1559
9771
8678
9229
165
2156
2799
5388
3074
7033
2933
5170
5085
7793
9277
5384
5088
8384
8059
4257
4663
9151
8124
5939
5213
314
7886
7936
4896
8492
4303
7297
6483
6214
8771
5670
299
6868
3364
1880
8684
7124
2985
9643
9101
3417
9728
9556
8005
9904
1357
8555
3917
6669
4630
9226
8424
2917
2915
768
255
470
3987
4592
3326
7561
4096
512
463
6985
8630
6648
2160
6369
1823
6757
6413
1064
6704
3966
9418
8333
5460
3307
359
9602
2083
6081
7588
385
4356
5907
5652
4878
1004
8176
8705
672
8158
8387
2377
7653
8376
9853
2550
172
5944
5119
535
1194
5189
5558
9944
5337
8220
8801
5865
5572
8188
4651
575
2732
3735
9303
3334
6826
2988
337
3099
6961
1824
5008
4458
1275
3778
7073
6991
7878
8107
9045
5848
4843
8281
1065
6713
115
2170
3290
248
7360
1100
2437
3554
9487
3623
5611
5753
5316
1871
522
1102
6146
9366
6353
4334
1977
1826
4764
1493
390
8309
7229
8237
2986
9765
5063
2615
2011
3044
3699
5375
7914
8025
4403
2445
9387
482
884
2430
1530
2390
9589
1940
1858
4517
7802
4626
33
7993
6016
8618
3160
2226
3338
69
6107
5560
3423
609
5076
957
6787
2637
1863
8999
3851
5814
8080
4231
7657
985
4249
7765
6511
8940
178
2685
920
4222
4599
2737
5876
7307
9582
4989
7614
740
2442
9748
6986
1504
9674
4573
5845
1841
9905
6624
990
8502
6983
8777
8513
8379
9488
5879
5934
4943
8612
4118
2906
1119
6403
8728
7138
6025
4830
8721
3992
6836
1917
1751
9874
9545
6031
817
5946
8631
4046
755
4160
6844
3394
5634
246
6063
7094
6183
6252
9093
9601
6177
2376
4069
4842
9532
7030
1086
7935
2665
3241
2099
2448
887
712
9917
3892
4478
5750
792
6522
9230
6466
5894
1807
6924
4664
8517
9793
8890
375
7972
3846
3845
2619
3286
8856
3415
1167
7696
1766
680
8051
7873
8265
2263
8557
4321
1920
5287
9318
3804
1681
793
7414
6193
3894
1210
2013
5185
1269
7511
2312
7004
8638
1186
4691
1738
413
9957
4975
9536
1515
2939
4233
3318
8956
1488
6738
9469
3053
590
7320
757
2486
9297
6339
4724
6946
6999
5315
8635
343
1335
4915
5441
873
380
3200
5896
9887
3119
7290
4646
7014
9374
9661
2338
1599
3753
7813
9311
125
8495
5319
6662
8509
1571
3833
7667
2238
8768
3869
3004
879
4420
8039
6011
6058
8022
847
6210
5924
8466
9457
450
1529
8830
6658
2830
5302
5102
2877
8020
5027
6978
7685
8098
3224
4497
7986
5403
4170
3535
3509
3800
1155
2149
8613
8840
7989
5306
588
2570
6065
1070
2529
1056
1852
7522
677
1592
8665
587
3933
5616
4730
4859
4206
8929
4341
386
7863
6974
3416
5162
3522
4523
4395
4084
4379
858
3257
4524
9050
8501
1646
761
566
6634
3336
3036
8413
8209
3937
2016
5098
2803
1629
7897
4507
6618
8415
1999
2532
2844
909
297
4621
1425
3887
2236
5619
7063
2540
872
3111
5268
1291
4923
7548
3366
140
1046
5075
9447
4906
7521
389
2681
4176
8794
367
9652
724
8270
3801
6048
1604
6583
866
6989
8994
1361
1245
6824
3059
9705
5430
1676
2653
3872
3909
3598
7501
7553
2800
1356
4367
398
5626
5393
7345
4237
1931
5636
9430
7117
3103
2198
5902
4629
515
8284
4739
6884
3022
2690
1683
5632
4388
9591
8380
2125
7528
6302
7964
8481
5895
4880
133
7011
4656
5237
4192
5984
7119
2522
5351
5285
6621
6039
8601
8881
2694
9398
2247
5861
4719
3532
6691
5101
945
7720
5039
6141
108
1909
3421
4019
28
7481
1705
2942
2381
4751
5224
3125
526
2183
9446
6766
4826
5954
8798
3436
7325
640
9242
5176
2365
2751
8455
7179
460
6949
4370
4743
1251
9894
9333
962
4251
5973
4849
7447
7191
5484
6655
9814
2713
3409
5216
9106
6040
4744
8269
1691
6904
8731
2797
6666
3658
8045
3127
7399
2656
6848
8783
3256
2383
1704
286
2864
8695
5089
7304
7887
1645
5967
8937
8189
7367
5042
9609
6303
7752
3017
9788
6020
4748
6996
6461
2632
3492
7175
9511
6006
1690
4579
1136
3131
923
618
3528
8835
1513
9112
1543
9500
682
3209
7237
895
4505
7994
3983
4087
8191
1252
9727
561
3559
3153
5211
5067
9405
52
9899
2039
7319
8568
6348
2384
7879
7398
760
9872
3413
6464
2990
368
8125
9287
7013
4315
5235
1160
1495
7858
3811
1350
1656
3755
7461
5022
2070
8779
3586
7078
9
4308
9629
2743
2907
8449
7036
4045
6800
6261
7509
9778
6257
4076
7992
8650
2136
423
298
8423
4807
8598
4276
1451
7769
3810
2766
9304
2261
4430
2460
5396
8131
523
2931
2139
5202
411
6250
109
1299
9717
2789
9269
4116
7384
4779
7273
9869
1408
6247
9016
4773
2616
1896
2114
3700
317
9346
9137
7261
8207
7598
3746
7758
8585
6640
1532
4296
4479
4799
3431
3025
1121
5082
4426
8266
4953
5323
9219
1658
6140
3805
5100
6292
1680
3904
2723
6882
6437
4602
9434
4444
6832
628
6765
5561
1804
2601
8941
6095
7995
25
8531
9442
1074
9471
2012
7848
7892
7583
644
9076
2640
8587
4695
6544
3964
9135
8615
8827
6775
3500
4342
3684
4154
1107
5281
1224
3007
7676
5145
1557
5693
9059
6347
3939
834
9940
1343
9107
9019
8920
2250
6105
5273
1276
7978
2719
6507
7755
9017
2200
573
4729
4984
3010
1873
7729
6619
2140
3823
3062
3476
6248
3666
8496
1528
3609
3266
1467
4987
7595
2578
8054
6979
820
8717
5011
2876
9468
9923
538
7577
2535
2025
8405
5534
8828
8248
7639
762
7213
1928
5244
2667
3323
6001
3420
90
7042
8447
1440
2508
2920
2053
8710
82
6365
3963
3459
5086
6541
3269
6754
2127
2746
3281
4936
7973
5238
6617
6272
2644
6860
5979
7716
4988
1487
2739
6531
4009
6557
7904
3285
4658
8527
1287
8211
7948
4868
5722
1398
5338
7199
5029
3705
3422
3402
3555
8440
5399
6575
192
7692
1934
1594
3486
1374
7488
8743
4202
5578
4105
8
4451
6973
8323
9686
603
4175
1512
7969
1939
2355
3244
6071
1069
7662
7257
8661
5195
4230
7709
7284
8504
6873
4313
5201
2021
7311
8535
8671
7417
1236
454
5204
653
9584
5783
461
1673
8748
2680
8170
2981
6181
8076
9825
2478
1188
3721
9323
9638
4049
7710
2554
7208
8103
7940
9990
2693
8043
2441
8621
2620
862
9741
1204
6238
4929
9480
5800
7270
5807
157
6847
9868
1908
8865
9789
3197
6825
61
1010
7779
3611
8418
839
3763
2512
5342
7849
1006
671
1925
4431
1009
4433
7228
1713
6489
7626
6820
3347
3204
4212
2186
2870
7907
3387
8147
8764
8159
5625
9572
9861
51
905
1469
4596
6180
3537
4068
2648
6499
3686
9983
2093
9592
8012
1472
2202
1492
8134
9871
1576
4604
2888
2503
5543
3754
6849
1730
4971
9784
1164
1424
6387
6184
6831
5589
3145
5382
4182
3034
3604
5324
3373
8389
2740
9791
9891
5258
3137
2469
975
6074
7876
5345
8611
2397
6530
8454
2475
8338
6217
81
657
4502
3979
9607
6804
702
1091
2181
7005
9731
689
8891
1166
3299
5230
5079
2647
6436
4657
3271
8576
2573
483
8088
147
2542
5719
3123
5986
528
3920
2275
8800
3622
814
9440
9875
8614
4638
3133
6672
7243
5822
9257
529
2389
9979
9531
7712
5555
2582
7047
4263
7432
9063
6527
6877
5917
9980
4074
4404
9221
5624
4835
6620
8429
9909
6698
1258
4406
662
1309
2817
3709
6733
8829
627
593
6080
4414
5475
1815
1780
1674
8079
3309
8600
2662
7130
7820
7787
1770
8756
744
969
3828
960
9388
5684
5485
6670
244
7555
1211
7816
601
7469
8608
7484
6043
9276
6523
4672
4097
867
6690
3875
7950
1892
8370
433
704
6600
2731
706
402
734
6524
2436
5506
1021
6420
7697
9197
9099
9637
4758
7756
5740
4632
6881
2195
6090
6052
3232
1434
6767
9650
6165
3895
1478
8026
7740
5385
6178
4030
1199
1138
9611
2716
7578
7214
9721
456
2537
5927
9035
401
7370
3213
7312
3579
4157
7799
2276
8761
8364
7223
2973
5097
4211
746
8276
9627
9223
5408
2375
3221
64
8995
8672
4519
5014
8720
1364
430
4279
7913
2546
9558
5581
9012
4698
251
2115
970
8796
9271
7405
5831
5640
7366
4247
37
55
6345
4808
9473
800
4931
6209
2785
188
2288
8239
958
9754
8607
5905
914
2527
1660
2060
3688
3832
8758
89
7448
1665
7616
8347
5568
9919
1445
2822
532
679
117
4381
921
8296
3911
5504
7632
3940
4050
6405
7386
358
5854
997
1782
9180
3529
4184
5766
4476
9767
7464
2073
6563
2029
5354
4043
5406
9149
9527
6484
1632
8854
2602
344
2408
4203
8912
9356
8321
1301
5995
1228
1465
7796
7198
7180
6366
4302
3465
5017
4272
8286
610
1762
4091
8772
1304
784
5591
6468
7572
7301
7142
3313
1790
4350
7028
2945
7392
3170
6943
5206
1319
5320
5937
8689
1972
1243
8421
5077
2162
993
8190
3516
4850
1740
7453
2960
3263
9885
1757
3246
1979
2264
2782
637
2747
4781
8102
2217
7955
191
2440
227
4647
8648
4985
1491
5192
5490
2002
5019
7751
6694
7329
9075
4690
3440
5988
5262
6344
4317
2046
6164
8351
661
1340
204
5786
7727
4354
4305
1014
6163
2934
1747
1709
778
3321
3818
6418
5748
9102
6894
2292
8629
7666
83
6375
6251
2526
415
1805
6147
758
3251
2587
8205
3955
5804
2760
6591
6241
500
7200
8680
2444
6653
4466
3201
7824
98
486
2544
2524
2901
5668
9177
6916
3996
9577
9839
1844
2164
3425
2079
3566
9504
5953
7187
6781
9519
7533
2345
1104
5940
432
8404
5128
3749
2827
9798
2407
9424
8049
3014
5725
9325
8789
8202
6661
8327
4486
2401
4682
4290
4908
2075
5597
9194
4288
2172
6861
9797
1379
9193
9719
8578
5674
2773
9211
6966
5532
9014
4708
5870
2204
9804
3824
4541
8590
1129
4089
8821
7234
7491
2163
7465
8494
8196
9713
8669
104
9548
9048
7531
2290
4673
3147
1229
7510
3108
121
5654
9321
4522
9209
1501
5058
1959
4427
9195
1887
9456
4514
3843
6642
4640
7884
1933
2811
1415
9648
3707
1279
7095
8257
9237
8524
4916
1248
8037
4860
7139
8521
1810
6091
5207
2539
9725
2833
283
6852
6423
7328
7664
3206
5471
8018
2201
8884
4240
6862
7449
3261
8330
1564
8683
9111
1466
2959
9248
2650
238
8290
1945
6772
169
5398
5161
6288
3799
7603
6354
6566
7875
5421
3045
501
1760
2591
1556
2380
5381
5595
6629
6435
1568
8866
5054
5839
731
1809
6798
7211
15
9228
3234
3664
36
5801
7932
6889
1995
4185
7390
9117
6412
3008
6443
1862
224
7265
1419
3448
7762
1869
642
4051
6268
493
1718
6114
6630
8944
1259
4011
9578
8560
2969
2118
5205
6110
4861
474
5815
3816
775
2646
84
8208
736
2382
4882
1761
5639
9505
1891
8484
4705
9700
6774
8626
1044
878
6414
3989
1078
4475
4376
4828
6472
8153
8834
7606
4588
953
492
7125
168
9206
4706
2253
976
3969
1185
5374
6173
3540
2814
8251
5091
7340
6516
7798
9459
1397
8512
346
809
7298
7771
4742
5433
1682
1290
1285
1991
7761
2177
8271
7321
857
3468
7896
7759
8815
7563
3560
458
9335
1023
7031
2753
7490
681
7348
7711
237
9224
1161
6980
1256
1173
5867
8373
5397
5723
8113
6741
1867
3747
849
7468
8740
4228
695
8334
7216
604
3098
602
5821
116
3195
3932
1675
1260
5827
2340
468
8530
4218
8960
9461
3120
4909
6987
1800
3741
1749
6349
2220
6450
2305
2735
6397
7184
3091
2470
8214
709
806
4487
7747
9570
9521
9470
4539
551
6705
3769
4734
4173
525
4040
4529
7310
2106
8115
1610
720
4933
8192
5690
1951
130
11
7974
284
6700
8964
7981
5785
3595
9889
9023
4312
8361
429
7631
8378
6866
4281
9723
3475
576
1407
3608
4254
4609
6734
4543
9684
8554
6490
5349
7947
9349
3561
2128
3453
3342
9352
8278
3057
9921
3106
3614
1570
9915
6714
6647
2286
7689
7382
2861
811
5446
5137
3317
6817
7458
3254
4957
5790
2729
7810
1535
6834
4108
3458
3093
4837
9662
8932
9029
8013
6723
4164
3359
3849
1237
307
6921
6842
3651
4340
9546
3853
6042
9474
4792
4780
1431
6391
9812
8008
1711
3879
630
5458
328
3910
725
9541
3344
9179
4883
8894
4243
4603
8605
1449
3474
3280
7976
5417
1432
9859
8662
7049
801
2666
6593
2722
2096
8863
1622
7612
4589
476
1278
2316
7772
7951
1330
2925
3803
5228
8308
4117
279
7621
9302
1531
6622
5675
6111
6574
4361
5901
9960
7719
4694
7982
9515
1575
6931
8569
9210
2816
1454
9150
6282
2042
345
9677
209
9042
8935
6695
3627
2329
5322
2977
6972
3588
927
3527
2314
1861
9603
4207
3397
9184
1798
6995
9044
7926
9052
2055
4736
7737
5573
4516
6605
3155
856
1793
9217
2784
7767
8931
5425
8889
3919
6410
6088
7627
7789
8062
8813
1192
8836
9958
3935
2045
2472
1128
6337
339
569
4301
7359
649
3038
95
7594
9529
7092
3063
3546
3582
9332
721
6335
3594
4496
8924
8155
4171
7025
282
1897
1418
54
2490
9573
5444
4368
8895
6186
5913
7202
8538
9098
5761
9734
2471
4928
3449
3762
4012
7702
9123
3315
6565
2824
1698
8868
4676
7102
1372
5208
4800
3365
7433
4911
7315
7778
898
968
4294
6506
8002
3072
1249
5190
453
8577
4201
3176
8177
4187
2712
1585
7088
7249
9890
6799
6170
1696
1955
6955
7946
4593
4938
1366
8144
5521
4515
896
4366
4152
698
1324
3249
8623
4099
4581
7083
8145
7161
1326
3567
1967
7276
8273
6317
1443
2762
6833
789
2404
7274
6981
7870
785
7176
6342
6540
7669
2890
6190
311
8101
4138
2047
3150
8371
249
5686
2455
2107
4913
5689
7660
9711
4726
936
2842
2391
9285
3212
9272
5479
5274
9259
5035
7342
9938
7129
1401
8071
3806
6330
2776
7645
3949
2412
7757
5647
2417
5676
8394
7942
4078
9122
6005
4339
3496
6432
4058
9497
7204
1539
262
5991
6962
9187
2976
1174
3333
652
6322
7833
877
2862
8699
9649
3144
823
5390
9936
6632
8398
9845
5889
2758
1362
4569
8400
4377
4580
8274
2867
5513
8845
7059
9372
107
7038
8651
2406
9945
5650
7888
1654
4866
2748
7401
8048
3921
7674
272
1476
617
516
6236
5910
9291
7754
1371
6556
4803
3389
7622
3151
2706
5841
9065
138
9033
5557
5900
1520
3385
2703
4610
2280
7527
6404
6215
4520
4260
5044
520
888
4094
7580
3233
3601
1145
211
8593
8350
4104
3384
1919
4871
7977
1057
267
5617
9142
1855
1034
4122
6895
7738
790
586
9977
6194
5592
3340
7264
2738
8234
1537
6770
8559
2702
7629
3945
7292
4262
7882
4947
6068
506
4587
1918
8055
9322
118
4865
5298
870
7925
7924
7933
