10000
1517
1795
4554
5638
4269
7788
6267
3550
351
9554
6886
9716
7148
6445
8421
1753
8108
2204
6145
2932
9247
2017
3935
9592
9913
5686
3771
1780
8798
5583
8692
7881
926
6245
618
919
1373
5305
4465
6426
248
9773
5084
861
3885
5510
4257
6201
3421
2029
1764
5864
5054
4597
1488
6180
1087
4070
8427
9801
4712
9743
8710
5487
3749
8806
3705
9210
521
5404
9738
107
707
2195
6738
5904
8157
2326
479
605
600
3301
2951
4432
1913
2660
4419
6477
9553
3023
2375
1078
4966
8022
2170
8194
7864
2539
8705
1829
3255
4672
3694
834
4184
5958
9885
8955
6471
570
9796
8500
3020
2757
6533
5176
8718
8188
3230
8860
93
9291
6905
7209
5937
8415
3687
813
8534
2675
6787
9820
8787
5307
5056
1172
6096
6935
2158
360
257
1493
2332
1989
9052
3546
6630
9287
3503
159
6978
5967
1097
9684
3234
6127
5150
7487
6882
9057
8107
9135
5785
4686
7125
263
4058
8481
6249
5793
5339
4571
6248
4754
6354
8153
7345
5330
4277
77
4837
8269
288
5482
5282
8629
1353
4766
8443
7821
3403
7083
8752
7038
2945
9306
7018
9377
4268
4716
554
9214
2802
7278
7838
6601
8335
7040
7543
7769
930
6273
7059
8276
2844
7535
8863
9685
1419
5570
3415
5119
5222
452
6233
7798
4191
7250
7248
8881
1895
3504
7898
8042
3877
7903
6256
1703
6901
8370
3103
444
975
4857
3567
1515
3413
194
1865
427
7431
7468
3728
784
7517
2750
9570
9311
9030
8293
527
8726
6811
3215
2209
2492
1498
4615
781
2711
3251
8411
2181
3433
7674
6614
2465
4947
4153
4697
3493
3037
2874
5809
7561
911
4478
2645
2907
3513
9310
9015
1446
7247
8232
3664
6699
2018
5469
1526
8253
9250
8506
7901
2162
608
6649
458
539
7615
5096
4771
8635
9142
1947
8803
7370
8083
1310
9770
3007
5178
5593
1816
5070
6505
1308
4008
327
8282
1904
5442
96
6337
1514
9116
5372
9019
5212
8221
1731
4969
5328
5408
4126
5884
3900
2506
6498
68
216
4201
613
4159
8305
7219
6424
2571
8905
5652
2519
9482
7959
6322
7739
7367
619
2778
6621
6562
3751
1772
8958
620
4374
8258
3011
3302
3207
4115
700
9723
4599
7868
3116
1852
1759
9969
3583
3713
9413
7160
5945
1384
38
7650
9043
1725
3996
5166
9543
8634
1855
9299
3105
7178
1401
9965
500
9532
1815
5710
3702
2814
7347
2954
201
2016
6793
3830
5976
2754
1915
8012
3968
8112
7225
198
7075
8889
6305
3188
2885
7470
5112
4310
1041
8504
3079
7502
9698
767
9496
4021
2430
3244
9408
9177
5498
1736
9025
7783
5576
8953
1742
2227
1297
8725
3068
912
8213
9182
1662
7208
6237
9940
7440
3151
5794
4468
2138
4448
3743
364
8467
3009
1489
1452
6549
7662
2962
2069
4019
843
1079
8708
112
6376
2012
4345
1329
1215
8987
1530
6491
3444
8345
4215
8397
6801
8645
877
1460
7478
9854
6335
9712
7913
8198
8089
3815
3902
3197
1164
6184
1885
3396
4602
9161
1688
4562
5600
6312
6500
3220
7607
7303
796
972
2165
2171
8028
9515
4063
9442
8844
3218
961
5457
2788
1183
1791
2499
8729
4055
1627
990
5936
8827
4736
6186
8267
5623
2411
6624
6053
7273
4587
651
6311
6012
4752
7981
7433
2544
1988
7732
3540
6962
5389
3897
256
4156
9595
6010
4556
4829
8637
1993
3876
6606
6837
3459
2445
1374
8417
811
9312
8885
6228
28
7372
7941
8284
8628
9930
7477
1245
886
4750
8713
630
7676
5131
3056
7272
5226
2438
6586
8849
5701
7120
7863
6632
5227
4660
2779
8463
8994
592
1730
9206
2275
5476
1045
7453
3280
8530
1490
5401
7755
2241
4317
6393
6039
1732
4098
9202
7469
7499
3138
3990
6193
7887
9950
4170
3320
219
9614
2903
2019
6931
3909
4879
6479
8664
803
1449
5009
6547
8941
5426
2459
5303
5526
6808
672
1223
693
2992
8456
4669
3620
4330
5641
6622
1102
3691
5139
8156
1352
121
4897
7580
9048
440
1109
6163
3536
6554
3049
443
155
5241
649
3715
9680
5805
5279
2531
1121
7934
6027
3560
6417
6150
7576
7762
4403
9323
9051
8128
189
5662
3532
9020
9752
3373
4625
8657
4079
7907
9039
1081
9845
1522
909
2825
8498
1818
7214
7582
6319
2471
3368
8416
6720
8711
755
8190
1842
9089
4287
4984
5045
2100
3285
2594
8975
6304
7824
8669
9434
6826
5955
1806
6750
5898
6719
4137
4624
7045
7419
8381
7984
4118
5919
2390
3887
5034
8337
6715
5942
57
6138
7104
9908
5640
1208
2276
4183
6020
4778
1257
8702
4630
5448
5041
704
3895
9608
723
6296
7199
1597
1372
6806
2833
222
92
7900
6709
7460
108
4397
4113
9356
9736
6017
8550
4006
223
9861
3378
2049
985
2175
2530
7497
9168
9557
8531
4594
6274
1398
5843
2956
5269
9835
1044
9798
3432
1866
9735
8087
7537
1605
5478
5874
9777
3336
5375
5205
301
3047
1841
2035
3958
3603
3901
6881
8014
6832
1234
7375
4401
5018
9842
1942
4997
4046
6678
7811
6308
3127
2596
27
7261
2744
3760
5169
2113
9905
9729
9322
4292
3222
3466
1431
5552
1925
2402
6879
7667
5341
5755
4780
3502
3094
2811
7368
881
7309
5153
3547
1760
5703
2774
7463
7412
8747
5267
8024
9791
9906
4132
2427
2312
7700
7664
4616
8519
9022
8483
4967
3568
4060
9638
6137
252
1544
5775
7072
9504
3237
6998
5561
9362
1434
7277
7946
7908
4557
3184
1214
9421
322
7617
1977
7060
5537
3437
2354
2952
6642
4880
1524
992
8086
8782
8903
3294
7408
7613
2345
2762
7280
9706
9420
2783
7206
6889
9389
5933
2860
759
6843
1391
8333
7494
9368
1971
8925
4053
4553
9265
6535
9619
1652
3447
1872
9068
4998
6745
8997
567
3638
5647
8643
8032
4847
1272
4711
317
4773
9499
4561
3732
2617
6797
8774
4957
4755
1994
5200
7806
3041
8354
7191
9193
5130
1299
6616
3186
4398
2607
733
7105
4218
7829
3850
9067
1531
5005
9563
3472
6590
789
1475
3941
734
7862
3397
7164
3785
8376
1442
6773
8138
4103
797
9270
8648
2058
6839
5043
8308
5765
7465
2826
3381
370
4833
3957
7237
3588
5527
8667
3219
4416
1433
5947
9435
757
8168
6888
8261
9757
931
1018
9165
2470
398
2612
9004
1279
3391
7326
9132
51
424
8363
7532
4122
3586
3793
409
6309
241
8444
9122
5413
716
7264
8554
1008
1421
8501
4298
7542
9880
3775
31
9630
6048
1316
3530
883
2583
6397
7217
9919
9625
4386
3310
4693
469
4343
9508
6604
4379
953
4462
8656
6318
5190
9365
6784
9558
8665
2817
2298
166
6912
2273
1664
3200
3087
76
5605
842
8068
412
4027
4147
627
1930
75
7020
2763
5429
4356
5370
2479
1306
9600
87
9782
2579
7035
8776
9284
8922
2184
4030
1193
2161
665
1549
7333
5459
1570
5798
6423
8556
3787
6253
4120
9860
6605
7983
8186
555
8182
1174
438
388
817
5545
4078
1750
7695
7124
6682
3529
5230
3002
5939
3295
8447
6779
5125
2597
6465
6920
1027
2669
5170
2319
5347
111
1825
9955
8078
2985
5708
6794
3811
2787
3277
9514
7790
7106
3248
3350
246
2441
5470
8492
3035
9325
2673
298
8205
2190
9484
7808
1480
1771
9932
7882
5715
3507
2759
9727
7377
9920
1231
5979
8633
5505
7618
391
9195
7553
3498
5277
9568
6721
814
1919
4699
7327
2551
5409
5076
2447
1958
8640
8908
6952
7489
9448
9599
5818
3360
1991
9363
2818
9394
8117
8349
4077
8176
6023
9461
2155
4547
5301
5229
9503
7689
1147
8693
1714
6994
2368
7366
6921
5915
3927
4724
7087
7910
7656
3912
9996
4090
9546
5995
8490
2915
7942
5317
9447
1821
9237
2676
9124
9060
1336
3763
9028
6753
6702
7177
9107
2768
3923
7579
2197
4091
2267
8400
3172
4909
1224
6783
1420
2527
8838
8686
6919
1416
6089
2240
5540
6347
5792
8472
2098
4825
1216
353
5422
4050
7396
6476
951
3612
8636
1052
7841
472
5385
5237
1525
2957
56
8943
1502
9733
8240
2735
8961
933
6639
6464
6957
2554
2109
5679
6819
5288
53
8907
4302
5313
3591
1254
3170
9452
4586
3483
5174
1655
4504
6539
48
3209
1361
9139
4089
7902
3369
8398
3644
4501
9597
5724
242
6268
3072
6190
2980
882
4563
5924
8608
5033
4867
9710
8029
8717
9728
1660
1462
8642
1849
2901
8588
9127
7707
3145
534
1232
1396
1057
7422
6447
4970
4892
7870
675
5741
2302
8064
3889
9006
2027
1307
9813
1176
2622
645
3477
681
2543
5199
1817
3479
9387
5628
1951
7636
2758
4996
2199
9778
9822
7249
3695
1105
3805
227
9925
6892
7022
9218
4853
3097
1237
7767
9076
7515
3658
8220
7885
6609
2929
745
2674
786
4195
5577
7270
1346
1982
3132
1649
137
3417
1156
8854
2600
3263
8826
3292
1704
4720
7708
3561
6272
4922
569
844
7400
8054
1051
3788
6995
578
5750
3654
9293
4783
8660
2489
8630
3331
967
8957
276
9121
3438
8437
1385
1752
2587
7889
355
7780
583
2921
4596
7140
7835
1898
9303
2713
2508
8788
8847
1529
9290
9596
5171
3348
5114
1497
6970
6974
4262
2114
4598
2657
6925
5895
4820
3783
4261
2664
5664
9437
7107
6368
5396
4527
372
2225
367
2010
3724
2294
7288
8617
5480
8099
7773
7443
425
3435
5366
7426
1827
4767
3060
1893
5492
7210
7029
7193
2698
3470
7162
6357
8279
9517
800
7968
2904
9431
3374
1747
3633
6681
7343
5835
3205
7293
7479
1138
8045
9203
9866
7304
4723
7337
5651
6523
6993
1624
3893
4779
5669
4906
8009
7266
6033
2415
7189
9235
5860
2891
202
2352
4566
7569
3597
5666
1996
6095
6618
3524
402
4160
4045
1620
8236
8394
6081
4285
7972
5097
8069
4618
59
78
8075
9069
2590
4876
8515
8230
7853
652
1470
1163
8745
8088
1551
6666
5665
8852
4888
3689
3993
8512
9714
6072
9916
6589
4242
3017
3119
1400
9084
4985
5788
1695
7555
1343
590
5551
6864
9432
6803
7222
4284
7335
8436
1417
5668
7490
3166
3979
8342
3697
1004
9897
5555
6902
182
7995
7134
5323
3364
1918
8948
9119
9288
9400
1040
1157
756
5988
4782
5225
9029
140
8316
483
1165
7138
5779
2659
2562
441
4913
2605
7741
4440
4400
5101
3279
746
8576
1357
8474
3342
3574
8896
6295
3809
330
7108
2880
4546
7705
9196
2282
8861
2894
2149
5260
2946
6673
3959
8109
7133
6739
4446
1657
9713
9194
8566
2289
3168
2979
9987
3362
1609
4463
3754
4203
6405
7685
8831
6370
7223
8070
7437
3063
5410
2752
6875
4429
6553
7677
6065
2616
3701
2575
507
2043
9334
1715
9661
9191
5528
1148
5465
6242
9340
9425
1032
8565
3833
677
3608
8954
3084
1367
4133
9907
545
8317
2269
7364
4227
7180
2207
6615
3189
2877
2799
8454
8952
6057
1053
5571
6996
4300
4033
6430
7627
7609
3961
6556
1471
8928
2965
9347
6602
8714
1748
8632
9689
1191
2194
6239
9086
5997
5202
6284
9146
5092
2602
4871
5658
5524
7846
1601
6759
8601
962
9751
6569
6908
8580
5467
8931
3131
9800
4700
6597
7830
4885
9888
2834
995
6665
8438
6349
5815
3535
1733
6641
5500
8440
4128
7832
7310
2709
9882
9762
3442
7647
4230
1403
7823
4121
8804
5384
3261
4589
7812
4555
5201
1612
1586
5689
1594
5508
3682
1706
2591
2056
4935
4730
8590
3067
3794
6822
4013
4092
2130
5853
9216
3359
4313
1882
5080
6593
7524
4524
3614
8823
6725
200
3102
7911
4339
1149
8080
8097
6111
7727
8384
5868
5387
4169
4663
2798
2497
7001
9804
4725
8606
4150
6657
9488
7884
1141
9430
6107
8911
4189
6640
6082
878
1067
8848
4744
7987
4659
6820
6524
6408
2570
5071
378
4593
2924
4839
8602
4873
6891
1552
8697
1292
6890
7257
552
9144
6276
9726
3757
5878
5886
6953
9289
1107
2139
3563
854
2293
5709
6340
7837
544
1934
4402
9649
6576
9453
5019
3985
3167
6527
2358
9145
7202
1414
3624
8101
9958
2680
9509
1839
4151
1754
8578
2279
4211
747
73
1465
6425
1589
4799
9707
2448
836
8809
4068
2264
3051
526
6700
9301
1648
9881
7634
9507
3796
9873
867
4469
8772
5616
714
6894
7655
4250
2073
4918
7896
3078
8130
1980
8545
6302
8455
8505
4134
3357
4267
6377
1641
9205
1927
8567
7828
8892
5446
7308
6735
8627
4404
636
3050
5406
980
1405
261
3831
2978
9765
4899
872
7621
6885
1312
4870
5468
423
3618
8615
4807
5111
1286
3589
9904
5849
5192
8960
1467
6176
3905
6534
7076
9285
2935
3731
9718
6499
3136
8095
7282
2245
2714
5930
9472
3635
3578
5783
8759
9410
1926
6063
2106
666
2840
2407
4105
1743
969
8735
8429
9871
3548
5132
9473
6482
5104
122
6164
4235
9417
1350
1587
5489
4327
3651
561
3341
6140
9909
3405
9383
8487
7404
4236
2964
3314
4162
5365
3735
8795
2246
8938
4394
604
8096
3033
8845
2614
2308
6079
4793
2333
2723
1071
9691
9565
7033
1144
2734
892
7852
4863
4130
5185
7458
3453
897
4674
4590
9720
6771
1574
5032
2359
7485
7694
1591
2219
4324
6572
2976
3668
134
2995
8460
8243
8985
1716
4459
7556
558
5625
8934
2930
9526
9542
9433
5351
6669
6851
154
6973
7567
9376
4164
2902
7915
9699
4895
6860
4666
4436
8980
420
4082
4177
2094
2074
6853
8543
8148
5951
9317
3178
9436
1315
6217
3411
2461
9646
6293
2485
9590
2807
7053
2475
4981
1686
6160
7182
8770
7233
7936
2944
4795
4252
5962
624
9890
8746
6883
6459
508
9700
7611
170
2366
8544
9062
1538
9134
8214
2328
2916
7095
3622
7436
4192
7640
3965
7086
4647
6177
9785
7325
3029
3729
5834
4797
1746
486
4743
7598
9968
3926
3615
959
3911
2494
8812
3174
7438
1921
890
7089
4551
5048
1967
8081
623
6361
4299
3443
3370
8855
4565
4629
3149
7960
9501
3914
7962
3318
713
4926
4991
2082
1351
751
6399
701
22
4525
6514
7612
1198
5549
1145
9967
5414
400
3824
384
195
2618
8407
1227
3329
4803
4399
8651
5348
9061
8618
916
5358
5473
8741
4931
387
1012
7172
2973
5021
5550
1370
180
3602
8419
4707
6419
9856
6758
3862
4704
7058
6558
621
5974
5240
7492
4435
658
3117
4869
7842
1248
7754
7743
3445
2242
5780
328
7044
5297
7648
720
5525
8448
9188
674
6481
5441
6936
6871
8744
2829
4665
411
6109
5587
6954
8917
7668
7717
4680
9756
3774
167
8263
7883
29
4759
4409
3120
9190
3931
3854
6227
3519
5232
4190
3128
8027
6765
2198
3144
5546
1348
6823
8587
2180
2400
3012
9705
2124
4657
4877
5820
7709
4034
8616
8837
8514
4290
7413
5075
4842
6300
7240
6338
1395
6796
2567
357
42
7192
4003
8021
1656
6421
8002
2428
2077
5856
3904
1786
5124
4706
8468
3460
922
2886
1325
6139
7545
5606
4570
380
1126
5014
8864
6564
7895
2418
1253
2468
9862
2806
6835
8248
8695
9655
2436
9075
8338
12
6191
9559
5234
2446
7173
1935
7142
218
7784
9936
641
2151
1167
9428
1854
7430
9414
8287
6965
8350
6083
782
67
5047
4109
7547
7012
3064
4425
1826
6085
6484
4843
9123
921
9768
4035
7614
3995
565
1922
8092
1202
5861
3478
1775
5275
9163
7761
8548
6487
471
4294
2726
5427
9066
7592
3627
2131
3573
3710
1448
5514
3293
2044
4482
6560
1324
6488
5160
3146
7999
2350
2828
1155
9222
6686
579
6462
9169
4844
7111
5739
2423
2791
4631
5850
3134
4896
7775
5133
6685
3312
4062
5691
2749
204
6116
5660
742
3384
85
1671
4536
323
6384
1321
4357
209
4735
4682
5595
9622
601
410
3810
6792
7015
1333
9641
2931
8559
5624
1621
520
2668
5444
9223
4362
640
2661
7316
8988
2126
3584
4650
3039
4516
5790
45
9341
2450
3551
8341
4044
6472
1629
1807
776
4622
942
7483
4104
1613
4990
4361
1611
8111
7410
6791
5558
9741
7927
5762
3353
9366
9574
7957
3898
2996
2133
5517
8355
37
2091
6102
1757
9784
8866
5336
3135
788
6627
2971
3680
2619
7782
2237
8150
4487
522
6056
2144
3577
3779
8979
6298
1625
866
859
3199
4652
952
4683
1564
2140
6538
2451
5713
9261
9186
2235
2516
3865
4691
1810
3409
7031
206
6976
8541
8646
2837
4768
6867
3001
6939
422
4628
9666
9260
6332
9550
3326
3997
6281
9783
1792
2501
7503
7622
9371
6661
2385
9279
2589
1429
7115
1932
6713
4890
3085
6984
3092
4671
8318
3582
3576
9274
5954
7136
5733
4986
5138
6215
5559
5127
2420
9865
7025
4607
3827
7259
3283
2700
9586
8529
530
9807
4846
3269
5529
2148
2582
8203
1091
7466
5855
5430
528
4776
2351
3526
4038
8678
901
5023
6762
2335
9240
3964
7242
9734
1456
6961
2101
1255
6132
2738
8668
9771
2425
1418
5879
5711
1438
4621
5204
9212
1803
9717
1970
4702
5198
156
3849
6003
978
9393
8996
7905
497
3542
3593
4965
1908
5072
4936
3242
8147
6367
8859
4836
6633
2746
8540
2404
1788
4258
1554
4204
4088
4980
4253
2534
4244
1128
5255
5278
126
4600
1603
7661
6438
6345
2975
4654
607
4591
2089
5983
5926
2776
628
3426
1943
4417
5697
1137
1485
5028
6250
1038
809
4989
5082
8426
6760
5698
9667
5333
4305
7539
1875
2496
2255
9495
1125
9064
6194
9302
9397
6999
1937
2357
5749
2216
2243
9370
4531
8949
2633
8486
3296
7778
9415
5761
9111
3544
8257
780
8493
4198
2096
347
8373
2396
3307
4217
9021
3533
580
6674
5494
1558
6761
1377
4904
3355
7726
2453
8352
6270
9350
428
1999
1694
5373
5873
6517
4692
5626
8584
7521
1783
2655
5069
9952
2740
9979
5682
8170
9471
4032
4822
4011
171
6074
9626
8202
8977
8238
5391
4761
1042
941
2495
9921
6497
3147
6503
616
1581
3451
6189
2953
9183
4009
3565
6161
125
1847
4273
6067
8964
3457
234
2048
4106
1048
8424
3069
8131
3770
6320
1379
1162
900
4370
3377
5784
4939
9388
3499
136
2865
7551
7283
3196
5432
4142
9337
1707
4232
1270
1394
5060
6525
3141
682
8930
8760
2721
74
5420
3863
8563
4291
4974
319
4517
5057
334
6162
1853
9708
8254
513
8728
8840
864
9927
1851
9902
5970
6172
1931
1672
2024
302
1117
8390
2869
7153
8731
1276
7641
2342
9983
9761
568
4937
3235
6066
708
1158
6378
2899
9474
7306
7649
4805
2608
2934
4886
4640
9130
3969
2838
466
8245
4102
2647
7268
3581
2381
1365
131
416
2868
7081
43
3372
4887
7525
4564
6360
9841
1168
3100
9171
6314
5521
6804
5188
8613
4024
4002
7600
6821
2827
7533
6353
2284
9951
5359
9082
6004
6575
1567
4023
6706
6119
1090
5831
642
9401
3819
8682
9545
6339
4295
7052
4049
735
775
1013
9826
4789
8423
1523
1496
8026
2753
8136
4314
66
5704
2481
4071
1282
6134
5569
8715
5589
3859
6251
2898
2419
8936
6545
8401
6776
6704
2011
7094
4956
7158
1001
3569
3254
5548
7077
4363
2364
4679
6612
1463
7190
6080
6574
9114
3834
5804
8106
5832
3610
5888
1504
6396
7435
1453
856
1534
2128
2191
6433
9446
2572
7317
7043
8816
9081
6893
1676
8010
3617
5675
667
2705
4059
8962
5512
9872
3298
5357
6034
6788
9763
5400
4342
2174
4056
4964
4777
4127
2794
8060
7292
4048
9562
9786
2062
271
9321
5806
3981
2310
9551
3559
8494
4506
9053
6473
4276
6071
3521
7041
2541
2337
245
668
2917
3924
1823
1212
3686
8319
8589
8557
3456
8846
6343
1600
1169
7246
2426
910
1955
7256
331
4849
9379
6512
4637
2993
8968
588
9046
6348
5146
8
2821
5008
6244
9056
7519
6290
7597
7851
766
1014
9211
3512
8177
5117
7491
2736
1804
7146
8786
689
5156
1203
9390
6987
9178
7475
5299
1089
5910
2324
1408
1909
4977
181
8516
9829
7361
7201
2690
2095
250
917
3156
4406
2061
5098
1326
686
8051
6727
8057
4119
4221
2274
3210
9047
1684
4369
339
2747
6697
7150
9973
9266
9516
8521
356
4430
8408
153
9857
1240
7585
1873
869
3892
8674
2795
531
1288
9489
2852
8495
39
582
406
4457
268
6043
6691
2845
5678
6372
2780
7629
3014
6914
6282
1870
8084
9241
6422
185
9315
4891
8730
3860
5195
191
6156
1888
3812
103
806
2511
679
8673
3781
6463
730
8890
5011
9616
2854
2986
3259
50
6115
9997
7997
1024
2403
9077
5604
1205
2295
3628
4515
654
6579
9160
9477
633
3165
5812
979
4165
7858
731
9793
8562
1571
3288
6451
6029
8071
982
5490
7563
8575
3492
4364
1424
2588
4884
3221
5332
473
3919
6049
7818
9659
9812
4309
6410
7893
5596
2037
1432
7991
2604
5228
1924
773
4182
6351
9843
8433
8605
1228
4332
6513
801
8982
9527
6599
8781
7009
1566
2546
3315
8850
9429
4238
3720
21
2177
2990
1797
595
9110
6772
3630
9018
3195
6059
3446
4995
5477
3832
4774
6073
671
2521
9095
2670
4595
2185
6374
5719
5692
1354
1060
116
5565
4176
725
7758
9
2213
4881
4491
9868
9605
8093
148
2059
8681
9598
3414
6235
1096
9454
7284
5560
7764
7731
7593
8285
5773
3953
4958
1692
6379
2586
5135
7464
4036
2153
1277
8690
9584
5522
3718
2999
3940
9460
4921
885
7663
487
6536
1108
9585
7096
4670
6324
5909
7546
7110
6746
7604
5095
3021
6675
3139
6603
8030
5285
6992
4479
996
1840
6310
3907
6192
2201
8528
8762
1693
345
1501
5661
8453
6937
1799
8832
5975
2022
4248
1380
5268
3363
1964
6037
2963
6264
3266
1663
2020
305
2641
8348
8734
7179
9055
1284
2552
3361
4301
2080
2409
4111
1195
9136
8919
9451
5291
1118
7451
2882
696
8132
2563
6299
9269
4458
1598
1579
2816
4559
8047
6207
6280
8114
1468
8793
2729
7711
1646
1303
2421
7226
4605
1644
6684
8477
2188
9511
5911
2925
6019
1213
2460
8779
4916
7302
6468
3613
2601
9840
2347
4608
1519
8990
6504
9560
6062
1378
3759
4558
7920
9063
8392
9670
8299
1562
6520
1871
7822
8072
8191
3836
7872
2803
2856
940
5893
596
4684
5504
5622
4420
5393
5949
7175
4349
8569
3344
9497
9470
4411
6651
3130
9601
3792
1258
8867
1492
5134
1859
1019
9411
7498
3660
7570
6158
2305
8862
4350
5934
5263
9989
4633
2202
5030
6100
2401
3410
9280
5449
6800
7584
1956
6645
1133
5722
253
3452
2370
8654
4384
3337
4188
9493
4942
6179
1369
1219
1368
9242
4437
1941
5090
5361
7693
7267
4677
1987
1645
340
5854
5892
1179
6330
2391
8727
1673
1709
6323
5836
768
4163
4817
2526
6401
5325
5481
2384
9755
5141
5107
4407
4271
5648
948
4157
3268
559
9745
318
477
6708
1054
7456
175
2786
4875
6555
9758
320
1891
6128
7236
6434
1319
6326
1131
9444
5106
1722
9971
2208
2764
9199
5177
1969
2135
5894
2724
335
3486
6455
5754
550
1494
4280
662
6573
1304
2348
9294
493
2777
4207
3789
8302
9978
7161
7329
6428
1675
5300
4639
9980
7966
1423
343
2340
7805
5796
2129
7493
2939
3053
8910
8193
231
2592
5612
816
9816
2955
4461
4508
6812
8814
5568
958
2864
4851
333
7815
69
9772
2599
4338
9970
1344
3253
8062
3036
2535
1207
5243
3756
1034
3273
3780
7880
4658
8739
2707
3182
3821
2646
6716
4372
661
1000
8119
8808
3845
6456
515
342
5554
7082
750
6466
213
6136
8259
8470
8179
7062
9208
8480
9131
4226
7737
4323
296
1833
6868
5502
3278
5145
8383
2540
5760
6141
6731
5839
8513
7149
3994
1120
2998
7932
7427
7781
2927
4464
4790
694
2032
6106
468
2033
6474
7684
6026
55
1984
8391
5734
1755
3027
8296
7976
4051
8329
9072
6989
9818
3656
46
9005
4000
3848
419
5484
8435
8572
8609
5091
1127
6913
6131
8223
2725
4687
3943
8425
1770
9141
4830
503
4018
230
8476
8180
113
7550
753
2556
847
8065
8019
986
8858
1111
9355
4718
8235
8805
5588
7523
6613
589
8273
1802
3202
9013
6009
4471
7079
9837
6518
4781
9352
5403
5161
3287
2679
224
8056
9739
381
1963
212
8339
2861
9154
5838
7313
638
5181
5557
297
3066
840
5897
5356
7196
5816
8124
6342
8171
6887
9917
9960
3345
3045
6578
338
3872
728
1711
9886
3916
1516
5321
2256
2831
8539
6333
6977
4418
5972
8133
1843
3330
606
2189
4259
8321
8104
7137
7212
8312
481
6187
6166
8748
5203
6197
5246
2820
5957
7678
8972
5296
546
5437
6967
2637
2014
3386
3730
7285
2656
3487
7265
8195
4951
9632
2192
960
7747
1302
3566
9262
622
7909
4788
7834
5399
7686
405
7448
4695
8570
4178
7628
4840
225
95
4928
2760
5343
5736
3052
3647
2376
3497
1928
9573
7924
9589
3928
2287
4979
375
8366
2217
928
6809
564
7274
4173
2137
1436
3392
3739
4477
3508
2417
145
2002
6123
7262
5923
3157
9251
4460
8295
2503
1311
495
4360
6845
5233
8769
9007
1037
6247
429
8766
7988
2467
2808
4698
754
6334
9530
3376
9313
535
8732
1696
1633
3327
9859
9975
8818
5439
6112
6155
2361
3632
277
1713
8378
7599
80
3367
5136
4481
4187
6543
6511
9977
7171
5068
1565
5567
6028
8330
8252
4043
7168
5113
2311
7380
3989
7037
6983
1769
7531
6878
6269
14
7989
4760
3520
2493
8244
8017
5890
4541
6857
8144
5982
5083
8149
3913
3688
5564
1721
6052
7281
9221
8484
8523
7756
9273
9824
5590
8264
1878
1495
1264
9954
903
3555
822
504
3187
5284
6259
9009
5702
9156
4325
7675
1850
2386
6552
2118
365
845
2093
9354
7933
4577
273
687
826
6584
6932
143
6075
3448
2301
6414
1063
1631
4503
5871
523
3678
8685
1710
9957
821
3229
9556
5453
7197
369
9833
5712
7399
9874
4930
762
8839
6872
8738
6789
7088
8187
4824
215
8868
7064
7757
4860
4519
1635
511
5732
2559
6677
2429
5223
8139
2
2858
2004
6325
9910
4737
5221
9810
169
9894
8405
4311
8110
8655
421
8123
4798
2722
174
6712
280
832
4453
2742
2770
9275
765
8496
2272
9911
3115
2215
7374
5921
9830
5044
749
7590
8434
6328
2252
3461
9282
8603
8489
1978
2414
5020
1322
2756
724
8768
1236
3861
9944
732
480
7810
706
7703
8227
5634
6827
2640
6990
2297
1912
5013
4213
8309
4903
3883
7243
2564
450
8189
3143
7213
2983
5458
2006
5425
898
3768
4443
2568
8459
1466
2867
5863
5771
2008
4074
7336
1618
1289
2115
6103
3416
8091
5086
9604
4212
3034
1314
1074
1330
8126
8946
1366
4080
7583
7457
5424
1130
3639
7985
9961
2639
7098
4613
4167
2849
6733
653
3640
4988
8596
1411
5109
63
2772
9375
795
7109
5753
695
5213
1911
4545
485
8586
8638
9217
1444
7301
6582
865
1268
304
9087
7654
7956
4528
9799
612
6747
5052
1897
6688
5493
8451
8915
4224
9167
9594
2373
9378
5022
8873
6659
9678
6061
2943
8893
8288
4168
6541
4634
2072
1702
4408
1093
3328
7046
127
6933
3340
275
974
8591
2815
5778
7876
2558
1761
8033
9576
7993
1512
9637
4392
337
2671
352
8094
6329
6104
5644
6363
6515
3388
3800
8058
5309
465
853
1800
1738
5121
8281
3742
1670
3058
9384
841
7050
6223
1945
7951
4174
1383
4312
2769
7746
1835
6230
5672
6610
6224
6795
4423
3677
5842
7696
594
9003
3727
286
4155
7152
648
2789
3693
9731
7232
6585
5764
4941
1606
6285
6188
1705
9405
4808
279
4775
5324
4617
363
2154
8294
1412
4336
5575
2288
2782
491
9806
9781
6315
7359
3065
7511
9746
160
1415
3191
6252
9479
6915
4898
1269
5392
7779
9555
30
7948
7350
1335
5378
6024
514
5681
1892
8573
4728
1050
3190
6563
1548
4076
1513
792
7002
7063
4010
5907
394
8377
4175
5218
5953
8879
4656
2146
6587
1678
6717
6448
6407
1867
839
144
9959
5337
8184
2947
656
249
777
6752
4819
6726
7181
3083
6271
6959
3395
6981
9100
2603
3937
4945
7601
3843
7770
5499
1251
7825
4139
6185
2103
7230
8200
1659
3802
3646
3700
2110
3799
5950
7878
8371
5635
5826
5802
5813
1190
1813
4514
7403
3177
4396
1864
6101
8353
9847
395
4661
7163
5643
8765
8767
3704
6346
752
2045
299
6118
3088
6744
5405
389
4762
3441
9651
3074
221
2120
5067
413
3030
7005
9344
573
4838
7877
1487
346
6680
5024
5636
3086
7800
4721
9852
3599
6947
7387
4907
2362
2041
4649
6896
7979
6000
9569
84
1510
5781
556
5298
4431
6940
243
9278
8082
9351
5901
4073
5851
414
1723
6126
2280
8141
6507
9138
7320
2320
2688
1936
6
9324
2621
1798
6650
5283
5102
1899
4004
8197
6356
8140
9711
3541
2870
2977
4912
1066
7672
5187
6737
5142
8912
3939
8721
5362
7738
7390
5920
8604
998
4580
2695
5932
2873
2413
8561
744
8549
366
3095
228
1029
3922
8167
1397
4014
9753
5334
4802
8777
683
1177
4143
9140
3081
8146
6870
4850
1966
2132
4856
3430
6718
6956
8666
1295
6955
9814
3325
1539
4727
3998
6174
2224
5875
5326
6260
8878
415
4081
3685
3239
4588
9914
2928
1083
9603
9147
3473
7799
3225
524
8966
7701
3596
7587
5881
197
4548
8595
5276
4742
7969
1814
1668
2127
2717
3323
6769
4286
3777
8579
4585
8011
7803
8222
1099
2260
2200
1808
6243
9660
1061
1407
9044
4823
313
1683
2456
8173
1035
3841
5026
1241
1020
9017
7454
7279
6742
2620
9519
4818
4353
5694
9234
6404
1094
3755
2642
646
3987
397
138
4794
1793
5791
828
7697
6617
6754
9953
4025
7227
2810
5578
1076
7211
499
4208
4359
8137
4507
644
4007
9085
4297
9583
1789
4499
5598
7127
2168
2299
3332
8410
2889
5574
846
9703
4210
1784
5610
3672
1072
1949
894
9694
3956
5946
1151
8874
2505
632
9439
7340
158
7929
1923
6542
1920
3874
9148
4745
1690
7682
5811
2851
6369
1862
7462
5654
9172
4125
5829
9333
2005
4502
4914
6855
3015
5434
906
2584
8406
2697
8983
5349
7482
4346
9676
2989
8843
1055
7939
7342
2090
8558
819
5256
6693
1161
9249
8753
9035
2545
2111
2919
3304
4145
2176
3999
9867
2966
8185
7861
6876
5631
7023
2520
3856
2304
1146
4865
8393
6588
9591
1879
5676
610
147
3080
8008
2075
8935
6749
6941
8926
3948
1654
7169
6011
6842
7234
1124
7200
2847
5830
6262
255
2477
6275
1607
7565
4549
1858
2862
3976
5157
5257
4138
698
4052
7253
8135
1745
4255
6825
5035
9849
3977
8403
4365
7606
7328
7170
8164
5354
9101
8225
1278
5451
9000
3319
4646
4047
3607
10
4488
3351
4308
7848
1402
6923
2433
4911
4917
3650
9054
1944
176
4141
4451
1535
8828
7680
6036
1938
7914
2344
5866
7415
5322
5390
455
7186
4620
3631
1734
8328
4029
9283
4610
1065
3419
587
9357
925
1430
2116
5338
7977
79
470
9463
684
8511
7042
7720
5306
6390
8358
6928
8181
8851
4441
625
9611
2895
4576
186
4497
2353
8346
2801
9176
2897
4442
3181
303
2156
3365
6880
9647
7516
9941
2792
165
1518
3129
4733
7244
8278
3951
3826
3162
3004
2330
1614
8375
6442
699
4583
1961
955
3531
3193
9540
2846
8790
4172
8325
1387
2835
3352
7912
7906
9404
1260
5168
8306
151
5877
2491
6294
1687
2751
6568
7352
3944
7716
9480
9032
7610
7184
5364
5582
7559
1328
1293
3311
7407
5663
4275
4534
492
2178
6829
7373
4993
4237
2686
5456
2910
8921
6478
152
1939
837
8250
3300
5693
8800
123
6402
2883
3595
739
2389
2728
3806
8196
4378
9314
4889
3183
3636
3825
4815
1946
7070
6736
855
60
7339
5094
7574
1881
7751
2547
2388
2502
6001
4012
376
1404
7595
2212
9744
9151
9825
8688
3208
1691
560
2482
9915
1528
9656
282
5667
2681
2510
4908
5757
1021
3463
120
1509
3719
1756
8247
1824
7925
9512
611
4523
141
9715
6097
3016
5743
5705
7776
7892
8266
4354
4209
34
2911
758
3721
1243
3558
8937
935
5239
2206
3554
3339
7203
7135
6869
9396
5486
5880
4064
1085
4540
9045
6741
5340
4992
4675
2327
6231
6297
9229
2030
5523
8275
8479
6382
3096
5250
2003
9789
7048
4069
4483
9164
6828
779
6041
8929
8701
9740
8241
6559
8315
8216
1015
5992
1874
8175
6748
9564
4944
7978
659
5475
6341
1933
2025
8525
3515
2406
6171
9071
8551
2959
3265
3645
6631
3762
3057
9627
7836
4901
966
9298
7509
2182
7950
812
6903
4509
5253
2630
8343
5948
2537
1180
8297
7067
6945
5841
6015
976
6841
7275
9883
7039
9962
8311
1651
293
7513
4264
2486
7159
350
4031
2888
1805
4983
9976
4959
1785
9343
1689
3871
6865
5380
3003
2023
9581
9704
7742
460
386
5993
4960
7923
7084
3784
454
9534
3464
266
2478
6714
8794
5968
1610
6076
2804
8723
1222
2296
543
8914
6815
7831
6054
1112
407
3666
5657
2611
3427
8050
7116
6099
4915
710
6608
4197
1271
1129
1261
8502
3772
7130
361
4940
3054
9787
7334
7080
2761
9640
9828
8442
726
8313
6113
1073
647
537
1540
7474
8457
8594
7401
8965
4321
3623
4391
9844
9986
7069
3122
118
2157
2457
5756
9468
6432
9073
5335
6775
3929
8820
3571
7768
3375
6313
2784
8620
3114
902
8807
451
1217
7187
7683
1568
2076
3840
2961
4181
2938
3098
8361
8945
6629
6167
8696
7947
4513
124
1959
887
1327
325
7021
9541
8756
32
9513
581
4845
8897
3142
1950
58
9467
6814
41
7632
6277
1990
2819
2331
3808
5066
4355
8320
3257
265
2218
8564
2239
1718
4498
871
8036
2092
2937
2739
4344
7332
2658
3380
9181
1106
3496
9869
4582
7319
7051
6444
518
4434
3422
1739
529
505
956
1447
9602
2500
5293
997
3545
1728
908
3813
9224
4149
4943
5214
5377
5264
3272
8592
7657
4569
6130
7771
769
3949
9349
3657
5017
3000
7073
7416
3653
1347
3282
6975
3118
5259
3857
4278
6183
6969
3744
3262
2015
8013
5417
1680
7065
4254
3903
6986
3439
2464
6580
4375
8441
5645
2104
9992
791
4668
2906
1615
2251
6751
7216
4390
6386
8959
2913
538
7586
9058
5452
8360
3343
8687
2290
820
5991
7816
9665
5707
3317
8671
2081
7616
1774
3882
5235
3659
3853
989
9701
44
5374
4200
2369
8720
8300
9012
9109
7820
3696
5472
8265
300
4811
2512
9381
5266
4753
7014
9079
4520
7093
482
8469
8647
9476
5615
7973
9537
1187
2371
1080
7589
9544
4256
5627
1220
5889
403
3424
187
8517
1593
7619
5388
3226
9750
9709
1619
7518
1296
6060
2278
8797
399
2691
6690
2585
9137
3875
4530
164
7473
193
3171
2055
5122
7363
8689
4426
5331
7395
4371
5395
1981
8780
9612
3303
1845
6257
4358
2626
6336
2083
8466
6352
1777
3733
2259
8836
2112
9318
2374
9227
1701
4083
9688
4383
9719
6767
5415
2638
5916
1556
7321
8471
3734
8722
7608
5440
8999
5151
9008
3467
2712
488
984
2247
4347
1794
9494
6154
2940
9675
3564
9125
6944
3010
2226
8856
1291
4968
4405
9548
9618
4427
4388
5154
9524
7540
3159
1246
9722
635
9254
229
5758
8582
7970
9811
6710
9797
6381
913
1801
2039
6971
7974
3018
4199
5346
6265
7922
2839
2221
4328
7562
8757
6729
3399
393
1469
4756
283
6117
5006
7926
1776
2064
6724
7671
8143
8675
6813
9407
9642
6934
4632
6799
7986
4472
1682
5454
9648
3349
6084
785
6528
260
291
7323
3175
1150
888
7241
5183
8763
6782
585
7315
9721
7975
1906
8192
437
8754
6364
5685
1473
2884
2474
8923
949
5433
7286
9152
8677
8007
5885
1139
1103
4373
4337
9320
7348
4015
626
9042
9863
6942
196
3180
2785
3485
264
4229
8204
8649
1196
9631
8160
8231
7290
7715
3216
8799
5207
5042
9150
4489
1410
1890
8679
5053
8518
5316
4855
4560
4694
5519
7198
6656
6022
4101
8246
4648
3712
6149
764
205
4185
6757
3309
4245
6960
9226
7679
2730
1719
2013
4731
2070
6918
8751
4454
663
7796
3625
2316
9775
3846
5342
307
9673
7945
2682
4340
2009
1545
6489
9848
5978
8061
9795
94
244
3692
9329
563
5164
4518
2677
4085
9805
1787
3006
6929
1443
5197
927
6911
5629
2066
6816
8031
2896
7016
8229
3543
6877
3211
2941
7090
2887
7495
2205
3418
5189
6030
8740
1305
8641
8967
8020
3356
5896
5027
3795
4231
7417
970
7188
3281
2636
512
8610
2651
7424
6122
9483
5148
1364
3429
9372
1170
3213
6240
3766
4494
1887
3110
7165
4075
5516
6565
9300
4129
1543
1218
8882
5592
3938
947
2767
810
98
5720
6655
5344
3500
3495
6316
8055
5535
1653
6292
9639
2136
879
4107
8865
3629
9754
4664
637
2536
536
9964
9027
3906
4413
1140
8418
9440
6120
5350
9766
6831
8272
8933
4635
5103
9769
6667
6483
4708
4934
119
9097
3842
7379
3026
5002
9398
502
6045
2855
1929
2383
1247
1186
1758
8121
4828
4971
3243
2678
8650
6531
3158
5294
5981
235
9424
3440
2125
6866
5329
4318
6108
9253
6859
82
3482
7577
6966
5191
1914
1884
3465
2160
3776
306
7937
109
3291
7442
1230
3161
1628
6620
1724
8553
4732
1869
6595
9571
2933
1740
6577
9155
3032
4676
4456
9942
5735
6278
4093
7712
6078
7356
6261
2578
4962
3267
7904
3528
1819
2262
4387
5928
5039
1206
7024
207
1171
1576
6449
9268
7300
4688
8600
6385
6371
7195
4862
3238
1985
150
7183
3249
9525
7633
7229
1323
3185
2265
7817
7411
9149
6740
6213
162
9587
9173
3604
9947
4041
3880
4572
655
9093
8249
2569
5431
7529
6598
5729
7445
2878
3594
9459
7845
5087
9332
3450
6202
4816
9348
6838
6910
5397
2555
2300
8552
3674
5074
9419
203
1337
5140
2666
4813
8801
9823
8560
1113
1100
2233
9671
2629
3076
4216
188
9945
336
5614
6168
2652
8016
838
5108
1005
2047
1358
6930
7151
1192
1244
6493
5899
3400
1642
5025
4296
433
177
47
5542
5050
1779
8256
5
8976
1484
5216
2922
3428
3005
7522
1658
9264
9478
9088
7839
3823
3484
8902
5304
9143
8775
1844
3662
101
968
1152
5383
7826
3699
4288
4319
6439
7690
4861
5289
6619
740
5418
1265
8716
1437
4987
981
8485
8217
2595
2078
1134
2343
16
7899
9184
9963
1287
7643
8520
5311
4821
3109
5495
321
9609
8215
233
891
9864
7653
6238
2830
3125
3133
2518
5646
8956
8289
9104
1285
609
5994
447
9219
7074
9392
994
3042
2793
3570
3643
5908
7204
9535
825
4510
7351
6077
1025
3814
3514
4902
142
52
8503
6002
9644
1026
5460
274
3204
5706
5509
7554
6847
6440
5653
2805
5723
5274
6216
6151
309
9187
7954
7215
6611
4439
2452
5120
3681
5599
9426
3855
8344
3490
3379
8268
4480
6437
904
6884
2892
4131
905
6607
7007
2522
4734
2253
5501
8659
9991
5688
6570
467
238
3256
6805
6046
6007
89
1617
4511
3945
9465
7774
115
6206
1604
1252
9809
7719
893
9328
3983
1136
1317
7725
8439
8049
4112
3601
7423
7666
1457
2007
3920
1889
9988
3982
3634
7860
5315
8989
5007
7724
128
3223
183
3936
798
1527
860
4247
9974
2507
9498
1375
3820
3908
2634
6502
5310
3585
1406
719
4225
3980
5352
8260
7056
8357
4772
9248
4114
5766
6695
9578
831
3335
2665
676
6032
7944
6652
3707
3801
2303
1425
9319
1886
7385
5782
4381
1070
8593
133
7365
2715
3155
8351
6833
4537
8568
8981
6926
3062
4883
3264
7552
1472
5149
8271
760
3716
9633
9531
5883
2099
25
6824
4972
5807
8224
8163
4874
8219
8359
7785
146
8102
4685
2926
9672
4703
7602
5845
2431
2580
6537
270
4681
9342
3252
8536
4747
4973
9481
6398
1056
8307
1031
7833
6856
965
2360
8581
1508
7706
5093
172
9040
4726
7071
6303
8639
774
729
114
6909
8116
4568
8001
5000
6094
464
4057
1166
1896
4334
9832
5016
7505
5882
8412
9023
5184
6653
8396
1011
3611
7996
9204
9128
5544
8379
8428
2210
344
2229
4445
7113
4263
3881
7132
442
557
5236
8491
4385
1766
5421
8122
1623
8151
7786
5532
3462
6263
3891
359
2102
9462
1360
5144
2469
1235
1342
5824
4784
2163
2731
5371
7122
7644
4037
8473
4279
6596
6383
8044
3711
3436
4415
7940
3212
7378
6241
9998
8524
5858
7047
5742
3725
7269
915
6047
6510
6654
1345
4961
3214
192
9575
3723
5224
3971
9031
9572
7420
3778
2627
1267
4341
9033
9162
7748
9521
8509
484
6431
9972
6291
315
7235
1563
5611
6446
4764
272
2432
7139
4161
7011
2853
7004
5464
4016
2121
8508
1226
6317
7736
6951
4573
9338
4485
1588
5699
9491
6475
1880
8336
2694
9607
2687
7322
3708
8445
239
3258
4769
3124
598
4395
5655
6660
3884
5265
9157
430
7297
5777
2283
3910
7314
804
7744
6148
7066
6016
2051
8969
9901
1907
4696
461
6362
7596
2173
7620
5345
4627
149
9049
3534
4584
7687
5799
8290
5808
4894
617
6636
8242
7919
1275
5998
7660
9502
8334
5386
1717
4834
5261
2771
3738
8211
7857
5594
1905
5825
9464
8382
7167
7010
7228
1569
2439
6114
3217
1503
3
3501
1763
7446
1064
9943
1300
9834
1940
7729
5252
9510
5956
1356
7735
135
1685
3113
3870
5987
2372
2228
6199
3274
2318
3869
3044
2667
1283
6450
721
7891
4932
1382
5768
5821
7061
8899
2356
9657
1560
9458
6038
5029
4123
8063
8703
9475
3933
358
4087
2397
5940
9990
6692
6846
1741
5461
1602
6288
9281
9198
8672
1003
3241
5630
6521
8422
7488
6125
7418
110
6780
2270
9236
9335
703
6635
7571
4929
7398
9252
1362
5745
1483
8006
8142
944
4920
4578
8887
1263
377
2231
3737
5061
254
7623
5286
5249
6236
8796
3382
3347
9399
2159
2325
3684
5445
4800
4496
7220
1481
3431
2334
1197
8005
3619
7224
3206
8742
2462
4179
3753
650
1661
3099
6834
1135
9402
738
1239
562
3059
4765
5511
6722
6454
91
3163
6480
9749
6852
9382
3321
9994
8546
8364
4367
8555
1441
7760
7886
3925
4505
6069
7441
939
6327
5049
435
6634
736
9900
9933
7381
2021
4490
2416
3970
722
863
4978
3043
3973
3308
6946
4171
9175
5196
2988
4575
5844
5769
8583
9360
9985
9034
1359
8118
5814
1209
9593
7917
3991
3008
9643
8876
4202
7026
7331
9309
763
4486
5055
3224
8623
7406
6922
294
7859
7449
5687
5272
5363
991
8963
5270
232
3491
9113
6862
2060
2412
9846
6021
2254
8161
4878
2566
7382
5455
2790
2812
7019
670
2473
5963
5491
2444
5194
9549
2211
3108
5961
8446
2743
5872
9653
4999
8791
2365
4108
3690
2405
6198
5633
7508
7338
8622
8970
8207
873
5965
9937
1459
2323
9026
4410
2424
4040
5823
7849
6219
9650
1225
3091
7311
1553
236
9624
6979
8871
4645
7218
1123
4438
18
6623
7865
8526
593
5772
4611
5099
929
1997
6530
5862
1520
4854
5158
5215
5609
2727
2745
8385
8076
7013
7792
3918
9036
374
9423
4709
9663
6938
6790
8322
9126
6950
6997
8034
3587
1095
4532
7289
870
5597
8461
6359
17
1582
7119
4609
3423
4495
5217
316
8450
9070
5438
5110
6375
8277
8452
4539
1500
6409
794
2122
5211
1860
1047
946
6457
1200
6025
8644
4028
2843
3358
4949
9286
8612
2435
6802
5846
6169
1249
3425
5602
7804
4601
9696
9686
5914
2912
9099
5822
3817
1666
1259
5752
9912
5485
9024
8895
7961
9259
2387
4543
4492
848
8676
1667
10000
575
8950
1883
8301
2662
9449
9879
208
8023
741
5747
3962
4428
2249
8577
7605
7299
5869
4705
5684
9747
4393
2079
1088
5751
3322
1439
1178
8755
4701
6949
3722
5436
392
8743
2222
1332
6220
2881
7659
4206
8944
7814
577
5038
3090
614
1201
5003
1036
9065
3434
8134
4026
64
2455
748
7980
9153
4868
8535
2719
5601
2377
945
6785
3106
983
5726
7155
509
8631
1092
4433
717
7355
6395
5165
4039
7260
2950
5618
9892
1647
3955
3481
6143
6600
7512
396
896
5037
5079
1422
6070
5637
2593
9500
6506
5906
5115
3346
6895
4140
5973
2822
9308
6637
6551
9984
2071
2234
4521
924
7704
1632
5553
1110
2277
5541
1767
5163
1210
5220
1238
9002
3829
3385
6460
6086
7147
2987
3736
1679
6254
4757
4065
3580
712
5118
1954
8158
1542
3031
9215
5827
7294
2613
9725
7572
6394
6848
2054
9776
217
2053
3454
7295
4274
5833
3852
8409
6203
6226
2214
5867
7734
5290
4522
8233
3655
8694
9438
1708
9528
2086
7036
4320
6429
8909
6968
835
2443
2994
8324
5944
36
2271
8332
8475
3227
1280
3676
5673
4196
474
5728
920
86
6743
54
6924
8719
1413
1204
6091
3667
2893
5416
2517
354
4512
8323
2741
5857
3807
5579
5058
9523
379
9588
3354
7143
884
3383
4827
3816
3290
7624
9615
8652
8784
9634
456
9779
3798
6496
4832
1349
3741
1828
4529
1533
9037
7287
6321
4763
2268
8039
8430
1861
8815
9174
3706
1992
7840
6142
5116
2515
7252
603
5738
6490
1960
7154
4096
3967
9552
4241
2514
1536
1957
3750
6301
341
7185
3605
6628
7386
6380
2490
3164
6516
7472
5989
4552
9939
8465
5173
1669
9730
7501
5680
9993
7728
6777
7867
3019
9877
5674
7930
657
4228
2909
8228
5935
8053
4470
4240
4643
9692
4193
2936
4144
8413
1334
4770
1188
3947
2623
4450
2382
1626
7652
4377
5563
4
9395
2040
5746
1665
8340
3270
4251
6098
1902
9737
7357
6051
1857
7888
2699
6694
4809
9239
1477
9422
2258
7017
6664
7102
6701
494
9179
1189
6943
8662
9742
4710
2648
6830
3616
3299
6897
6626
7354
8040
8162
8574
102
7078
1390
7480
173
2577
977
542
9674
1729
6763
5985
9896
2615
615
1363
895
4841
3236
4923
2565
7194
9403
9330
2145
2848
8015
8663
4927
868
8234
9819
3028
4866
5295
5180
5515
1639
9336
6121
1778
3930
9409
8920
9934
161
3407
7027
7943
8783
9016
3250
6403
9386
6687
9115
7916
4186
2067
2836
8218
4581
3562
9748
6519
5088
1917
6583
849
220
7681
9105
9668
8499
1143
9466
711
7144
3773
3803
8152
8904
2238
2248
3073
2167
7658
3549
880
1910
7166
385
5789
3837
5619
7772
6018
97
5927
3804
9538
3748
7421
8154
2672
5696
8712
3986
7752
2250
1836
7057
660
6810
4219
7795
3022
790
6420
8420
6581
1386
3890
1211
1114
4289
9418
4246
7534
8251
3048
6768
7394
5369
1486
7034
6982
4925
8113
2557
8283
2765
3494
312
5852
3275
818
3752
2031
2379
3818
2220
7536
6900
7205
1837
7054
7157
7126
7251
1086
5193
6387
7397
2097
5128
7645
1511
4738
6557
5700
8286
5717
7982
3152
4194
4422
6916
61
100
2440
1256
8003
7564
8464
6861
1737
7670
1482
2997
7548
876
1580
6980
26
4352
5913
4963
11
6963
9456
9189
5730
83
6006
6723
2321
4900
7121
1341
6907
9245
3609
9092
9582
8821
5379
2525
5248
8870
8901
8877
8817
8077
5186
1820
3867
4612
3398
6307
6567
3992
9878
8280
289
1313
5572
8314
5538
5152
6485
8115
9580
1812
3306
2232
6205
1765
5530
2920
8208
7496
3475
9041
6258
2314
9610
5126
9380
7698
3289
3975
1903
4592
833
5727
1221
6670
4154
4604
3140
1637
2063
7444
6093
6031
8724
9636
7855
8365
1181
4022
4729
3525
639
6522
2974
1674
8079
3765
7965
247
4368
6566
3670
5081
9827
9889
5848
9529
1983
7388
7588
3527
3233
240
7384
6266
7360
9792
1116
9133
284
7307
6486
5251
332
7952
2624
5964
3972
5318
1
9305
8978
1049
5208
9331
4017
3966
5556
371
5847
4567
5683
7032
9074
7258
382
9999
1796
2281
9277
7330
5040
5143
4484
24
4493
6246
5918
2338
5209
1017
3024
9658
8998
1274
4335
6453
1698
3040
2948
446
9258
2859
1643
3950
459
7964
1952
2291
973
7145
2307
6214
7789
2408
426
1371
4806
7873
9853
106
1281
4715
7129
3769
40
6904
9243
9011
737
5450
5977
8993
8212
4067
7358
179
5837
5001
7723
2172
7476
5382
2085
7809
8707
8018
6676
6306
9090
9185
6391
5632
1309
6436
2693
4882
9374
7008
3511
8165
6287
964
6182
2610
8585
6289
3828
9120
8356
2737
6756
3661
3590
8619
7807
9926
2576
3592
690
2105
3978
2692
5817
8129
5581
7740
6644
9681
5650
9635
251
3921
6035
6204
8048
8802
7439
4948
1863
5247
1182
2684
7376
9129
8758
4746
4135
1979
9732
5471
4623
8670
918
6546
6874
2732
6495
4919
7750
8704
5959
7459
8872
1965
2905
9246
1585
8059
368
7341
2702
9038
6807
3518
8449
139
5986
7733
3717
2087
5659
6696
8684
7369
6229
6734
90
4282
7875
490
5244
7578
8825
8691
6152
2463
3679
226
3557
8771
1974
5089
8389
1608
629
5547
326
1023
8706
9233
9271
5925
8369
8869
6658
7856
1454
5677
7710
4500
3675
7504
8913
6218
1848
9870
7949
6050
4579
6153
7793
8303
3420
2454
5960
8661
2550
9695
2052
8853
3761
1720
3932
9629
8174
2142
7646
5797
7931
4389
1028
3698
6638
8886
8432
1039
2800
9170
2317
548
6365
8571
5254
9339
4544
2509
7897
2866
8527
4376
9788
9693
9780
1115
9207
269
4412
2346
2244
772
907
5608
8052
6985
669
5969
5308
1773
3663
9373
815
1294
6124
2472
3077
4366
2876
4786
6042
8497
2196
9441
8522
4982
5900
9255
88
5810
9995
5740
2832
2696
5046
2949
3260
3626
7391
1059
1464
7028
7481
8025
1331
2480
5573
1751
4814
3621
9946
3402
5621
5996
9292
9579
3412
8951
5428
7549
4626
7971
3575
308
9487
7692
5258
778
7850
823
237
8841
5586
3245
9112
390
1968
99
8680
2813
8090
3390
4975
4831
7484
2484
5891
8347
2513
8737
7409
2223
8172
7955
4348
5435
7953
2038
9539
4858
2088
6178
8624
3579
1541
9518
498
130
517
6470
6090
2720
9059
9307
1318
6906
8940
5941
4326
4542
7626
7344
8834
3271
540
771
9949
4447
7998
3835
4741
3194
8811
6840
8824
3517
9358
8749
9327
1185
8683
475
1392
3552
2632
401
4222
1062
1677
2631
2394
7575
5507
5231
9001
5063
1077
6648
4667
8035
4722
2236
4976
3404
8932
1355
4455
6592
5159
4714
2914
4110
6170
2203
7843
5155
2561
3747
4214
3942
591
692
5938
8105
3240
7461
802
6467
9443
7879
6778
7450
62
8888
8074
3934
4097
7312
532
2336
1479
2574
7231
3851
9272
3176
9662
4239
6854
6770
6643
3476
1002
9091
9108
8991
258
5984
9774
5423
6443
6441
5376
163
5059
3709
285
1583
1901
2710
9690
691
1376
3791
6159
576
8166
8327
1622
7128
8127
2863
2483
1290
3522
1142
3797
4124
2410
6196
3782
1451
8709
3847
5943
9345
807
7630
4955
8894
9014
2533
7637
8362
8750
8598
2872
3864
6088
168
9948
3013
1058
2969
5620
1575
7455
8206
7827
6781
5716
1445
705
1009
4910
4220
5162
7346
6683
4924
7591
7958
2026
462
9106
3366
1830
8255
5917
5774
2150
3406
7353
2363
5531
4673
6798
439
210
519
4205
3896
5649
6373
7100
5887
7425
1634
8611
2871
8900
7068
1781
8733
5355
9899
8599
7510
117
408
7324
8488
8822
9232
9815
3988
4651
3984
9924
3075
4322
718
5912
8270
4848
2476
3408
2123
602
9838
2775
6452
9412
3121
2057
1016
4801
3179
4606
7389
7566
5931
9506
9687
5566
6092
5520
851
49
7276
431
1590
2628
1104
2879
506
1132
1595
6355
4994
7239
9445
5870
1159
4467
9803
793
1636
1046
551
9457
787
1962
4303
2538
3154
2147
9102
6389
5518
8773
9931
1233
7594
4005
4316
1010
3786
799
8395
9364
1546
1030
1584
2036
2504
4619
4001
6234
3393
4653
889
4117
6388
6625
4526
6044
4136
8388
8653
5443
4473
7558
9956
1697
1250
5419
1427
7254
5671
4061
6469
5497
7638
3313
6175
2766
9929
6850
8507
549
8597
9094
3764
5412
5721
9794
6165
5175
1388
287
3284
586
3598
7118
7745
2532
6899
7405
8891
2968
1122
7383
1749
6135
1832
3324
9346
993
3974
8547
4538
1075
4382
6013
8927
9427
3297
678
5513
1082
2960
2084
1273
7722
4466
685
9228
8125
9858
4272
574
4641
8414
5078
2001
566
6532
6225
3173
7055
4533
1505
862
6494
9326
9918
2000
432
6509
3104
1735
1630
6561
7507
2703
6412
5690
8458
6707
688
6647
6147
8159
3150
541
6711
7349
7392
9790
6411
6211
1948
3286
1700
9617
7123
2970
8404
1727
9875
4717
7112
4158
9898
547
5015
6157
9536
8372
7305
3740
2309
8626
5398
7918
3089
9887
6173
7557
8984
3866
9267
5287
2942
5718
2606
2967
1194
2117
418
5819
3523
2166
5447
680
9938
2341
852
4946
7530
6255
5543
4421
3101
8625
1229
3868
7691
1173
1507
1953
1809
6279
3169
4872
7688
81
324
5407
1521
8380
631
7665
4476
4950
3539
501
72
457
6817
3652
1894
6133
1119
7573
1440
1474
4452
4749
2498
5488
6755
7298
9118
4293
761
4260
3538
643
2034
3046
7520
9010
3894
4893
5795
2449
5292
6366
5801
1069
727
310
3107
6917
9295
7994
15
5360
1338
5642
9893
6991
8829
6698
4146
2141
9802
5319
7527
3960
4424
5172
1084
8298
9304
875
9455
4180
1393
3516
2355
2733
5004
6283
3231
9296
3246
6392
4223
8785
5085
9606
8291
157
7049
9831
9654
9078
4234
8906
8067
2487
3126
2108
963
8614
2046
7402
9096
8066
9083
5123
8367
5639
7528
3673
5876
2292
5613
2398
373
673
9353
7030
8046
1573
2399
2529
8462
13
938
4952
6212
6689
5865
2322
2850
7625
9213
5036
9682
2718
3915
2781
2842
8918
71
9850
6400
2349
2797
7003
7560
8884
4099
2643
8038
3600
3489
9276
3745
7238
7429
3844
8374
404
5828
7749
3648
7271
1856
1577
5999
7538
4796
6732
2553
463
8037
1995
5607
4270
1916
449
4474
3071
2984
5534
3506
510
3480
4042
4266
5137
5656
3055
7631
4905
2573
6766
3137
8368
1537
311
1599
4550
4655
8842
3606
9760
7006
1559
5302
3509
2716
1455
5381
7963
5077
8621
2392
3858
7544
5539
5312
6208
7541
923
8199
4638
3333
290
2380
8402
4835
5902
9469
1098
1006
3537
7718
9669
3232
2068
4380
6508
6786
5271
2395
9697
7673
1762
6898
9505
4281
1154
19
999
9966
3316
8145
702
2701
7371
9209
8478
597
4304
6064
4414
5840
9724
5603
6703
4758
2193
2442
7207
7921
3455
599
132
808
436
8310
9490
9533
2169
8209
8995
824
267
3148
2923
7581
1768
1975
2689
2230
7766
5262
937
5320
9486
129
9664
914
7713
3946
7291
6492
9197
5585
8883
1409
1900
6181
6594
2704
5584
1578
5803
448
348
9903
9166
1435
943
1340
8764
3838
2900
4953
7721
1547
6068
3822
634
7801
9764
9677
857
9702
697
9808
4265
7447
9450
1478
7000
2042
178
1476
664
533
2266
9361
6529
5787
2528
6461
2609
9263
8532
5770
9679
4307
8537
5725
5479
3203
3665
259
5210
9257
3153
8810
8292
2119
2306
6764
2187
4072
3389
6209
5242
1616
3061
3198
7103
1712
9628
9225
5219
4306
65
105
5367
4020
4719
8386
9836
9117
1838
3305
7639
525
7854
1101
2581
7787
5031
1068
6200
1726
8916
8274
7763
4787
8761
5800
5980
9359
8835
2796
7813
1972
1532
3510
1877
4054
4678
2434
2706
3474
7642
2524
1550
4954
9839
5506
1428
7702
6008
8736
3649
3683
3873
988
7174
783
4603
8833
8699
6668
7874
4614
1557
33
6427
7141
1399
5767
5353
3952
5073
9566
2313
6221
314
7526
2875
7099
5714
1491
5580
4166
2708
2809
8819
2857
4748
6416
2263
5206
7101
829
1175
349
7432
2143
7362
2315
5695
5859
20
6110
6210
6873
7434
6415
9683
5905
6358
9876
3726
6222
2183
9623
1298
281
7992
2107
6927
3572
7176
5744
8399
6413
6844
5273
2378
4574
2050
3112
2548
3671
5591
7506
1986
2257
6679
9230
7847
1868
5065
3123
5238
2685
584
6671
2650
3714
7092
4066
950
858
1592
5051
7296
2683
3888
9159
7819
4315
2523
6331
5463
6087
8542
3954
8533
211
5966
2422
7794
2991
2542
987
8971
8085
8538
9050
1555
8043
957
5466
2635
4449
7114
7091
5129
7117
9367
6964
6646
5179
5012
4690
8924
4859
6526
8073
1426
6774
1973
7699
4331
5100
9238
3192
2458
7938
4689
9220
1822
3025
2625
934
553
3082
7221
8431
2649
6818
2654
3790
6863
8813
1876
1834
8510
1160
7759
199
1381
8004
6350
3878
7714
5786
6055
5280
3401
7263
2261
4444
6195
770
5737
572
1033
3334
1043
3505
9577
8155
6435
2393
5903
9520
8178
8857
2663
516
2918
4938
5731
5411
5536
9231
6663
1561
3963
7866
8169
9621
2653
9567
9297
2466
4642
1184
9613
2981
1153
1262
104
7894
830
5462
1199
184
4333
1389
4249
7777
5167
4662
2549
5929
4233
2890
5182
190
4243
9547
4792
35
6728
9767
9244
4084
383
4804
6550
2908
7131
8898
9561
2285
295
7500
23
7603
6662
8875
5670
7635
8830
8103
1640
2755
7471
7255
278
3228
1450
9620
4713
1790
6232
8239
9256
8201
5062
5245
936
3449
445
7791
9201
4535
7730
4086
6672
8262
1301
8973
1596
8947
6988
8331
9522
8482
8658
2152
1650
9884
4116
4739
3553
4148
9645
1782
7452
6418
70
453
8974
874
9406
971
715
6040
7
9851
850
4740
3394
2488
1744
3469
8226
8210
1266
6548
434
2329
8792
2286
5748
7890
4100
6458
4933
8387
262
3387
4810
9935
5533
3642
9895
5562
8607
3767
2560
7428
6540
6544
3488
2824
9922
5496
3703
2958
9103
3637
1976
5759
5503
7928
9492
8880
3160
1846
8700
4751
6501
9485
1242
2134
9200
9759
9180
899
476
9821
6571
1320
2644
3471
7085
4094
1638
1811
4791
9192
7414
4852
7097
6958
6005
3556
1007
7871
3201
8183
2028
2065
2982
5952
8698
805
3338
1998
2972
5314
1022
3886
7765
1572
7393
2773
6705
6948
2164
8942
4636
6858
5105
2748
9923
3093
6344
9158
9416
7568
9928
6146
5763
3038
489
7318
2186
7486
5617
8041
2841
8326
7797
5368
9652
7802
5281
7869
6406
6286
6972
5010
1461
7245
4812
7651
6836
7967
4785
7669
8304
5064
6144
4644
7514
9855
1339
7467
7156
8098
743
8992
6730
1831
1699
3879
5922
6591
3371
1458
4152
9891
8778
6849
3276
2179
9817
9316
3111
3746
5474
292
1506
6014
5394
4864
9391
362
2339
4351
5971
7990
2823
3899
4283
478
9385
8000
7935
6105
9080
8237
5327
5483
571
3641
827
3917
5402
3839
4475
8789
7753
3247
8939
9098
417
2437
4095
5776
1499
1681
9369
7844
9982
4826
709
329
2598
496
2367
6129
932
4329
5990
8986
6058
3468
3458
3669
8100
3758
954
214
3070
5147
8120
9981
