10000
8758
3456
84
2685
2109
1706
3335
6811
6585
6926
6515
6093
7714
3250
2470
2583
961
6574
3117
7042
3524
8980
449
9105
5386
3422
3395
4754
2422
3407
8590
8530
1533
4481
24
9281
8869
2143
5433
3396
8619
416
2832
2099
72
4109
2083
8987
7500
6021
8492
8269
9225
4919
8438
1084
7428
9847
2666
2252
2426
9708
2141
3514
6228
2119
9125
9335
1012
5333
3977
2282
4662
3585
1450
1578
5572
3946
7084
9784
4848
1539
4192
4578
8284
2721
5325
4308
3479
3416
9707
114
5692
214
7840
3017
6096
5344
9177
6940
9122
4139
7358
6037
2937
3589
6482
5878
9545
2541
3922
1158
5613
9879
6707
4476
8071
2222
7608
9904
3254
8881
908
8086
1804
266
9018
7404
351
9739
6511
5960
2123
1241
2427
8299
8713
7572
3105
2522
5777
5392
6620
4238
1077
7544
2726
1424
721
9826
307
9234
8153
6656
692
5862
6510
340
1011
9762
4154
287
9578
8
8019
2954
2373
3458
9059
6423
8081
8005
8083
8051
6360
7212
4619
4967
7886
5815
7315
3223
3801
9332
6742
7863
2244
607
4636
262
4576
220
8569
826
4264
8455
7318
8967
5986
5282
5767
2459
2904
9249
3478
3272
9884
3131
2487
3401
9348
8087
9515
9159
4861
2742
3286
8020
3063
1389
8828
8054
2521
3308
5205
2384
53
6969
7347
9472
1388
4236
6726
5734
3682
2488
7850
1116
2024
2988
3673
1543
9561
4360
2618
1067
4301
1968
5011
2772
7942
6313
4838
4428
1886
2043
6448
2243
8634
2338
3113
7385
1192
5258
8132
3872
8325
5608
8403
5998
1971
9780
8588
2374
1544
131
8769
3528
863
9523
8056
7578
3253
1870
3006
5265
3723
3249
2389
8643
9172
7182
4410
6305
1365
6939
9053
7842
6565
3506
3789
6053
7622
784
5155
2174
3698
6719
7330
8488
591
4099
5349
3206
2016
6581
8579
695
2013
1602
1481
5900
6378
1978
9337
3936
7224
5416
3533
6676
8135
3348
7891
879
2354
5501
4540
9653
8360
9890
303
9049
5980
2500
6253
5715
2763
358
1945
6964
2824
9581
422
3109
4978
5157
2158
8704
2465
2176
865
8067
955
8807
5108
2035
3617
1713
6780
8065
9071
7038
2010
5346
6915
8796
3938
6782
213
4732
774
5306
6321
7560
2358
6412
7778
2805
8194
6960
94
2682
5705
9889
6571
3894
2049
8804
6794
4372
6376
1121
2814
2704
9843
2720
5164
5843
4412
3756
1510
5036
1366
5624
7213
6492
1766
6818
5537
276
432
2626
5331
5509
3319
5694
4703
7151
3353
2430
2656
9850
2245
3668
1297
4906
5396
926
3671
5707
812
6820
6263
592
7415
998
2691
6128
1799
8532
113
8848
8714
2799
1988
1075
6792
1803
7538
439
6548
1815
7028
9456
6167
4150
7179
9907
6569
4586
3261
2979
7735
8484
3876
6346
9596
3763
4197
5152
3489
3418
411
7087
8029
9240
2226
9108
4822
3735
9
9856
3615
3759
5829
6979
5656
9303
9810
4661
4678
1579
5826
5534
9785
1961
9259
4521
5089
8675
9589
7869
943
7595
7048
3065
7209
4104
7583
5013
1836
2495
9816
2412
4298
7804
6530
4898
7076
2681
1339
7555
3665
6095
9383
2090
8117
8112
4487
7934
46
8305
7999
5819
4196
1690
7468
2793
8849
3413
5065
1324
698
638
6809
6126
9607
5207
3176
9452
6836
6405
6766
4943
7884
3264
9597
6306
894
8862
1362
9276
2015
1784
2278
5218
2054
6527
1913
815
7483
5352
4102
4887
6031
8736
1399
8406
9656
4057
4458
4174
9657
8782
4802
7308
2094
610
7856
3737
4949
8821
5092
8550
7704
7265
1020
9660
6078
2345
7059
2767
8548
3650
4472
2628
6810
4972
1222
1664
2225
8141
2287
1607
120
2216
6708
6087
9136
7716
661
1383
8757
5290
3536
2227
8948
2276
5099
5463
8441
1989
4205
8465
5024
2574
2496
6458
8236
9062
3472
9650
8448
1707
7200
1429
8972
5012
5540
9013
9772
3228
356
309
9725
8788
9779
6141
6819
1887
4566
3263
5280
2977
478
6065
9516
8756
3887
2201
9788
4680
3327
3094
9030
2262
1979
1127
6509
7822
7866
5804
2055
1536
3767
1518
9470
5301
9047
286
1558
8193
2260
2759
6741
2030
8841
664
7283
2553
5918
3851
1467
9065
204
6355
4552
1671
4654
5818
2966
5984
7448
6626
5913
6046
4291
1668
7691
6293
3141
5020
7536
9291
4366
9382
7844
6383
4370
1349
3983
8178
8467
1465
5631
1877
4098
4145
9229
433
1714
3239
1767
6220
2690
1308
9874
3380
7743
4078
1103
2416
9395
3144
7295
7750
5898
1921
7721
8811
451
2816
5568
7874
8514
8251
7859
9218
9367
6661
1735
2405
9116
7011
6564
7964
2050
7741
3496
6467
1964
8780
7248
7776
3900
5575
4941
1312
4125
9135
5408
1013
8578
465
4524
5175
8888
3158
7992
2431
4273
9718
5317
493
7394
3656
5779
6790
7848
5496
4616
6199
1936
9095
4131
9625
4635
7459
27
7359
2843
9681
8422
6428
8231
6861
700
9558
5186
5686
1133
9860
7061
1466
2982
1585
6495
4491
9559
6233
1401
5115
6560
5350
9935
175
1756
1213
906
8126
7521
2887
7436
6999
739
7917
8596
1992
1412
8500
3823
6627
3357
732
189
1839
9973
6429
1811
3857
2088
6958
616
3796
3277
819
7911
382
8281
1637
3963
4503
8875
1354
3275
1444
7910
540
1995
1613
2441
2910
6067
1218
3173
3734
2861
4562
3444
4170
2196
9473
9100
5637
7149
7914
7353
5114
7643
5958
9735
5217
6797
3523
1946
915
1368
7461
1343
9227
2318
4237
6724
9111
1263
5211
4594
9397
8879
7867
1363
1235
7449
5245
9300
6006
296
1958
2112
1538
1840
7037
9814
7829
3266
3170
9343
5983
1293
5850
5401
6493
5084
5761
6161
8128
1819
3748
3169
3779
9248
1999
583
2775
3975
7465
3005
1748
3078
6347
7646
7341
5062
6650
7948
3297
2447
8080
7786
4163
6069
572
9635
6237
7211
8419
5168
930
5482
4034
360
725
4287
3566
9309
4420
9399
6521
5237
5660
4791
1583
9830
6116
8729
6990
8232
6536
207
9233
2218
6110
4617
468
4714
4821
7517
8805
8134
6275
9834
2544
4960
733
8151
8929
1589
4627
5722
3919
8876
2414
9204
9430
8615
8917
9338
1064
4091
3565
6184
3088
9706
4165
3125
2563
6755
1143
8421
6335
5388
1452
3602
7637
9061
8477
7159
3462
7123
8037
1928
8682
4847
2697
9424
9493
7126
3365
1779
6643
609
5082
8177
866
1355
5743
4274
4021
8899
3084
3505
5852
1577
1495
8165
4891
1026
2154
86
6260
6320
632
1562
1360
1573
8352
604
8775
2612
2646
1262
1390
4485
1185
4926
412
3800
765
2372
4427
1984
7244
4434
9165
4850
4734
2087
1488
5050
3215
4518
4230
2208
1762
7872
4885
1471
8883
8376
8312
9738
3002
1240
9379
1317
1808
225
3427
787
8701
6316
4817
6211
2737
1358
940
5151
9792
2396
3886
9626
6399
3030
2953
7947
8103
4990
6393
7720
3108
6088
2089
6700
2983
888
4283
5143
8420
2528
653
6408
3573
8328
1512
235
9271
2918
8671
1228
6057
5671
9434
4737
91
6725
8844
6579
8186
9534
2602
9190
7944
5785
3871
9511
6679
5038
3527
6283
5016
3588
4305
6456
1648
1837
8975
41
6893
1397
5338
715
6914
1508
7169
7130
5688
3498
9903
3764
4210
2743
4356
579
2580
898
8725
5417
5941
5026
2813
5489
8747
8931
5118
2403
8991
255
9495
1910
2159
2009
9142
3328
3393
7836
9695
2370
7171
4055
1629
1209
7376
2648
1244
8700
9519
2705
4496
3474
3047
7054
3429
3123
263
4335
5510
8349
435
7024
2113
2624
7192
7995
1866
8115
5487
5838
3663
5535
7464
3255
1208
9758
504
9499
5005
1479
4831
8983
2385
3186
5731
1832
6917
5866
7575
4531
4386
1786
8004
5602
9629
7898
1742
9041
4371
482
9010
4758
8402
6770
1726
8941
1200
2769
227
2420
634
9019
4224
8433
7343
9684
7017
9477
9542
8746
7229
6234
9733
3493
8916
4881
6553
3686
171
6328
8546
9896
546
8096
2387
5190
5125
4363
8684
6367
5405
2082
9936
8478
9716
3516
7439
7730
5882
8331
7458
676
1858
335
7770
7496
2175
6965
701
3243
1765
5895
7589
7298
7837
5659
5990
7099
7486
5542
1421
6622
6051
6171
9583
2307
4012
5293
8166
392
1722
1413
1823
6206
8471
9627
1758
5283
4032
5430
5801
6432
1024
8275
2745
4005
1122
6387
289
6603
9765
8707
3502
3636
6394
3301
5058
2960
8939
496
2258
2986
3333
1211
4938
4652
3258
9314
2584
5888
9873
8960
476
3657
2312
1099
752
5464
7356
5201
6867
9464
8257
4974
8382
8160
1592
1857
6948
1428
1727
4773
2958
5629
4188
8677
6507
8310
844
927
6452
8209
9476
1563
9103
6658
271
3858
7435
9867
2543
8246
8373
4179
1880
5025
7832
5112
1782
9651
2856
3539
3897
2334
872
9620
257
7635
9031
9730
3116
3834
6407
3996
8564
663
2220
4387
3579
3987
9104
1843
5664
3032
9854
7128
4303
623
9102
9356
693
4913
5411
587
8323
8836
6148
5035
5359
3981
1226
8321
2934
54
568
1396
5615
8551
6135
9824
9439
1775
6000
5250
9280
3090
3103
6082
9987
1792
7476
4931
8154
3398
498
7983
9346
7852
5936
525
5249
126
3634
5853
4948
1128
5738
8298
9176
7611
9570
8035
1846
5117
7018
5920
7451
2573
7202
9008
9696
8857
8526
7972
471
6426
3557
4438
4354
2435
8288
39
1788
8570
5739
1117
2597
7390
2930
1233
8171
3071
9808
1996
102
7987
1375
5368
7253
5226
2273
8582
5275
5675
6654
909
9600
1320
7236
9926
4565
4811
1419
8802
5347
2137
3233
6646
6122
8364
8894
4330
8204
5374
8430
1370
8901
3007
1791
3314
278
5950
3321
2018
2217
474
5212
8851
4532
3920
9216
5908
5367
4195
7463
469
3035
4912
6703
2455
6033
5500
7408
6649
219
8502
9946
6730
7176
5593
9279
3695
6745
1285
2713
6118
8336
4455
8744
8482
8722
5040
6409
8595
2976
2725
6683
164
6217
6577
1042
6934
6418
71
4996
3582
3865
3072
8942
5009
7904
6319
6352
8348
1893
5745
5022
8358
6377
5536
9334
1482
9883
5598
8244
3182
3644
1634
6288
3705
491
66
7801
8424
6152
581
1138
2854
1460
5648
3822
3209
4418
8571
2253
1177
6265
7375
9893
2952
2293
8304
1303
4577
2229
3752
3092
6952
2164
4325
2905
1514
6159
4753
8068
1206
1760
8505
5946
9789
3310
144
6788
4769
1052
2909
4889
1817
76
1785
9085
8880
7172
3552
7273
7567
8097
2981
1023
8995
328
4449
9042
7297
2927
626
8163
8400
9638
8792
1167
6699
947
2869
9222
5626
29
1646
1045
2559
6866
8063
5096
7981
9139
1204
6844
4148
3907
2881
8442
7021
8661
8924
8741
6337
284
517
7726
9360
928
1622
968
8040
6357
2413
264
9510
4755
3204
4399
2060
3438
5891
3128
5643
4101
2606
7001
5728
3039
1923
6022
226
6959
7074
6892
5988
3600
7699
2085
3028
8228
8703
4463
7235
4515
1463
7455
5109
7509
8827
9211
2601
2061
2197
5399
1108
7779
1548
456
9663
9106
4495
6063
7960
9770
4777
1879
423
3576
8525
1004
386
4548
7045
2255
384
7696
5263
6274
5375
7798
6162
6912
372
744
8423
7234
2859
3947
3918
6353
5645
2826
2671
9529
1326
1436
3934
57
2604
7739
359
2835
1080
3499
735
4216
3559
7208
9868
480
9658
317
856
6444
5607
2346
5439
3968
1470
8022
5907
5474
1916
1745
4159
5644
230
8372
7687
477
8450
2259
3829
3699
6215
1677
9446
8207
6373
645
8651
398
3386
1033
4334
1057
1997
1427
5963
3541
5877
6988
6500
9500
3831
8483
9351
7487
5922
8283
5887
5127
2129
8533
4240
418
8867
3441
1564
6615
5046
3289
4132
8215
5308
4645
1336
2310
1744
7791
6687
9320
2845
4444
7666
756
7686
2410
8199
3811
3504
3878
7338
6757
6342
8368
1904
3436
7860
2686
3492
6606
6686
3153
2700
4794
9763
9405
6327
28
2377
2996
5672
8443
4022
1795
2631
2714
1219
315
5995
6308
1264
8410
9520
397
8826
3961
6430
3383
9683
3095
6155
9729
1618
2779
7409
2532
324
6469
8912
3814
7370
728
8015
4072
5034
218
3127
8102
409
1166
9475
5462
8779
4694
26
3581
9541
5053
9438
746
4332
2004
3927
6528
6381
4369
713
2180
8608
7303
8226
7605
7758
8282
7653
78
7926
4113
5088
1944
5894
6888
5856
1221
1018
9024
254
143
8856
5007
6365
8654
4611
1952
3836
1659
766
5150
5867
1883
3687
5135
9897
7184
107
430
790
4221
3110
9815
857
5978
699
6750
6008
612
2038
4665
1323
8179
8767
9753
3076
5725
6119
5262
1271
5418
3435
1939
3625
2329
8963
913
9787
7645
7398
8143
6356
5443
8529
3991
3446
9029
9045
6417
2557
185
2274
5632
4171
9885
5979
3345
4183
7712
8657
9918
1855
5773
9420
4896
5137
5620
7245
8180
5447
9615
6771
3146
2818
4263
1439
5650
3366
7532
8936
7277
5499
4137
6595
6951
7482
7830
5465
6132
196
7679
4542
8602
8509
4062
5123
1635
6285
2727
1028
7216
5651
2254
5588
3521
5037
82
6218
8573
685
5220
3374
9563
9273
2505
1132
3313
2178
6461
157
7547
9185
717
6609
1205
2932
5938
1307
3443
4615
8943
370
7818
6242
4087
5481
2547
47
2523
2233
4526
5654
7420
825
1915
77
6775
6704
2542
7196
7373
145
667
9413
1776
6653
1862
9419
4844
7131
5027
9359
4070
4534
893
8060
431
1135
5455
547
5132
5385
2321
4437
911
4222
6151
3311
4321
967
3122
2992
9748
9140
1188
4064
9530
2284
4133
2240
1461
1884
5633
5445
8227
3978
4390
6058
9260
2091
3189
3225
5520
6315
1493
2873
4672
7767
8389
9313
2503
6257
1741
5807
5587
2973
428
4720
7466
8790
9412
5033
5470
3776
6853
8889
9426
1801
7531
3291
8099
1991
199
4981
9414
6872
7959
3649
3578
2066
8680
3079
8218
5318
6459
4884
2899
3895
2207
3845
5792
7270
6271
5393
331
7564
1236
4018
9678
590
8962
6762
7418
9084
8234
1183
1242
4208
6464
7894
8498
3060
8274
7627
3183
9955
8937
1267
6386
1949
18
7258
1821
9571
2203
7925
1126
1523
5111
6812
2378
9002
2627
8335
5836
4423
3643
8554
5145
4660
1441
4447
3795
8727
3149
7678
2989
8523
8491
9727
7615
3972
8426
9933
7969
7319
9927
368
3655
4641
886
6791
6758
357
379
5342
3854
3770
1922
1109
8955
4422
1096
2474
216
5289
6483
4322
666
6989
9498
5130
5625
9336
1319
3373
852
8829
5601
8494
7638
890
6588
9974
5177
4883
9370
4966
5335
6883
2311
6136
64
2990
904
2363
2131
5260
7621
2145
6466
4858
782
2379
8966
8640
5709
7951
8014
7156
5962
2194
5653
9158
7525
3315
8058
9997
1985
9869
596
3555
1269
729
8800
9437
1022
8589
9611
2605
907
868
7625
3475
5428
9183
8075
7647
8090
4642
1960
7673
6011
9189
1950
8913
1194
5533
597
2429
5236
6246
3242
9243
5893
4241
8245
2269
2299
9670
4593
566
2520
179
5504
1943
1841
273
9109
9820
7559
3211
8050
1449
3381
6496
3512
9924
2969
4709
6334
4252
373
9547
9295
9609
858
1446
1378
9396
1642
1288
602
9333
2554
9241
210
5885
1371
2511
6735
883
6351
9195
9021
3408
3898
9017
7479
3707
7885
1321
2829
5879
2878
6019
5959
2739
3240
7278
3096
8173
7132
8290
3967
4279
4128
5257
4071
1571
3837
8918
7317
2106
2645
5
35
9938
8320
7833
4311
6366
3174
7314
4451
6628
3091
4147
7221
5506
83
9999
8187
8748
4765
8278
1641
4677
2445
3805
7332
6029
6751
3594
2548
3543
4176
3662
7104
9255
2130
4178
8903
6555
1002
9432
5467
4670
524
7695
9342
325
7453
5353
6566
6341
232
9622
7093
3620
8217
1346
8007
1337
2337
4267
9385
1710
912
9901
2773
2621
2687
3740
3809
8676
108
6635
8823
1123
1566
2961
1871
5952
6786
6600
4607
8008
7563
288
6164
9137
6669
8527
599
4602
1688
9184
3445
4676
2168
9694
9669
8359
637
7193
7493
8997
1900
8572
6478
4424
1260
9270
7456
5949
8517
7877
4699
2187
4143
7546
2531
4508
3952
6842
6727
3531
922
2246
763
7440
9809
8393
4317
6531
1740
354
627
4304
6980
2736
3537
443
5299
5787
760
899
2116
7181
8751
1743
8118
3130
4882
794
4871
6908
801
7603
3587
711
1861
127
8025
4673
1505
9796
2807
2115
6640
9496
7078
3244
3951
1963
7777
2073
8140
7853
5480
316
8547
2912
5902
656
4988
5106
4453
958
2570
5003
5685
8691
1006
5284
3775
4946
631
1377
6718
9603
7751
5337
1865
6885
6272
993
6256
6143
249
7110
3262
8185
4745
6224
181
3911
9661
7530
3592
2102
6739
3288
7060
3675
1230
8764
3500
4019
7214
4951
5666
2752
9317
707
4439
3843
2448
6712
9517
8216
7062
3471
4256
513
2565
1405
3201
4667
8351
5419
9794
1511
2907
2858
2600
7651
5518
8444
5662
7993
3411
5812
9043
407
8639
8618
7051
7909
1764
5142
6838
2693
5744
9799
5880
1507
677
5425
2348
6374
3556
247
9410
3070
724
2498
1065
4347
2166
4688
1087
4945
233
2324
173
2867
8989
617
2105
3151
4679
6611
5307
6678
8629
5750
7542
6485
9875
7675
6049
2421
7757
8535
8621
2408
4852
2071
949
2987
172
8683
7190
6663
6784
8161
8318
2464
1547
8623
2019
4910
9156
9228
5530
884
3850
6884
7462
5195
2920
7550
8380
7115
7422
6516
1190
8146
228
6036
6241
5274
4093
2257
6117
2192
5594
9599
9952
6747
6115
3107
9876
2868
4103
7931
1526
8599
5259
6322
6389
3252
9747
3433
1813
4010
5485
4
7311
5191
1445
193
346
9392
7788
1864
3190
3246
9662
1553
9647
5552
6079
3842
4570
679
6828
1161
5569
4792
8062
9932
1237
7642
136
5047
6744
5782
3451
7617
5770
7614
6598
1527
239
5042
7723
8045
7991
3177
1596
321
4606
9975
8673
5166
5583
2561
1759
6236
6833
7495
1243
937
9474
5951
6973
5071
757
1947
1314
6396
8832
3439
4089
5634
9171
8992
4901
7661
4219
7609
8656
9914
2242
3815
8169
534
9451
1696
7056
2776
4038
9768
1101
5246
1484
3027
4079
4277
3601
2676
584
595
3486
1667
4658
2672
7141
9506
8801
5341
8515
9361
6705
2657
2866
3921
5661
3309
7324
8872
7748
5015
2404
5547
8182
5737
953
2897
3902
4027
7990
824
6023
716
694
1142
5414
7900
4411
5612
7452
1081
8206
3596
6013
8630
3115
1342
2659
2356
6962
1330
8739
8255
6169
3640
5591
3140
8965
483
4634
6358
8776
1680
2911
2765
8159
2569
2512
5472
6204
9501
569
8158
4715
4959
7239
736
4153
2179
3979
3738
5764
9028
2093
4877
5820
5917
4964
4353
420
2803
4365
8759
4286
6472
390
8023
5623
5313
7262
1854
4397
570
1574
6239
9463
2780
8626
2667
2215
8890
298
5795
5538
1041
8686
6634
719
9671
1447
5839
3280
9278
231
4302
853
2670
9069
7158
6064
5129
5721
4083
2699
8884
1829
4199
5956
3490
5933
1516
900
8749
8009
2014
192
9416
4895
6247
2228
4211
2423
7973
461
4395
771
7865
3689
8732
2630
103
8333
2232
4051
3114
5170
6245
9323
2081
5288
3632
9628
198
5182
9368
165
1749
9862
7007
3554
8452
6667
6080
7416
3825
9595
6681
3370
4556
6859
7203
9153
4886
2095
4622
9293
8850
4908
7845
305
5670
8374
1972
5126
3597
3824
2484
986
4258
6736
2680
4840
9709
8642
6039
1291
9160
761
400
7241
9027
4522
8066
2975
3642
4310
4629
2839
4408
140
363
4394
7710
5741
2942
6907
1048
2499
4778
5298
3001
6244
5548
2190
6131
1124
2181
5828
3042
3659
9754
8567
4706
7269
7510
4506
7294
2774
8964
3421
7088
9200
4393
3021
1027
251
9687
9345
6889
9552
3849
4247
7164
7994
8338
8835
6112
8476
4306
1347
146
8681
887
7146
977
7592
6296
9723
1443
3426
4623
7838
1842
4971
9861
734
4223
3241
4784
8799
850
6716
8371
3908
2330
4585
5371
6776
125
3034
9324
4651
7264
3276
1162
834
1091
9287
7878
1810
3145
9582
8540
5032
2046
8445
7033
2390
7906
9692
8043
8268
3727
4927
6120
9980
5972
8731
462
5783
7982
1620
9968
8978
929
8124
1113
2461
7922
818
4873
6835
8109
4973
4445
3519
6024
5556
4719
3679
946
4194
8808
8297
2674
7405
5441
7792
3013
4874
2753
7063
7092
3050
2696
1111
7247
3040
2822
7752
6437
3265
4992
2921
2047
2144
7523
925
5697
2234
6292
7177
3346
8315
300
9524
8469
5886
134
3267
8774
9760
2879
1674
6568
5945
122
2566
2169
6651
7618
1513
1770
9209
8577
1212
3648
3567
9925
2186
6901
5834
9244
2032
7210
8230
1975
6486
9377
6927
5052
3778
4006
405
7794
9328
5708
9673
2193
5778
8954
4692
3835
895
4631
1919
9949
835
7868
706
9310
67
2804
6545
9220
3352
5159
2251
577
5794
3281
7569
9268
2585
6177
467
6937
5684
671
8866
6813
1154
9631
8985
9939
3540
2017
7855
4385
3696
6532
7577
6465
9978
6763
2011
6899
6993
4050
3221
2482
3928
8210
2806
6451
2344
1721
8952
7768
3318
3102
6287
1676
7157
8693
965
2067
6068
9886
4668
3808
2172
1818
3404
8280
3724
6798
277
9699
8486
7147
9115
4975
5942
553
5799
7292
7805
4381
3465
8108
7096
1521
158
7502
3664
3041
9518
567
8892
3389
6157
4779
2411
9007
5611
8238
4529
5066
4625
4842
3303
5759
3298
9633
608
5059
16
2100
5961
9364
3714
6084
6586
6996
1701
5326
341
918
1881
7520
8233
4067
9732
5514
1902
4560
3593
9239
6997
1400
809
9298
3855
3782
8136
2993
1172
9119
6535
8356
8951
1060
5028
7127
9236
6123
4265
6605
2639
537
8361
750
376
8016
3942
5390
4377
5247
371
5468
8740
2719
4202
6968
6331
350
806
6943
605
6769
4855
4598
8196
4015
292
8925
6073
9931
5160
7628
7134
8472
4345
2271
8742
5454
302
7133
2900
5975
6076
8865
3192
5300
7161
8909
740
7396
1594
1394
355
5297
3469
727
8696
9401
7766
2855
8214
7403
7249
3874
1437
270
194
9700
1341
9942
5121
7323
7761
1778
2306
1265
6896
2789
25
7006
6091
6030
7789
4685
1822
8462
6768
1268
9329
7091
4695
5077
6499
4105
7756
4318
6403
7499
4917
3299
3344
8496
3606
730
1148
4869
2560
9776
4940
4785
7728
5640
7444
1712
1998
9193
5564
690
5002
96
2121
6278
7117
8355
3216
5753
4684
9962
9403
6052
7144
8563
9940
642
6090
3932
574
1150
2418
1891
4186
1889
6390
7545
791
8123
4073
2991
4384
8342
7474
5241
5320
6630
4281
6637
4575
8013
1892
4525
6554
1546
4190
4856
6732
8436
2877
799
3905
548
9386
9586
3709
2392
2206
4225
674
1254
385
2762
9440
1464
6599
6149
5934
1473
7920
8235
4358
4953
1430
6928
5916
8778
4979
4851
9117
4999
5183
4118
269
2998
7393
9037
4793
5446
8852
1155
2840
3473
972
3377
2300
8927
3750
2185
4200
662
3525
511
497
5861
5905
7731
2893
6860
2812
1106
8627
5869
5840
681
8949
3926
8266
281
7790
5606
6882
9466
4323
539
2247
8761
4462
4640
3677
9704
5658
6789
8010
6881
4638
7851
714
8622
7301
2924
8524
1499
1250
7354
6113
3739
425
759
3052
1056
3491
8840
6163
6208
6612
6662
7261
7905
6918
2718
3816
5310
8904
7289
5554
5531
5017
9963
1497
3933
3758
2941
5453
6214
594
3464
5769
957
3477
8519
1207
6427
4774
4402
1734
3014
650
7854
319
7478
6691
2811
6479
8116
8100
4878
3884
5610
2494
7119
7047
9000
4843
4965
1623
1682
8723
7344
8541
147
8095
9837
6397
8411
4952
980
2589
2451
9481
1684
5813
6998
6270
6240
3379
3043
5363
7932
8425
9900
3899
5562
9560
7105
8219
3188
9539
601
4117
2619
5921
4741
5356
4053
4493
8705
6192
9258
5841
5227
8184
4997
9157
8950
4713
4900
8667
7207
5101
7480
6855
573
5355
8334
8046
1425
394
4156
4209
1044
7225
4776
353
7516
7481
1247
7624
970
7291
7085
3641
8971
2355
9242
3508
984
3423
7923
864
3510
3226
2325
3774
769
9245
8887
3621
1894
506
7355
1699
4392
526
2132
9465
8999
7769
776
2333
905
4920
4897
4061
5459
4914
4326
4572
8613
2376
4955
4983
9577
3909
4787
2298
4764
4501
8717
6400
2629
3098
4198
7165
1049
5214
7046
2957
8265
9798
9619
9659
1043
8157
2051
9340
6657
5194
9124
6539
5311
710
7706
4899
4935
9764
3238
6616
6839
8386
660
1653
7302
7584
7268
6538
8474
2360
7504
9486
6737
7107
415
2729
5324
4970
8938
8367
5579
4922
4717
275
2028
6572
6614
8105
8164
5981
36
93
8678
1612
1569
3081
3338
9728
6821
2766
5469
9131
3093
2438
2012
9601
7631
3194
1474
8379
6138
529
7342
7260
5976
1640
8205
8789
1520
89
7361
8853
1289
5204
413
3702
3959
8110
2417
3623
3139
9283
5427
2862
1930
9162
7442
2828
9714
8765
9502
5134
4944
5680
6878
9497
3945
3256
3841
6638
2052
6814
8957
9407
9836
212
3718
2256
6121
6841
6796
5087
5174
5001
7606
6182
6232
4320
2074
6525
33
7191
5423
845
9807
2437
7711
200
5851
8208
4187
295
3417
7467
7010
7754
3350
7692
9256
7806
6729
6375
1414
2301
8229
3285
1015
9698
4284
2889
2914
4820
8490
4962
4082
383
9813
9655
4828
9114
6895
1173
2827
7736
4471
1393
3367
686
9573
6970
3613
1125
5870
5208
320
4110
9702
988
6474
6868
3966
6929
1814
8586
4939
2509
6194
8565
2068
279
5354
4212
1157
8961
1568
6933
9624
352
9082
7316
1197
1570
7507
4479
3901
8635
9415
1941
2096
6596
5319
2964
805
7276
8692
4894
7075
6280
9525
1565
1356
839
2128
1431
7514
1420
4744
6831
6994
6986
1290
224
920
9068
2361
2008
178
6843
1731
3356
2732
162
6420
9590
9948
5678
8340
6911
75
4009
3133
1663
1046
63
979
6201
4934
9086
9354
4220
7543
5628
3810
5209
211
5369
4243
3526
4801
5822
4507
8614
950
6963
1572
2846
9665
267
3207
6300
974
1856
4582
3467
1332
4705
3227
5641
34
643
9533
598
1381
4610
454
97
437
484
458
9264
6995
5329
7009
109
9895
8689
9865
2471
5119
5231
6487
6502
6647
7943
5844
6384
2294
589
802
7019
4226
948
92
4350
6693
3548
4704
2620
2134
9819
6349
8601
3111
3670
5045
1489
5434
837
7288
60
9791
7970
8772
8407
5070
9005
5383
9587
2857
527
9205
8522
6826
8070
6310
2359
7432
8033
3797
1426
6924
3260
6404
2955
6966
7274
6706
5238
691
492
4867
1672
1442
1736
8631
6027
2364
2787
2567
1561
4362
5576
1274
1872
3948
489
9610
1153
7226
11
4574
838
8396
2285
5716
5435
9979
7328
3941
5957
3442
5790
2305
2163
7938
4025
4823
3742
5932
6540
6664
7901
2457
8518
280
366
4253
4696
8212
7254
6594
3553
5203
7955
749
7732
9449
5163
2790
5081
4448
4738
6573
3628
8098
8914
8458
9210
6644
1292
6879
2406
8069
9726
2980
8055
2712
1898
8695
5409
8175
8446
9494
530
5565
7659
4235
7460
6379
2223
9775
5696
8306
9175
8461
6715
6720
9531
1088
3414
9934
8846
6981
9330
7793
5699
9759
6936
3658
6506
4059
1729
3323
3509
5691
1386
5955
9001
2281
9831
186
1868
2152
843
2808
6025
7896
7883
3610
9863
3097
4213
6249
3197
1718
1275
1698
4324
6227
1796
6255
8048
8645
4251
7927
6556
8724
1283
450
5000
797
3294
3630
2033
475
3562
3984
7421
971
9845
5927
1448
2940
4768
6550
9881
4772
4986
9306
9818
2150
4465
4729
8047
822
5442
20
5345
7098
9941
6591
6840
8499
7425
7598
1920
21
4403
5674
8644
5382
9592
3497
3004
3914
1165
3743
7954
7414
4554
8303
261
8984
499
8607
1683
2530
885
4206
168
9067
1095
4242
4846
5008
133
4312
3711
5141
4031
4985
2519
5788
6089
1805
8497
1638
7145
8812
3036
9887
1329
1453
6205
410
9163
2534
7875
4839
5094
4180
828
6722
9238
8977
6411
1415
9393
9675
256
5221
2167
4535
7424
9199
3852
9623
8561
1345
348
5526
3950
7389
2286
128
9074
5252
7065
6045
5251
2738
6450
4367
4300
8557
6974
9421
4217
1074
8919
5351
8190
7873
8581
4880
4721
5424
5899
575
8825
1656
2902
9341
1754
4580
6898
3599
2884
2848
6823
4806
7094
8397
2689
5083
1582
5789
5597
1586
9201
3069
2529
2415
4169
3700
4795
2825
8152
3736
453
2702
2107
9721
5599
6590
7835
3495
8895
4693
31
7434
3609
9194
45
2308
282
9564
2210
8933
2381
3863
1031
2795
6010
2810
206
5103
1284
939
327
5858
6290
6243
7016
5169
9804
9265
2945
703
5067
6597
557
5849
2153
205
8317
7986
6916
9302
840
1047
1956
4431
8576
3765
4498
5497
7725
514
7112
2039
7533
1931
670
1938
3031
7610
8104
1034
8432
2703
2237
6857
1627
932
2434
7597
8552
2786
5752
767
2535
5122
7034
6142
8473
2711
2027
4603
1549
7492
8347
4486
2593
7665
2963
3693
8130
9372
1780
9891
1593
5498
2056
4923
5056
3912
2761
9988
702
2440
9064
1387
3234
635
7082
6061
8329
6698
552
6865
3986
4700
6297
7339
5199
5974
9411
2625
7447
7366
7684
5892
7582
3185
5947
3184
7755
2577
7252
8031
1700
8755
823
2847
7729
1310
6043
6424
61
2895
4309
1454
7581
3470
6020
6932
5269
7296
7166
6018
5063
1552
87
6048
9509
5178
2635
424
7053
7945
6371
829
7441
5590
5580
7219
8555
5281
1608
2393
6903
7928
9066
2817
4800
4924
5817
8922
1214
447
7820
1576
7671
9724
5273
5225
6946
8612
2995
2205
6059
2916
5451
5161
9026
8687
1751
5525
1787
5365
981
6382
9375
9906
4270
2053
2160
5458
6701
916
246
8468
7515
3405
8728
1281
3316
7106
2472
2135
704
8172
2821
9369
4893
6252
3949
6894
3866
7846
6909
2949
5717
9146
7014
9922
345
7090
5312
9254
4559
7411
9746
2572
3611
326
4569
7089
5710
629
1935
7113
3960
2111
2267
3716
3391
3883
882
5188
5704
783
7350
4963
696
7975
9319
4373
3913
673
8592
2507
6173
3545
8479
1215
7968
304
7175
6846
1398
6807
5890
3964
9864
7
4262
6174
5192
9841
1863
9400
8285
562
9078
1800
748
593
6425
3820
236
973
6187
5248
3198
2292
5314
1496
4063
533
3962
964
9428
2683
7251
5235
135
2042
3646
814
7185
624
1159
7907
7703
4191
2947
8211
8650
3827
8672
6441
7641
9710
5255
4084
4505
1340
1860
4415
3584
7382
4516
4618
5107
4135
1559
180
4639
8052
3003
2026
3741
5622
2078
7601
3434
3832
3324
5294
5448
869
8049
4514
5436
4977
7888
1315
2568
1182
841
4804
5471
1982
6188
2783
7815
1793
9916
6325
8195
6921
7049
8427
5808
1686
8459
2126
4947
1069
5477
4969
6824
5910
1146
3164
9512
2478
1752
9715
1005
9107
4740
2527
7284
793
1301
6947
8162
2985
5387
7233
933
2491
807
2402
7494
8813
4918
5669
8030
6344
6975
2173
8897
7109
5316
9408
259
7899
2070
4766
9079
7719
3008
5906
1359
7698
659
709
4095
9455
3023
9567
985
1149
7616
7607
5665
5097
9048
5104
2956
1983
3804
4543
1847
4488
5507
867
836
1937
1313
3025
7194
4338
5930
4404
876
4519
7410
6773
9485
817
6956
3053
8378
889
7738
9380
3468
2526
9528
2198
238
5277
2777
5544
9034
6449
3415
7348
6145
2382
5592
3419
2622
8392
3235
1959
8685
3305
8754
5158
6279
313
654
4509
4798
4788
4767
6978
2353
3229
8733
9318
7654
9231
6977
6677
23
9981
860
3511
8959
3591
1344
4173
4682
1403
3848
8817
3099
7953
2978
9640
8155
9355
1392
743
4643
4161
4555
445
3104
5825
559
2328
2369
8785
1050
2036
434
1994
393
875
8664
8107
4254
9056
6822
2734
6340
95
8150
4257
4504
5292
6463
215
339
1199
5483
5723
2045
4035
2892
7392
1223
5184
68
9827
5842
9468
7443
6197
1500
9081
5827
4294
3409
6070
7322
7819
7930
6289
1555
2637
2874
4936
8520
4157
2362
1940
5395
5078
1550
9959
4595
2800
4278
3529
1475
5171
5086
1253
9196
7648
4630
2908
9073
8559
3681
4731
5358
5403
6710
7522
5831
9654
7527
4833
4797
5432
2020
258
9742
4177
1615
5702
9373
8636
4930
1280
4657
8545
7924
2792
139
6802
8534
5595
1168
1270
6139
6476
1007
8934
1933
9508
2925
8295
1053
9705
3191
3024
5206
8699
7218
5361
9339
1969
4182
6740
4086
519
8539
5223
3449
5589
7484
4299
8167
1789
3844
1896
3290
9749
5444
7737
9219
6518
7512
6370
975
155
6544
1225
7580
1279
9527
8365
3461
9790
2475
1418
8653
4994
7246
4549
8457
479
9133
4368
8256
6505
1316
2707
6847
9866
9689
4859
9921
9643
8715
1502
3248
4398
512
9555
2948
4756
4608
6982
3237
8011
1728
8431
7071
138
2290
4825
3372
8381
1078
8891
6223
9431
2634
4592
2114
7491
9536
8998
4841
5543
1151
2984
3813
4587
9621
5287
7936
9575
6447
6827
3953
3175
6100
8240
5681
2331
6902
5971
2439
5546
2248
9954
7831
6607
9203
542
1234
4536
7800
3571
6035
240
3270
1119
4609
4730
1644
1322
1118
9489
8819
100
3448
6267
1509
5100
2263
4343
8388
3057
88
9480
6414
8001
6494
2684
8072
507
5492
2044
7745
5982
6262
8510
1152
8706
9894
3029
6547
6440
7142
2449
9898
5883
5676
7823
7552
4763
6104
8513
9839
8898
2536
3839
2386
195
3704
536
9266
7814
6519
8669
7849
1353
8292
7070
9722
4425
1719
7031
2595
1051
1844
7722
6954
6147
3363
2545
9257
5519
9460
4290
561
4121
6665
9307
3722
833
9014
1882
4331
5775
7974
543
4352
870
7334
8089
4039
8625
6804
6772
618
6372
6175
9134
2146
58
2607
6471
6402
7255
4834
421
2510
8404
5824
3771
7508
4564
4477
8855
3268
7571
9097
6129
4686
5415
7775
2235
7629
1478
6323
9543
129
6930
5508
2407
7469
3222
7205
9612
7668
5339
6905
9009
8137
1914
5384
9919
9521
1220
8437
8806
6056
4074
2064
9347
121
3838
2915
1357
9617
1869
7551
7811
1305
7083
7693
5992
8521
3747
8993
7198
3503
3358
1535
2139
6216
6041
6815
2479
5397
1382
1304
6512
4149
222
8366
6624
5924
9362
463
3629
7619
118
9783
4175
8480
9098
2636
9072
1468
3016
2504
7796
1010
6075
9882
2477
2104
4189
1086
9296
7708
5814
983
8968
9664
8820
7080
5516
9812
116
452
5581
619
2492
3454
8188
792
362
8979
5791
5144
520
361
4166
8923
779
3645
5578
4214
5736
3647
7957
8839
8544
9872
2809
741
5466
5373
3879
7903
4742
2309
9011
8670
5991
2313
56
5332
8092
7139
5321
6094
7847
4849
1851
9688
1599
1974
3320
7573
5264
8905
4233
5943
560
5162
7890
708
7701
6639
80
1981
9282
3230
3882
4123
8308
299
1545
4227
2351
9767
7066
7961
1597
4762
2603
6097
1990
6209
3522
4391
2456
4282
414
1309
2831
9930
8771
4824
9821
4875
3015
7528
2750
2633
3669
6380
9088
137
9676
2366
8418
2283
5254
8574
3746
3595
3019
8248
111
6749
5334
2959
7349
3672
4632
8028
9649
9829
9277
7505
3
1238
7762
8343
2967
5343
9046
241
3011
5303
7020
8270
8057
2513
1255
8655
3455
9384
4289
1227
9848
8793
6309
1054
5545
6302
658
2433
6007
5889
1040
170
5266
9087
8594
1351
3753
14
1328
7949
8737
3351
9123
4076
2698
9206
1678
10000
606
9905
755
5683
1030
6269
4401
2842
7613
8600
7918
1021
5215
6470
3339
7413
3283
8181
7763
7387
3200
847
622
683
3165
1580
8082
6130
2171
6453
4760
203
7057
7655
9016
2021
9990
52
2516
3178
5075
5859
9835
9478
7746
7383
5093
6318
4984
4016
5912
9859
7977
8783
7140
2161
119
3563
4876
6165
4193
976
3061
7186
8947
5057
2850
5327
816
6825
9870
3667
1193
2316
8243
5968
7450
55
3330
7913
3480
8493
531
4502
2303
12
9537
603
9701
6034
1179
6183
8511
9774
9352
4327
4096
5216
2238
9488
1848
9613
987
657
4164
7599
3484
2037
4364
6900
5156
6258
8837
1196
4246
4414
1590
5429
4111
7979
8730
3142
2295
8272
1651
9944
3483
2642
7989
3359
4691
1001
8932
5786
3430
3038
6307
4020
2506
2250
7454
3768
8222
3544
6711
9652
3780
7497
5452
1652
3347
9223
5243
8562
8610
6083
5055
5090
4066
1408
5193
8620
2733
3888
718
9806
2744
9127
563
2917
5985
8843
678
13
3181
404
8831
6659
8583
4735
9092
3282
9842
159
6897
8026
2971
5133
9188
4604
8798
1163
6587
7549
7077
2425
4307
3273
2493
8791
3973
2558
4144
9483
3818
764
5928
3432
1833
7438
3819
377
4725
5682
6443
3568
4932
2127
1993
6674
4054
551
7937
6304
7027
5029
5837
1485
2467
9052
8536
9991
8027
5798
5679
1584
5484
3847
5268
931
3150
6395
8191
4815
1395
6203
5966
4376
5855
9752
7657
152
2747
5570
8988
4008
2936
9453
8946
1875
1352
9387
5128
1929
7364
3361
8503
1551
665
3172
7688
5400
3296
8106
754
4790
6524
7111
7626
6150
5278
4827
8940
5553
8314
5176
8870
9289
1755
6584
4229
9679
5213
2490
3375
1110
996
3560
1633
2748
3459
7310
6922
9532
2946
3390
1631
8663
322
40
8982
2103
9606
5232
9737
3710
4950
3943
6038
208
6690
541
4865
7834
6631
2097
1076
1062
1665
6941
7773
3476
2400
1912
4231
9292
3210
2231
3635
800
4339
5909
1416
7734
7243
8794
5948
9063
3410
6446
1273
3059
4646
2849
1845
9406
1016
7889
6261
7733
8078
9374
1333
9505
1591
788
4315
7828
8886
6738
6876
9099
6473
2710
6114
1723
9572
723
1605
7124
1311
7574
3302
7760
9091
1812
4903
8710
5614
7279
73
1807
3342
4355
2183
4261
9344
1376
9448
9409
6955
5149
5049
4228
2473
3929
5069
1498
8296
6180
7384
1610
5763
9423
156
9855
8986
4115
3067
1406
4982
8032
1628
5228
9605
2587
8221
3120
2059
9349
881
9598
4475
3045
1145
8542
2796
3790
9080
4042
4203
2841
2371
244
2241
6362
1093
9357
5561
1907
3152
9226
8353
184
3208
1542
2191
999
3608
4510
5296
7352
9471
3788
8293
1899
8598
7379
4995
6582
1487
7052
4129
1248
9130
956
7623
2968
8036
3745
9630
2614
3542
8611
3332
2524
9145
580
8416
2650
2428
8079
7242
5239
1556
4513
827
628
3859
2350
2075
3721
5897
808
9327
2791
4853
4553
1797
6551
6945
7189
954
6107
1277
9443
8718
4146
7998
9060
6938
2576
7446
8435
234
1528
1492
3232
7518
7471
459
5713
1338
6254
9033
8814
2375
5165
8726
4232
5740
9120
5091
1925
4581
7183
7650
2950
7329
6863
9604
6513
7470
9321
6610
1703
5977
123
6324
7231
3762
5600
5398
6806
8311
6401
5821
4349
7871
2860
8088
6330
8688
549
9447
8309
250
2872
293
5323
5846
5616
5348
7220
4633
3660
2723
6953
2460
4248
3889
4430
1737
6856
7116
6445
8262
4736
4733
3257
7919
3306
3196
9594
3100
2962
9326
1107
2261
9148
8408
4812
6731
9020
7669
444
9170
9965
9849
4040
6178
1942
2277
9150
6226
8286
6869
5532
6281
101
6886
3382
1662
6074
8816
6219
7503
6753
5845
3683
8871
6415
7135
9840
803
6672
9110
8428
2322
2279
4409
5758
7821
3577
9316
5244
9263
2296
7781
675
98
2266
1216
8018
7683
9937
8549
5021
3349
4272
9984
6774
5732
4077
5746
9972
7069
4466
7774
7197
3674
3066
4075
8694
9058
4512
9902
8902
2397
3817
1909
1068
2125
7256
9648
9686
8911
901
4288
9731
7590
3138
9639
9637
8945
2022
7568
5450
8417
8319
831
3129
5730
7013
2871
8453
4702
878
8824
5605
6862
2913
9094
3219
4484
9908
8958
7976
3064
6146
5667
8666
2722
9697
8301
6368
9365
4036
1019
9757
775
4527
3058
796
176
3168
9947
9388
630
7747
2616
7401
2706
6696
9844
8915
9197
7705
1636
7784
5876
4380
2654
6714
6652
7081
501
470
7644
8838
85
3161
7802
3420
1692
337
2120
2615
174
151
8996
6673
2140
6618
952
8516
4378
2555
9672
4348
6723
6592
4114
4269
5105
2101
3205
9961
8250
4295
9350
6077
1977
473
1295
2896
4002
8111
9950
1169
1203
1747
7137
8847
487
2537
3481
9766
538
6575
3118
5871
51
49
4457
2677
4726
2452
7457
9208
1926
2586
6783
7204
8093
8750
6546
7167
7810
3744
4045
7215
1693
4207
7430
4276
1239
5558
9956
2003
2754
1867
3143
4081
9040
9805
6108
3652
3580
3048
7039
6629
6028
2057
8237
7036
6864
6099
6504
9982
1621
9693
8012
8863
8842
2788
5219
4523
2326
2768
8313
7602
3482
9237
4819
6779
5304
2170
8485
6200
7799
1986
2551
5253
7511
5309
8910
2211
9976
406
3873
2040
1777
3653
9838
3284
9006
149
7275
2436
4541
4925
6501
8254
1251
5095
8053
8332
2533
7965
5793
8344
7004
8038
4637
2367
3334
1245
3126
6875
1160
2876
3590
4998
2588
3729
2148
2327
1469
5079
6760
2546
8928
3688
7566
682
4533
2515
5929
1626
8451
2592
5560
6668
7312
3840
2994
1287
991
5440
8475
7978
2481
3463
4141
3957
4591
576
4029
4956
5146
1733
4047
3706
8330
951
3362
3631
5964
4041
813
8815
2202
6140
5224
9186
5370
7817
2679
934
9461
7809
4537
7360
8413
6042
4520
191
4068
4374
4467
2343
5478
6002
2454
3155
6583
2209
1650
5953
5939
4711
2658
1715
8652
2342
2880
7988
5574
4469
1092
6880
5233
6047
1918
4297
8120
6778
8391
8131
2668
5803
1606
2923
1859
6503
1259
2663
3000
9192
7000
4707
7880
4551
4314
6133
5749
2368
897
2117
978
7585
4829
2771
5642
1761
1503
5733
6086
7824
4280
6957
5402
4400
4958
1104
4596
2760
8220
1189
680
7064
3213
2882
3917
3394
8073
8908
5426
4837
1669
417
9917
3954
880
4440
166
177
8466
5596
737
9720
6392
5043
2272
3877
5668
5618
5621
7335
8412
9381
7419
2863
8896
758
3697
9817
8763
1529
3026
338
5800
4954
738
7286
830
6559
1658
745
9312
6593
197
1029
3730
7950
342
5154
1457
2820
6071
9096
1955
6348
6001
3044
9212
8674
8768
7170
15
2538
6709
375
3010
785
2970
3329
2149
8926
3089
2611
8795
9576
6746
4648
1957
6949
1976
2935
2007
1581
2836
8745
4249
9484
7437
1059
9366
6563
7108
938
4808
1435
2236
8059
2319
8345
9224
1061
6359
3387
4624
8470
8690
7887
2466
5756
2688
1781
9969
160
641
8531
4142
8337
5302
5438
99
4130
5039
3570
7050
5627
3450
5490
9641
2432
9878
5048
1286
4007
5649
4770
1038
6666
7067
5805
4689
2965
5847
9173
9285
1139
3217
8584
1717
7008
7593
6837
8556
4780
1694
3896
8697
8753
6350
5999
7724
7412
2695
7032
1824
419
6213
4268
2289
81
5271
5586
4337
6488
2265
17
2785
3561
3989
2730
9513
2894
7272
8149
4701
7715
4750
5173
1217
4589
5372
582
1720
2508
5742
2582
5816
7963
3969
4120
9579
5539
6944
7309
1156
8273
4383
1624
903
4782
8074
1105
8198
5305
1361
6336
6198
7313
3965
1911
7321
7634
3787
959
6032
2297
9712
9422
2549
5663
7744
6816
1266
2453
6578
3457
2749
8658
1643
6085
945
2444
3622
6891
652
9568
9143
4181
1878
7357
7073
7138
2819
4313
9677
2462
3293
4460
9147
7400
2443
4698
7120
3124
4550
7206
633
253
6632
1852
942
6014
8415
923
9682
7217
1102
7473
1402
8405
5751
6364
7946
1647
1008
2518
3494
5639
5567
9554
1908
1763
5515
820
3399
2486
4112
6648
48
9734
6733
1675
3904
8662
1954
7967
2757
9075
5380
4563
1325
5180
9331
2562
712
1
2662
7612
9469
4786
3538
9777
2142
5970
6229
854
3121
6207
8127
4094
5234
7230
2212
4571
2673
3203
3062
4771
1440
74
2122
8375
6222
4863
1783
611
6385
3638
457
9129
4003
3757
4890
4761
5551
7068
5140
440
7604
4961
62
5923
6106
388
8039
5864
7985
2336
1616
4470
7304
6834
4382
3890
3867
5884
8264
7876
3783
9880
7984
441
2147
9811
6713
9458
3119
455
992
6561
1655
8341
2165
917
1951
6299
9286
5076
7005
6044
9945
2885
2815
4017
6251
4456
3856
8893
2741
5997
2302
3532
5051
6230
4292
112
3271
4119
389
6303
6160
7293
786
6477
8370
2151
4579
7742
252
7921
9057
3402
6480
7570
6185
2347
2890
5772
7397
4341
8528
2118
3055
6291
2833
5068
3798
8429
3980
8882
8859
5488
8885
3731
4968
5475
4336
5473
8646
3343
3317
5559
9389
1070
312
7336
3637
1973
7916
3354
4379
7475
8384
9911
8223
8247
6422
8401
5004
1609
3195
1072
6787
2598
2069
8258
9151
3828
2716
8327
9928
4845
3997
7558
5457
3279
5571
9487
3821
8021
70
3214
2025
751
1873
1477
5754
6388
188
571
402
3137
7588
969
5657
2156
5673
2304
4612
9825
3167
8738
9202
2647
7040
8034
1724
9852
6685
3799
5279
1490
4870
1630
5202
9957
6517
1472
9141
5989
9180
6468
1769
2731
855
3325
8224
2424
30
1186
2048
9402
6642
2291
5412
5023
9235
5362
4293
6363
9290
5689
5179
3794
4184
1739
2864
4864
7540
3326
9435
5729
7827
190
3224
8061
989
5529
4155
2653
6817
7472
9828
2922
332
5110
1348
1374
2177
8326
9039
1704
8981
873
8930
5291
5735
9857
9634
9262
4351
2798
6284
5391
1524
7813
3846
9191
2552
6134
6210
9899
6009
4275
167
4172
1278
6438
789
4854
5502
6101
2926
997
8125
7858
550
3278
9118
5720
8316
2268
6498
3619
4666
7826
4406
4266
6549
3397
8660
8495
6617
1639
2230
9164
7023
5874
6176
5690
9459
9353
505
647
2136
336
1966
9719
3132
2640
6442
8000
2797
2715
2092
3193
8956
9744
3793
9308
6436
2853
9691
1598
2764
2352
3751
5172
3300
260
3944
1970
5242
2852
500
8294
6268
8414
1114
5437
4712
3864
6
4138
7351
8362
1697
5229
522
7707
2357
960
4065
1120
2138
6923
2781
9646
5102
5267
8809
6852
4647
2838
3546
7402
4743
9971
3009
5041
9152
6170
7378
5153
1085
5148
7399
1705
333
4866
6671
9050
6490
1438
2643
2213
7055
4937
3575
5295
1660
9544
1587
7223
6602
3424
7897
5030
1790
1531
5810
6491
4340
9025
311
5272
495
8168
3958
8877
7765
874
9358
9685
1373
7980
2660
2844
5748
842
4669
768
5381
6942
5860
2204
1834
1036
720
8712
1175
8133
3633
3073
8300
4436
4442
3148
4558
7100
3791
8624
8156
1367
7041
3369
2365
9644
4644
646
10
6343
4432
2108
9182
1025
8449
4419
2383
2399
731
1252
4663
6537
4124
391
7173
9703
5131
7640
1530
8259
6314
7941
6266
9070
4100
1557
486
3717
4739
490
7427
5765
1409
6567
5762
7143
1112
4489
2280
1178
1625
7541
3766
7485
3269
344
4664
4389
4687
2063
2972
7199
1187
7652
8711
8716
9503
8289
8969
3558
6623
4789
2655
4655
4781
4271
2006
7892
644
9674
182
9178
726
1035
3292
6276
6212
4933
5584
5635
4030
6931
2162
3869
3995
8202
5476
2701
7363
4832
3598
1738
6580
9557
6066
1384
9301
8463
154
9711
565
8822
7690
1144
3180
7649
2391
7188
9181
8501
9912
2398
3893
2525
7709
7513
6125
2596
115
9996
1334
9221
8464
4628
6497
4599
600
9943
4547
3712
3910
5833
2564
4718
8084
7501
9778
4749
3157
4259
2997
5261
4026
1901
8766
578
516
8873
1191
4058
2594
3956
5421
6845
5098
7556
8085
6102
2556
4450
6153
9923
2155
1137
150
9394
3982
7162
7548
3517
9213
4809
5619
369
6992
3772
3392
7122
2746
9751
6282
1932
3862
6805
7749
7238
6060
6660
6890
7490
3903
7808
9769
3162
5550
7002
9591
1231
8200
4080
6870
3885
7118
7740
283
9267
5187
655
9252
3999
3431
130
7267
521
7391
7685
4452
4601
1691
2065
1537
2709
5896
4813
5646
9593
9504
9580
9793
8263
3082
5404
9966
9077
2497
7325
349
5944
8868
966
4807
3274
8970
3564
7971
2999
5019
1404
4468
7072
3807
9797
7772
5875
7271
4116
4473
9121
5456
5524
22
1462
3985
1483
6186
5379
4557
2692
851
8616
2086
6154
9269
8041
8042
8920
8339
7250
9076
5044
2651
6026
5655
6189
910
8377
5771
1410
4319
9964
4757
7689
2661
1604
2834
6439
2638
2758
5196
9851
4710
9588
6457
6752
6264
2590
9168
3694
811
1249
9666
8861
1809
4346
3988
2
301
6354
1459
3513
4916
1202
7154
2578
3626
4626
3412
5139
6286
7327
9553
7812
3939
5757
1098
2195
7372
1603
7386
503
8787
2675
2041
8487
5585
6259
8387
3037
8721
1830
9036
3881
3690
7035
7058
2031
5549
8277
7365
6570
3135
4001
9556
2928
3018
3654
5189
1090
3384
2480
3425
7534
9089
7232
7150
5719
3376
7780
1083
5010
3624
6781
7663
6925
2502
4239
3604
4915
9667
4048
9035
59
3083
4904
8394
6675
8906
919
9138
5760
3685
9602
8077
9179
2079
7022
1876
8322
3388
5573
8121
4597
6421
4492
8580
8189
8638
1451
7407
8213
6793
5973
2489
5230
9479
6475
871
9574
3220
3781
9004
4388
6391
2270
5727
9457
1962
9113
2077
5136
8279
5240
69
9288
4260
982
6311
8830
1130
1480
5006
2539
7672
722
636
1176
6688
5747
5376
8818
1141
4905
7881
1601
6695
3087
9958
2875
9755
9823
6514
6641
2349
6601
1750
6054
1826
7697
1687
2933
3603
6689
268
7841
4049
9436
2613
5420
8176
1058
2157
460
9909
902
2124
5967
3159
5422
2219
2951
6873
4614
5270
9090
1681
7201
9967
5054
1657
1180
9750
8201
2442
4653
5796
8439
5061
3868
7362
44
8605
8148
2801
5276
4588
6748
6273
8447
5969
106
3970
42
545
1806
7677
9294
4204
6636
3806
2409
3940
994
1456
3684
8409
564
9003
5603
8720
9304
2450
6156
2901
1422
3075
1115
1079
3360
7178
6976
5835
5797
8858
7594
613
5116
6533
4046
2517
2903
9051
3160
7429
2755
4907
3860
1820
3760
9993
5413
4167
621
4708
6887
5120
8784
7562
7380
5993
1534
1773
7782
5711
509
9614
1853
9275
6717
1517
2770
8647
3802
3891
544
5563
2740
248
4244
5522
6055
2851
8990
5557
7958
4426
689
6416
9169
8773
5809
5582
4892
5848
588
1364
1661
8395
4483
310
8508
5461
7915
6221
4929
1171
649
4803
8346
2189
7489
8803
1432
7121
586
2249
5698
1257
2870
3614
8003
2665
7783
9207
5406
148
2133
9608
4011
3199
3022
9846
8944
8241
7785
4459
8537
3406
5832
6017
821
4759
8797
1948
4033
6040
6179
6332
7861
6848
3077
6529
9668
1649
3719
4860
9960
9490
2550
1476
6984
2644
778
9015
1897
4814
9989
2340
6301
4980
4255
3440
2610
4561
209
9126
2476
4683
3935
668
5072
3607
8139
6694
4446
1575
3875
9713
2317
892
862
742
290
7807
4158
79
8271
2664
8138
9992
3998
2929
9391
2782
2938
5185
9390
6971
6967
8641
5222
1967
329
124
6785
7893
6191
7025
5566
5873
4134
6562
4987
747
5517
9743
3830
1771
381
5701
7857
2314
9305
1136
7300
8833
8668
4215
5527
6015
5925
1195
6692
8538
3691
1850
810
9247
921
6103
3012
4328
846
9740
3732
9853
2652
1306
2335
4583
1798
6830
438
6604
795
2458
7591
2058
4675
8390
4433
242
7374
7535
9032
3692
3916
8267
9454
1666
6109
5703
2199
849
8708
7488
8291
4816
8637
6431
5811
6913
7839
5031
5357
7136
3049
343
4127
8585
4511
9450
9953
2182
8460
8702
3924
3930
4751
4783
5724
5700
1282
3074
1614
4928
4316
6329
1379
7163
7285
8147
4052
347
2883
132
5677
1828
5124
9044
7526
9877
5766
3322
1298
6398
9161
5755
4250
243
4126
4621
9910
1611
7956
1164
6520
8734
3171
4775
2724
7662
2339
1595
4993
5286
9929
3785
9920
6987
7674
5718
9445
9297
2931
1689
3156
8973
7180
3295
4396
1129
5085
7377
5911
161
4421
8456
6858
5460
5431
3777
1903
8249
4500
9155
1037
4152
2023
9038
7702
4494
7433
3466
9690
1372
4857
1835
3676
3163
7371
1433
944
1331
8575
3447
223
297
9566
9717
2000
6621
8369
4957
4333
2062
6697
5647
6434
4490
5340
5987
7026
396
9915
6808
1094
8568
4810
6871
5505
7388
7337
6541
1385
6202
9378
3616
1434
1757
436
3485
4697
4826
9632
4024
5919
7257
2891
6983
556
772
3906
4201
3547
378
7843
3085
6462
2395
7537
8481
8617
1732
2483
6295
6081
8543
9584
8974
7554
9425
9888
9786
2341
8114
7561
6728
1874
9187
7095
1965
9970
9522
4650
7003
7369
3733
7307
9246
7240
5604
2264
8350
9983
8385
7952
5407
777
1816
3728
6190
2514
9112
6489
7933
3355
2784
7237
5915
3880
7345
3378
8632
2649
9253
861
2084
8900
8878
2002
6124
2641
5802
5781
528
9022
4568
6172
1632
2756
5806
8845
9232
2669
4407
1987
3976
1198
4028
5449
1702
5609
8363
3754
3925
5863
2320
6016
365
4245
4991
7114
4405
1906
142
3046
2943
7299
8553
7636
7160
3955
6294
2609
7600
3520
4836
6369
3720
9551
4461
4092
4727
6849
8357
4671
9322
5954
9645
7174
7997
4056
3187
6684
2005
7381
1261
936
3749
8129
2463
5823
7996
6961
7864
4090
1272
8398
7713
3574
8454
4544
3892
6777
6721
3583
9427
7557
3651
5521
1953
2974
5904
7717
9274
2678
6950
9514
8604
6333
8434
3530
6231
6557
5996
8252
4909
3792
3460
4539
1540
4746
6406
403
8307
3870
5377
6761
3312
9230
3826
2188
6765
935
9771
3501
1888
5074
117
5780
9773
2029
466
9741
9803
9284
9055
7281
1327
705
3336
6050
427
6920
1685
7155
1849
5495
1673
6298
8709
8679
4818
1645
848
2623
3627
554
1170
367
2898
6111
7445
5555
7816
8781
1560
3179
5378
6935
7043
3773
1617
5630
7895
7764
7664
9871
2288
7795
963
3086
3769
6508
5714
639
4590
1506
6800
625
697
5147
3202
1097
1017
3147
7326
1134
877
4234
1246
1491
8260
6670
1716
4000
5073
2468
8777
3368
187
687
9636
4690
8566
6543
6072
237
1210
2919
8145
274
1695
3515
7320
6105
5200
8504
7168
6410
2728
8225
7632
4107
9801
1934
8659
3680
294
3403
4799
8239
4342
8786
896
229
2778
2717
2394
773
2080
9994
1458
3428
3247
6484
8593
3231
1725
3236
5167
7681
4716
19
4359
50
8719
7539
4499
6655
3535
6238
2076
4106
7579
1654
7333
8874
7498
6339
8094
110
8076
6734
374
7417
5868
6005
201
9101
648
2224
3051
4872
1229
4573
7282
7529
1296
7630
3307
6850
7596
6613
9800
5491
8091
426
7718
4037
2823
7187
640
6277
6168
1554
9526
6904
318
7759
141
5935
3784
620
1825
2388
6625
8864
6633
5511
8921
914
9549
9795
5364
7902
3054
4185
9144
2837
4357
515
8587
1927
1774
4862
9833
1772
9538
8183
3212
399
5706
3437
2939
472
3068
8192
1256
6919
5181
4888
4868
1014
1794
9325
5784
5389
9540
265
7306
9012
753
4659
8324
2034
8399
6522
1294
5494
6435
9299
4879
5931
6851
7346
7862
7908
8006
9417
9467
1073
1232
8064
7803
8506
9404
8698
7700
5018
4097
3761
8953
4044
221
8994
4122
8976
5528
1147
6767
3488
5901
7962
7771
3136
4140
7620
5360
9491
5315
5197
306
6991
395
9444
7753
1299
4482
7966
5914
7102
37
6455
7553
3020
8752
323
2275
3990
7787
5503
485
995
9315
7694
8907
5322
4060
7222
8935
6460
3134
8002
1224
6619
4361
9550
4108
4416
8197
762
781
9429
2794
5687
8834
4546
4620
6419
4151
9215
3518
6874
1746
7395
4013
5113
2581
7290
1709
4835
4681
7030
3586
7266
3534
4296
780
3861
1009
8261
8119
6004
3618
1486
5881
1924
1711
1827
2214
3080
6248
6854
7797
9154
6832
8354
2599
1131
6181
6225
7882
3974
6345
8242
8735
7086
9251
523
7280
9618
4480
5776
4723
4443
510
5726
5712
9565
5768
1000
1089
8122
3937
6012
4902
9376
169
1140
2540
8609
9986
5940
8203
8591
3569
7287
9093
3218
2221
1082
8507
770
4976
9585
3251
2110
2419
1201
6195
8597
3340
5080
9166
272
1670
6906
446
4942
2751
9507
9311
3550
5937
7506
3803
3304
1504
245
5512
6454
5014
798
1501
2617
183
1730
2735
1258
7044
5926
6743
1980
1380
4160
488
3994
6413
1600
9832
1411
1174
9802
7912
9822
1181
832
7682
9462
9782
7029
8101
5523
3056
6235
5617
2591
5210
7639
8560
9132
5256
1350
5410
1039
9363
4724
615
672
7153
3452
7340
9548
7423
9482
3341
9680
7152
32
8276
3453
9149
6433
1003
585
5336
7658
5541
1905
9261
3605
5198
3726
9250
9546
3755
9023
2888
4830
464
3106
9371
3992
6829
6092
5638
163
387
4921
8512
1885
7676
7565
3549
4441
4517
9569
1708
7576
3385
555
3101
3371
9128
8603
3507
3112
2886
4748
334
3639
8383
8770
364
442
308
6196
7940
3331
9198
4474
6193
8810
3923
518
4538
2571
804
3971
508
4218
8628
7228
9535
4435
7331
4600
532
891
4752
7012
4429
4747
4454
1831
90
2830
9418
2323
202
4413
6589
1066
7015
217
8648
3701
7368
7587
3713
9756
5366
5330
7667
4805
9054
6523
1679
4014
2200
1100
4375
2184
3337
6361
941
6680
6317
5064
104
3287
3154
1318
2694
153
9442
688
3259
669
6754
3931
3993
1302
7670
7406
6250
5328
9433
3812
4136
3572
7227
6552
6137
4674
1335
4285
5486
7101
5872
1519
2446
2098
8762
7633
6526
614
9913
9562
4464
859
5479
6803
9167
1895
4545
380
6608
5577
1917
8558
6062
7939
6764
3853
2315
1768
7870
7680
285
1276
7263
3033
4728
7935
6338
3833
3725
3708
5513
1522
7079
6877
4567
8649
8144
3666
8760
6795
3245
5285
3400
3678
4911
6985
6326
448
7148
4722
291
2708
1515
38
1184
2380
8142
5636
558
2608
8665
5903
7103
429
651
924
9995
4613
1525
2485
1063
3487
962
4584
5857
2865
6127
6910
2239
8174
1055
8044
7195
6645
7879
4649
9892
4344
1407
401
8024
6801
481
6682
5965
7929
1494
1423
2632
502
2579
4168
9174
8017
6542
8854
4329
4530
2469
2944
65
1391
9214
1032
8287
7519
3551
8170
4497
9492
5830
2001
4088
6098
6756
4656
105
4023
9781
535
7305
1455
6972
5060
330
5652
4989
990
5695
4085
7129
9083
1890
4478
6144
1417
9736
6702
4417
8440
5138
2802
9616
7524
1619
4162
5394
1567
8606
7825
6003
5493
9761
1588
8302
6799
9998
8633
684
1071
494
7586
7477
9441
9272
8489
408
3715
1541
9985
2072
1838
7125
4069
43
6158
6759
3786
9745
3612
7660
7259
9398
9642
1802
5854
3915
2906
9951
2575
8860
3364
1300
2332
5693
2401
7426
7431
6576
6166
4528
314
7097
6558
3703
7727
6534
8253
9217
1532
6481
3166
7656
4004
9977
8113
5994
2501
4796
1369
1753
4043
4605
7367
8743
5774
3661
5865
6312
9858
