10000
3463
6236
1825
8951
9312
2917
6676
505
9897
1439
3974
204
1138
5254
1721
4624
4913
5235
9177
1967
7387
1726
3483
8771
5232
8294
9608
1775
1871
2862
3782
6878
3086
8464
2546
1071
8651
4500
3913
2078
4750
1476
1861
2004
5073
6695
4329
857
2072
546
2138
5123
9105
4458
2586
8918
1944
8123
2369
1776
9728
8
9630
5345
1260
8808
5054
1277
9202
809
3431
8478
8299
3537
511
7954
4134
4048
3303
2839
8557
9912
6966
4804
7185
4119
2539
4782
7567
9360
1052
6116
4485
970
8125
1669
660
3015
3711
2199
3131
1063
7842
8476
5564
6451
7912
835
1990
4851
4072
2374
8646
29
1441
9540
1912
2763
3713
7083
6287
5600
1089
5127
1606
2857
3994
3959
1129
471
8481
719
7196
6428
2554
3976
9749
6711
306
4003
8176
2838
1351
6352
3858
7873
9212
2925
8126
1269
4627
2203
4233
3405
6338
5500
1236
2553
4004
179
2849
2665
7601
8425
239
115
5349
9633
5851
1265
3735
76
6263
5489
1294
3702
6176
6905
123
5288
6422
4111
5588
9131
6876
8177
3447
2625
4363
7756
7421
629
3369
2924
1287
8762
4058
9357
1482
5161
4916
412
7364
7555
5805
4375
2686
3006
3454
225
7808
8277
917
5794
3705
2635
5431
3770
9900
6490
4425
713
6483
1530
3503
2240
2841
5389
5626
9342
8193
5769
4209
2604
1578
396
5271
378
5607
3935
2411
6180
3896
8353
1891
6166
9434
9208
900
6321
7852
1347
2620
6632
2120
3507
8492
1069
5739
1742
3491
2449
4031
510
7134
6716
1748
6884
1585
6194
4666
8741
8031
8509
3708
2540
1137
6904
991
7067
7517
6027
9690
2638
709
5144
6441
9288
5660
1447
7922
7373
3152
3230
1092
5812
3715
2243
6880
6996
8758
6434
9241
5432
6101
5040
4077
2705
4968
7905
6424
5399
1268
2023
911
3539
8298
5193
5046
4805
3413
4746
4246
2923
7967
6690
5515
6508
9620
7139
7866
4614
4084
6355
4147
3357
9452
3102
7155
157
9158
9716
5734
5371
4218
1510
6791
7151
1243
4320
7720
4284
3623
6348
7270
3741
8667
8581
6572
3787
5686
9277
2634
3980
1227
6449
1516
3688
834
8048
5074
7731
4625
2587
8879
8310
3224
293
463
937
1508
4698
1388
1890
8924
4388
5199
2218
2119
7531
518
159
155
7547
4945
3667
8348
2071
6280
2044
8594
2795
9681
1339
597
5466
2581
421
9022
2298
8656
4086
8486
1293
16
5774
7290
4403
4399
4785
66
265
5907
170
979
7412
7743
6477
4931
8533
3110
8512
6106
7659
1387
5656
7377
9100
4989
9763
3247
6525
1914
5664
207
5624
2547
9558
9403
133
202
2272
5554
3542
5079
2028
7689
1135
2377
3222
756
7452
5388
5764
448
8471
3354
3330
9575
7273
5207
205
6937
9206
3649
4694
5284
4901
5580
3472
2788
8417
7119
9811
9097
1335
5278
5923
9911
7635
3165
447
2366
4150
7469
53
9116
9938
9234
480
5355
2672
2748
6575
2435
7287
8548
5542
4184
9980
1576
3246
3556
3178
8747
7021
1215
5967
4889
9694
4221
9136
7282
2002
8910
7730
4741
7820
8612
2615
4819
5241
4778
8576
7162
2943
5746
7779
690
9081
8282
576
2444
112
7036
5132
91
4244
7624
4925
541
7867
4149
540
1569
4673
6746
2627
4484
9702
7788
7305
1943
8437
5909
1363
5121
8367
6494
5684
2217
5027
2829
8483
6571
6254
1322
8679
1991
8893
7280
9373
6892
7033
9939
2472
291
4099
8199
7201
952
5340
2069
9364
5277
2652
8406
107
2350
2709
3999
8383
4471
8828
6827
877
4205
1125
5533
8259
5062
435
4073
233
8270
5478
3940
1855
9729
8602
3569
2942
1957
5245
1364
4527
861
8401
3973
6526
434
8429
3997
4643
3292
1874
305
6748
4613
8540
1604
1685
1037
7886
1546
362
3257
776
2845
3253
3033
9785
1393
7724
3932
1980
1225
5177
852
4386
2396
9612
9314
6242
9850
8934
7778
6406
81
4270
5336
5427
642
4648
3964
3633
636
893
3704
8500
2685
7640
7039
8142
3105
6577
6729
3952
2679
5417
6780
603
7592
3038
6075
4069
931
1611
9427
1762
5891
8080
9049
252
5488
927
3065
7540
2619
3374
4745
7095
9616
6882
6908
6982
190
9637
9469
9715
387
4054
2713
587
9369
8072
1296
8035
7762
5328
2643
1940
8674
6630
472
7694
3698
3041
8392
973
6621
6315
3377
8222
8071
9291
8887
4983
1095
753
1581
2127
5452
3485
8553
7533
8338
9955
7118
2600
8562
5029
1446
4636
3055
75
7401
5834
6800
7684
6561
6433
2339
3047
1791
2315
4705
367
1248
1755
9464
993
2591
7025
6086
6476
1864
240
1151
8619
5984
3789
8542
864
8172
2910
3647
1201
4381
606
3355
1204
6516
5259
9149
1902
675
5392
1022
6679
6473
8963
4631
3
9675
4755
3087
2654
4996
3003
7584
6438
2113
5461
5807
4251
2297
8327
6618
883
2809
7620
8139
4836
2770
4601
1988
3963
7871
9130
771
9456
4589
4641
277
2163
3815
932
4219
9905
1308
2242
7711
6178
3502
2889
7988
3054
889
3179
275
7868
5810
260
5822
8395
7898
7821
1708
5519
4419
7281
496
5344
4545
4074
4488
2853
3313
9550
4692
680
5622
95
1013
2501
9151
2888
4715
8990
4818
6759
7887
9479
1568
4113
4240
220
6387
9883
9578
4578
1195
4854
1038
8543
7928
5738
8912
9953
3993
4206
6631
20
1572
9559
422
1999
402
863
646
7375
9330
665
1501
3723
1532
2758
6202
6557
184
9817
8304
7609
4456
5701
2065
6479
8844
6092
3767
1124
7411
1272
8242
7999
941
1852
2332
3862
5091
3898
8729
3129
2140
6359
8084
1984
8170
8904
3617
2962
4009
9179
9273
125
3189
6195
3109
6959
760
4185
3473
4787
2528
3141
6312
4498
816
9848
4987
4223
951
4906
1146
2567
5712
5521
2575
9363
6336
5438
9734
5838
7458
4548
9125
8369
6739
5913
3071
9462
9345
3693
9409
2201
755
7744
5894
9436
2409
9844
825
3930
7515
6117
6252
7784
5
9012
3394
5233
2493
5162
1639
7834
9546
3022
4174
3785
8256
1749
7064
3975
9089
6985
1760
1647
1070
7738
3810
3443
3396
9738
1539
8133
8418
2146
8291
5265
4395
3290
6009
1145
1477
3517
7170
7763
571
400
5507
4338
5381
2702
9714
5197
8807
7960
4261
7678
9073
196
6023
2934
464
4849
3359
1332
2108
7740
8960
4262
6474
782
9167
685
4304
4783
1419
5772
2395
1816
2793
4211
3796
6949
4052
9229
9024
2436
867
344
7980
9864
3298
4389
1266
4932
3578
9951
3665
5924
8007
68
8864
4440
8300
2142
9776
4531
149
6963
437
3309
3504
436
3844
7164
2322
151
9042
8663
8597
8211
2309
6816
2406
9513
9892
9652
4656
2481
5900
4082
2576
8701
718
4546
7314
3307
1319
3510
3036
1830
1205
933
9450
6542
5443
128
4828
8722
4815
8899
7115
7581
2323
185
9772
599
5298
4336
130
9310
9227
2260
4904
9625
558
6376
7183
8633
9404
2983
4228
7658
7998
6614
5673
9593
7091
4511
7284
1884
9195
6810
4280
6309
5019
5497
9868
4132
4444
278
1724
6895
1017
5033
2421
1719
8560
649
7356
8439
6378
8428
4937
8445
2742
1918
9188
5936
9390
9969
9887
2441
5030
4626
6952
1752
1552
964
1548
7153
7755
6640
9676
5968
7188
6777
7633
6890
3040
4855
8706
7198
6802
1462
4984
2064
2691
9033
7441
438
9520
3582
3167
3446
4794
5911
7904
3511
769
7080
3678
8898
7461
2451
497
8043
2842
1723
578
1100
8141
468
1276
1325
5722
1492
1471
4365
1450
8320
7255
5831
1231
4412
8874
5257
1032
5426
2098
3216
3892
944
1222
6685
9066
1408
3607
7599
4032
4896
8467
365
5276
2779
4439
3414
4391
9379
8994
3753
7451
383
13
5092
2678
5862
6548
3044
6364
935
6203
1149
7343
2821
6209
2987
8744
2234
3803
6096
3808
9787
4030
6888
6528
9751
6581
5921
153
5964
8128
9834
9594
1103
7769
1593
5258
5934
8431
7354
1378
3453
6955
1105
1076
8122
3843
6326
6730
7637
2088
961
6718
1024
4774
1527
1461
3639
2202
2999
3590
4026
1684
9107
2428
8672
8846
6015
1080
9026
8042
3128
2278
7319
7574
2767
1706
9549
6119
2805
4786
912
7579
2653
5845
4525
6173
5077
5133
5114
803
1715
9173
6502
3138
2168
1624
8082
1674
7110
813
3053
3625
6485
5929
5087
5292
764
1025
626
2739
2544
7372
9918
5720
7199
6942
6574
5932
7996
5593
7345
9220
2101
2802
563
2484
3285
8817
8937
1672
9286
2757
7392
9441
6261
3583
8378
1453
3107
6857
6226
7726
4710
9908
4253
7066
1006
8498
7864
28
4771
482
6033
859
5048
5135
3530
6798
1377
8767
2601
9781
1402
5338
8867
2457
2846
6584
5980
4899
3818
2165
7418
9949
4087
5938
7489
4298
9094
8521
2744
1822
2644
4866
2022
2
7207
9606
8845
4704
7216
4490
7860
698
9265
7143
343
7335
9826
1245
5013
9777
7797
9425
9725
5661
4568
3524
1306
4098
6899
209
1133
9820
3449
7192
3874
9866
3929
8734
4108
3769
3499
4171
4343
9828
3474
1783
2724
3822
2661
5937
4813
9758
2732
2266
4478
5136
3197
659
4
3570
897
4845
1819
2977
3275
6815
6144
2466
9072
1180
9997
9950
2275
3169
4448
887
3243
5261
1868
9192
1232
891
5000
8940
3739
321
5974
1577
7267
4555
9816
5363
4063
425
6051
4865
4321
8041
2596
7562
5203
8794
3039
6045
4465
136
2186
1011
3493
6111
8653
302
143
644
9141
5668
9664
4268
8628
3547
3595
8365
2624
1870
9636
8523
3471
311
8810
2751
6021
730
2768
9791
8948
5227
5395
1144
7266
2755
6708
9338
8163
79
9706
6148
6461
1053
4482
3732
4323
4651
7669
1302
948
9651
4757
8161
6579
5761
3198
8205
6785
3906
1483
9327
727
358
3724
2042
1920
1828
9334
8591
9372
4384
3903
6158
6271
2680
4430
5874
9393
9825
9422
2430
4654
3470
4480
9468
4059
2549
4647
6943
2752
9601
7903
6832
2357
9157
4885
7094
465
9317
8992
1261
7595
7632
4286
2068
7516
4157
1033
5823
2164
6137
356
5407
7854
1373
5104
2728
2338
3125
9467
2082
9027
4837
5347
6087
1927
3171
1485
236
1905
7137
9201
5124
8057
3915
8079
7791
2616
3533
5217
9674
6332
1936
1440
787
6184
1894
7648
1620
254
7222
6620
8235
2317
3262
653
3430
9320
1553
1244
2118
94
6972
7727
2147
449
1155
2524
2961
735
2648
7687
8913
9642
4796
1906
9146
8262
7992
515
2051
4553
8615
3019
2454
9537
6698
3018
9684
4309
6852
9406
6153
7235
3206
1077
455
4454
8843
7661
4870
9512
7152
9301
4936
3095
3528
591
4702
5767
552
8527
5821
144
6554
9102
3588
6924
9032
1563
8302
5032
8988
368
1009
4068
4726
9640
6172
1640
8279
4954
1887
2504
7346
6862
3760
4091
6795
7436
441
7450
4540
5086
4541
9634
93
3159
8909
614
7299
4749
3000
474
6669
7017
4272
5637
6828
3364
4898
6870
5239
2205
6509
799
6917
797
7237
9335
5480
2007
3977
1689
6031
7248
297
1410
4249
8154
924
5327
432
5639
1934
8069
4459
9979
9973
6299
7913
8983
1668
8539
4712
6648
5890
8632
7289
7875
1873
1977
201
7894
3628
3375
8705
5160
7223
7812
8608
2650
3696
3270
7180
6921
9129
5876
8579
711
856
7709
4192
8039
5916
6241
9957
3886
8389
613
8550
8004
2936
750
4956
2854
4367
3469
878
4125
5165
4992
1460
7764
9257
4011
3765
8786
2052
8285
2249
4831
4210
7244
8217
5801
5617
5596
6462
9829
2296
2037
3981
7121
6164
3119
8685
6163
9153
7161
7384
2180
4700
6307
8499
7789
9591
2717
7238
6599
6591
41
8634
129
4421
3920
8237
1292
1334
255
7840
4742
5379
9214
9388
9000
221
8400
6437
5646
5848
1119
2300
6160
7933
3870
8362
6411
9193
5220
6071
2482
641
2276
7484
512
9020
2651
3707
4497
9350
8444
9764
9525
3680
4806
6558
5156
5538
3730
8245
466
6566
271
695
6633
4043
5559
7958
829
9508
1382
4566
4646
9875
6217
9017
3034
3832
5185
3852
3481
70
1015
8942
1479
1491
7459
9019
7610
7914
9529
5915
1375
2557
3254
3895
6240
8811
9869
2177
2880
6552
3332
9023
8806
6440
9824
9067
9123
3987
8052
6597
8377
7473
9533
2733
2386
1115
5009
8477
8435
7485
186
5986
1199
3610
1112
4168
3088
7058
1937
7031
6130
1713
996
4793
3634
3626
2958
8315
7977
8713
2785
4603
570
7849
4550
8876
7138
5947
4565
7851
1629
3421
5859
3788
9881
347
2871
5138
5244
2407
5732
2102
9459
4486
9061
7590
7206
1573
6717
580
5382
862
7816
5798
3559
1046
7388
2262
3902
8588
3699
6167
3026
5403
4300
2831
8381
669
1514
7455
6527
5511
4461
326
5695
1888
5635
4472
2085
8759
1153
602
954
4194
707
361
475
9124
4053
8238
6159
4841
688
3153
969
7313
5319
1843
6549
6174
9888
3847
9931
193
2287
6858
1790
2810
7480
620
9646
4291
3850
5842
4176
4316
6498
4534
4102
2075
7467
401
9619
2960
5429
9649
1913
7288
9025
7643
4414
9331
6897
6538
8387
354
7986
4810
8116
8026
6341
1429
1286
7551
4721
5072
5683
6248
5396
6740
6243
7023
4160
3089
1697
4346
1922
5422
767
847
2254
739
4196
1518
7395
1291
1420
3238
4354
2239
2938
9120
708
1435
8408
6702
8207
5773
7179
5883
9717
2122
6600
4734
6157
9650
9959
2174
8354
7591
9290
2195
3305
8077
8964
2291
4939
7086
547
9420
6662
2658
7586
5005
3320
3276
3681
8790
4575
5962
4337
8916
8344
7772
6948
9007
5311
7431
1219
5094
8751
9551
2727
574
3077
870
2716
3725
4507
9898
9696
8059
981
5546
6867
3955
6755
4539
1318
5219
4334
6182
7167
3093
8801
678
3965
2318
5184
6232
5451
174
7732
3459
4779
7576
3804
1506
6325
4759
430
1344
2895
9253
7202
7027
4639
5076
1540
1941
7322
8575
5585
3971
3543
8214
8596
5164
4962
5528
5754
1415
1603
1924
9122
9944
6297
2636
5759
5137
3604
1515
7088
3845
5524
8453
3424
3587
8405
9727
4165
6714
8726
2121
8165
1337
6104
3341
7340
9251
7786
965
5689
6408
7850
9454
4892
2530
6962
4050
575
5482
4612
838
6501
9280
8761
2884
9975
9726
6006
9411
880
9771
3144
4260
5942
6335
4463
8647
2832
8363
1449
2241
3013
4006
2443
4736
8822
6930
8075
6429
433
3239
7583
1707
2827
7477
8473
1191
7357
6696
2820
9592
6283
7061
6245
3066
8730
457
5537
7955
6135
6264
7915
791
8681
7063
717
2371
8434
9336
317
3640
7423
7358
9567
6855
6001
9800
3177
8998
759
551
6875
2602
1644
5475
4080
1734
6645
8469
5771
9582
5992
1118
5182
683
8496
9556
2459
1117
7613
2171
3200
7437
9779
5755
8648
8677
525
9994
3622
1212
9148
7131
8376
4941
9087
4013
1832
4446
2193
9111
1026
2096
7482
1352
8968
4318
7264
4143
9199
1978
3983
4703
243
6105
9536
5304
6976
2584
4558
6678
5864
168
6362
1758
9376
5270
6663
5378
983
6008
1047
7096
5852
682
9598
3660
6295
676
9433
8484
19
8965
2316
3291
10000
7748
9793
3458
6628
4873
1972
513
1358
2775
4572
874
8979
6854
6821
6873
2712
8380
3121
9765
6910
3031
4772
1148
4345
7794
6792
2593
187
609
7184
8589
235
8374
9754
1519
854
9471
8352
5678
6058
3768
1802
2806
9835
1165
2798
5595
3989
6123
6585
5187
5157
913
9044
7219
250
5742
1278
5107
2509
6149
6390
6032
1847
6536
4155
310
3848
2765
6533
7307
3190
8675
1677
2588
1035
7261
2270
2756
1975
2881
245
5814
984
865
4370
1735
5126
2663
8788
7981
2759
9324
6016
3407
8574
9799
7831
8967
2012
3113
1209
3918
4295
2048
462
5069
4353
1083
3856
2502
2394
2347
4094
7902
7386
892
9294
543
1661
694
2566
9544
5385
5397
8693
147
846
4990
9407
3433
9745
5563
7013
7241
6081
1428
3506
3838
8954
555
8326
4114
4637
6826
7742
1971
6990
4952
8149
5285
7657
9924
312
4689
9930
3795
2811
4436
9289
7141
4057
3562
3879
4034
4274
214
4717
6296
1543
1028
7558
9946
4259
700
8536
6064
4915
6042
4016
106
6654
4538
5602
9767
3996
4602
4214
8750
4186
5394
930
9978
4680
8858
9451
3960
4686
5977
9183
628
2302
5963
8629
9272
7782
7647
4479
352
6573
9573
1486
6233
3229
5866
7344
269
9460
4766
5756
6207
3509
8886
4650
2897
3020
9933
2777
2153
2676
5209
4021
7714
8955
172
8070
7832
2166
3839
7956
5616
9867
4263
9088
5751
2460
8917
413
4437
5638
4973
5545
2565
4640
7893
907
6259
7074
1007
3402
6247
5697
4946
3734
6102
1230
5650
4435
1770
3924
3829
5481
3558
6238
8838
4115
8580
181
2188
6395
2760
5706
2607
259
7279
8346
7548
9628
9083
6768
7920
3388
7449
1981
2384
134
8252
3316
3223
8534
4195
8396
3624
527
4802
9186
5420
9983
5012
8020
2063
6003
3127
6430
5116
3553
1349
751
6333
2342
481
4922
5031
5131
5803
1078
4433
7924
99
9216
7333
1263
2646
5815
5648
8644
938
2114
3455
5532
1407
3529
9435
8276
8021
7735
7671
509
4364
1619
3687
1193
3650
372
8558
7327
3527
6547
1299
6656
4000
1020
7664
5484
2571
9500
2050
8745
3035
2123
3273
7385
5447
7233
658
9960
5840
3299
7093
1310
3284
9244
6447
4190
534
7798
8206
7417
898
9155
9587
3419
2613
5949
3225
2698
9985
9230
2582
9501
6864
3866
7085
1132
7448
3719
7250
2815
8905
4869
2348
1389
2714
4236
2343
8241
320
5240
9972
6609
7573
1455
6775
4020
6132
7953
4372
6975
4207
6580
7882
1932
4751
1338
8301
976
5627
7693
5642
1840
9668
410
3656
7076
418
1168
4918
9458
647
2455
1170
9502
7339
4974
4506
7747
1300
7822
126
2543
5053
6124
208
818
1290
5321
6790
3333
9377
758
7608
8264
8957
5075
2792
7348
234
8306
7705
2900
4278
5294
443
6922
7811
4967
7347
470
9267
7073
4130
7889
9341
6939
9333
6530
3876
6507
5078
4332
4153
7787
6029
5090
1166
6680
9203
8158
1251
842
2336
4803
8033
1555
7563
5163
8837
3934
3951
1917
7210
2418
3217
458
2519
9030
429
4292
45
4041
7507
6018
886
1288
2659
2212
4144
8547
5997
9389
3891
3436
5788
2424
4518
9565
896
7390
7330
4599
6567
7163
8625
5028
8572
1226
5520
5703
1961
3209
9822
5215
6088
9047
6687
8092
5561
9262
5113
8461
3366
3816
9809
5826
5252
6465
8932
6946
6652
7052
8136
9770
2885
2985
9423
7293
7969
1082
549
8183
4509
3882
5954
7224
1021
8200
8780
4596
2947
9233
958
7428
8826
2542
5499
7337
6860
922
2718
6947
1283
1533
687
681
2870
4258
2442
9465
359
9003
6837
169
3651
6210
6901
9082
4908
9527
4358
4839
57
837
8322
3173
1754
3417
8413
5004
7381
3289
4519
7351
6115
8728
3480
6014
6578
198
5710
9191
8350
8194
1692
5463
3756
6653
1995
4116
2469
6162
8375
6757
4764
8778
6419
640
2194
5067
2876
9347
5393
6059
1851
9998
5061
1257
1767
6140
5662
2946
2944
8181
2970
197
2598
2906
1909
9224
3009
242
7946
4580
6927
3791
3742
7537
8684
499
6694
7975
950
8215
8895
8645
7781
2855
4062
2511
6909
3609
8311
4676
3603
8738
120
4697
824
8416
8513
8792
7734
6383
6423
6601
8590
702
3655
4833
3123
9437
4955
1660
2674
4225
5568
3451
6460
6997
4344
3232
8182
3221
5139
6183
2105
1259
9987
9062
7374
6267
2541
4768
4489
8076
936
6919
2945
9885
8903
1474
7906
2655
9185
940
7334
2045
7951
7171
4326
4356
3854
1743
5024
524
3024
9880
8098
7603
1792
514
8074
8412
3244
1886
9349
5016
6664
8450
949
622
588
3798
100
469
6340
3897
6168
3728
4510
9268
7702
479
4881
9143
3460
7708
339
5414
6193
9921
246
6037
483
5884
4492
8226
7251
1326
2238
9719
6978
8196
9058
5573
6089
4383
605
6706
9581
860
6221
2731
9830
2919
102
8025
47
8144
8859
7487
7099
1881
4141
4660
8337
8987
5591
4257
7369
9132
5581
4591
6570
2518
9977
7497
8746
3227
3376
338
6000
8489
5523
7625
2372
2221
6118
8600
4857
4661
353
3498
4226
5727
4635
6012
4018
7062
1655
1876
4740
7539
9571
5148
5023
7268
7442
6324
5246
3395
1954
1109
3314
579
5183
8878
4632
2485
451
1279
8821
6701
8884
8981
6028
556
7825
7767
9274
8055
583
5705
7500
2550
5657
8135
8970
8168
1663
8268
1301
6237
2210
6083
8345
2741
8704
3372
4051
6998
5192
7014
6035
8777
487
3644
7837
807
3598
3575
740
7656
5088
2633
7079
6097
3061
777
1982
7308
3482
268
6806
5248
4560
7780
939
632
6219
5368
7329
1853
7506
4123
2161
2462
3690
2556
8737
6222
5037
9624
7963
2306
679
1467
2359
5346
5529
7612
815
5229
3523
666
3645
44
8978
7159
7677
3674
4652
3694
2083
2220
6883
5631
7572
2216
301
38
6128
8002
5825
7790
8284
4714
8046
142
6786
7945
3568
6844
8382
5877
4487
5987
828
5450
529
5765
595
2426
7104
1059
3774
3984
1589
7618
2905
1931
8563
5718
7585
8466
9478
8890
8391
3005
1273
5188
7685
9682
6228
7776
4429
3439
9228
2957
637
9059
493
7124
9904
7413
8825
1598
8289
5372
1699
2791
6070
9207
7047
7522
5725
3672
2797
3988
1434
4044
9576
6868
3392
6072
8638
9615
6041
377
6121
4619
3668
2413
7979
6464
2433
6514
8024
7035
1411
211
267
5625
5383
3643
999
3809
7303
5251
8668
3068
6199
9209
9574
3654
9746
7020
1295
6726
672
9495
276
8146
7145
2898
9989
2630
6928
7900
8236
6602
905
1000
1878
2099
7464
7355
7321
8134
3384
8068
8697
5373
1311
7291
3324
7911
3659
8250
3408
8487
5948
171
9
1426
1875
9693
3869
5225
7795
8584
3148
3249
4934
1246
5282
90
6114
3776
7142
3423
1445
1470
3669
7049
4910
1513
4998
105
7970
9851
8871
9240
6974
3783
9311
8505
9250
2030
4183
3252
6499
6065
7140
5375
2537
6984
9160
9808
8280
7306
7773
8605
3912
4536
6776
6782
4038
2352
3853
8054
5408
1526
738
3010
6223
1061
7361
7673
8857
6660
9910
7304
9052
8192
3695
6039
360
9256
1280
9839
2710
9473
5083
4380
2701
6522
4254
6720
1194
1114
1150
3082
5146
5547
5629
6495
7823
9920
9509
7857
2076
3002
3957
1414
1745
9472
2704
5357
5401
6432
6933
6617
2324
7918
823
3736
9263
1271
4958
9015
7717
6253
8336
4267
8187
404
5411
8494
773
3985
1805
5839
5827
3580
6532
5925
4469
3612
3176
4424
5150
843
7495
8005
7805
3564
7530
5045
8583
3555
5858
3663
4447
2080
6258
9604
6846
774
830
9447
5586
966
8603
9654
8479
8295
8227
1550
5536
9769
318
8993
6185
3991
6727
2190
8265
4279
5709
1535
4574
61
8614
2533
1091
4371
8497
1687
611
8436
2722
5927
7072
6541
127
6872
9597
4929
9321
2743
86
3336
9859
1452
844
2496
7120
3145
1314
4327
375
8096
2104
2211
1424
8056
4105
3532
1141
5101
726
3538
4287
584
58
3228
9553
6435
9580
5313
635
7878
7326
6034
8131
1622
8088
9993
2292
8474
7158
4085
2223
8636
2226
7236
9152
6224
781
314
1711
5993
3146
8188
5512
9181
9115
4449
1618
2560
4235
5748
9486
4547
6693
638
3030
342
274
6825
194
3381
9568
5598
8537
8529
8029
7876
9797
4617
1935
7154
9271
9048
1992
7792
8034
8015
2729
3653
6257
6397
9419
5479
1728
1681
5446
4928
5506
1966
5589
9446
9947
9941
9104
8091
3904
3754
6799
5194
4112
6133
2154
6316
2170
6738
6638
8216
8727
7406
8275
8019
5111
7948
4515
5575
6393
9249
3863
2473
8862
9255
1673
8866
6301
4407
5485
7275
8201
8827
6275
5906
4373
5296
1808
4154
1336
2446
1056
4893
5173
4963
2447
191
9876
9051
5178
9449
5356
8112
1157
4385
4799
6319
2334
3939
9429
9391
3406
3516
3251
3120
1258
1305
1965
3440
8698
1616
6044
2907
4585
7212
5567
9932
7349
6770
84
8167
4758
9418
9329
6255
4124
4827
9470
3922
2429
5854
4707
1842
4355
9145
3840
6929
8959
6277
3117
5459
9952
8936
795
6323
1397
9631
9658
4571
4239
674
8795
5828
1949
5971
7925
6317
1079
1901
7320
2263
959
9121
808
7680
9306
5560
9962
2271
7990
5969
6110
4965
2527
4894
1436
5376
1720
6636
4611
4658
177
138
3586
7176
2515
1781
732
9305
4607
1665
5444
1895
3166
2754
8779
282
1392
9063
600
1599
6968
1705
7462
9322
1586
7245
3319
6749
8045
5990
1986
9643
8507
2574
395
1641
4693
1679
1303
6250
2890
2185
5562
7430
5042
3170
6684
8974
5926
5201
4988
9090
4135
9564
8255
6300
1607
9732
5899
3927
72
2908
9623
9541
417
3060
7150
3571
6048
572
2009
8000
9001
5155
4748
6973
7296
3917
7429
3664
8433
6320
1051
1786
2398
286
2789
8799
5266
7274
3342
8690
3691
3716
9961
1270
5910
4597
6179
9621
6839
146
853
5286
5243
5571
5951
351
4462
7916
5849
5687
36
8925
8332
294
6103
4170
1084
536
7652
7127
2425
8755
4999
2863
2173
6733
5465
2657
9119
5283
4814
8659
228
7751
4379
3805
288
1425
5263
9284
6360
5615
866
3174
3045
5021
1264
9988
8186
8516
820
3104
5578
3737
9632
1198
6206
1952
8129
5291
1004
8699
2452
6385
324
7156
3513
5912
7552
1210
2771
5685
4887
3982
955
9316
5808
7097
7000
8820
6624
8641
2244
3323
1863
8143
5419
3855
2750
2236
1473
3579
4335
4237
6082
9498
5628
8567
9046
8094
6881
251
1994
2191
6944
5757
4245
21
1252
2405
1609
7869
264
8451
4880
9934
7432
6560
2375
7493
3135
6797
173
7941
6586
9857
1584
6368
7006
4445
9768
8985
6894
4393
1189
7846
2529
309
2024
8860
8791
1693
2299
6155
1206
3589
6967
977
5044
9526
4314
8749
6005
6851
5731
1042
9718
5939
1131
3271
9218
5314
7588
270
6657
424
427
2535
8962
9137
322
9858
7512
849
2016
9300
6563
8889
5409
9415
8568
313
3269
9755
3778
1716
8930
1590
1756
745
7959
1466
6330
6392
1372
8616
9890
6381
9261
2279
3272
4994
1763
5358
8246
7102
1746
328
8775
6356
9402
3288
7408
1803
1312
3195
4101
7719
8407
4835
7983
7045
4728
2035
3572
9348
2486
2250
5211
7116
6914
8865
9794
6710
8872
1054
4957
6699
3757
1691
7443
3933
6634
1969
3864
7944
7536
6853
1240
5860
4453
1183
733
6196
2139
9889
6661
8281
2800
9098
2025
5424
1451
4882
5972
4409
6958
1005
3841
507
8178
2773
6697
7109
3412
9744
9431
4040
9091
8303
8733
8296
2373
5555
4212
4408
9569
4642
1489
6500
1996
4795
6540
6491
5976
7921
1833
7525
4672
3541
7037
6764
9041
5878
7488
9210
331
6292
8414
9687
7697
9838
4975
6753
2055
3837
9362
9029
1657
5898
6205
8525
9055
8132
4649
1324
3635
1925
9484
2534
7940
4250
3301
1800
5873
790
7570
4685
6304
4328
5158
9009
6576
411
2861
5956
1365
8283
3029
5655
4681
2219
5049
8228
3457
263
9584
8160
3201
7316
5149
1275
9945
7370
2640
8631
7502
9399
8669
8148
7931
754
1001
1694
9659
428
4807
165
8309
5753
9440
6641
3435
6681
9138
7053
5275
7147
9965
5914
9154
1732
5120
9503
3697
2774
581
8106
4428
6784
4557
7332
9810
7380
4349
8570
2365
2817
6291
9914
729
8404
1361
3001
7447
4129
6960
5713
9219
3901
8907
4969
845
1404
2930
7553
4431
3497
7568
7688
6692
3350
5966
689
5223
4136
7457
6197
4914
1458
1186
341
9396
2922
1253
4273
2356
5634
4299
716
1357
446
3079
5234
3548
3418
8324
3885
8518
6270
2290
3175
2100
5496
9057
7359
7001
2453
6094
7409
2340
9307
4001
1406
4376
355
7002
9688
8530
5117
6981
6721
3108
1122
4220
5785
8051
8724
2737
2208
9906
1023
9815
5390
9337
7699
7285
6467
8823
8989
1522
6834
2116
8053
9355
2041
502
4133
810
7460
3281
3581
2618
3326
1093
491
2828
1381
4537
6497
444
7600
9477
4512
7122
6098
1256
5059
6043
594
7133
7475
9992
88
6107
3762
9326
1658
8854
528
1171
3277
8849
110
3142
4103
4402
5469
6925
2355
9457
3231
6994
3432
6735
2383
4002
1824
2293
3134
2256
3505
4976
6413
2609
4581
5071
3747
7546
6396
1217
3279
5449
623
7841
4812
3147
5224
5010
5892
6604
4159
548
9196
2351
9884
9907
4204
8541
8208
1472
4871
7631
3050
9995
232
8571
6186
3016
1242
5749
2882
5464
6279
6212
6346
2499
7739
4972
1211
652
4442
7084
6841
7402
9531
162
7397
467
8459
8440
9439
2799
6556
625
1698
7575
1979
6472
8853
8919
4064
4417
423
5492
6705
9657
1987
1680
3186
392
6787
8692
1741
381
710
3164
6916
2408
8739
8331
8897
2623
8935
9108
9712
9428
4573
3067
3512
7194
6192
7710
2526
3846
4285
3720
1798
2274
6448
5811
4738
8022
9302
4138
9296
7352
2703
7511
4675
2579
4811
3877
6940
5047
4411
2414
9677
6935
7785
5608
4468
967
6553
114
7022
2440
3410
8341
7367
1601
9315
1923
3468
3549
8093
8316
631
1963
8460
4563
2059
2914
519
9894
5719
8787
8851
3958
5130
4821
8175
6896
5740
4634
6436
3379
9855
2978
4709
7379
4096
6057
9079
2094
801
7856
5255
2572
1167
5817
3122
1559
1998
6442
1094
7048
5436
8980
8447
3797
8011
2899
1879
2915
6266
2913
9935
4970
8411
3021
814
6239
1478
5508
398
7129
868
5065
2027
1538
5169
8058
6409
4951
9555
9672
3143
3046
731
3979
9113
2833
6773
4638
3968
5868
2878
4169
8319
2682
1714
109
2184
7757
5747
9205
6979
325
7269
3349
4514
4713
4131
596
9542
639
8873
9325
6986
6598
7807
5945
1865
9981
1854
8520
7964
8528
296
1675
488
3857
1353
7496
5214
9588
9720
5038
3878
7008
650
26
4182
3161
2883
7973
5141
2931
3949
3335
3106
6965
5308
7434
9626
5800
2115
9669
8549
71
8083
1488
7239
9570
5855
2125
3151
2026
8491
5369
9943
6704
3322
8555
1899
7168
2176
4045
1356
8398
4789
6251
6518
4664
4832
5760
5166
7901
5125
9054
5908
2859
2585
7263
5681
6225
4595
723
8184
7771
7982
4305
6099
7166
3360
4107
2562
826
1497
3648
1437
7106
841
7598
3311
3601
5902
4551
6682
545
7670
5556
6539
6772
5196
1696
7400
7897
7888
5970
4622
9590
2956
6593
7895
4720
7398
3212
6007
1588
6282
3599
303
6334
2327
5872
8676
9078
910
9285
287
9506
8273
9386
3184
2247
2941
2448
192
5724
8243
8017
8624
9722
8218
2005
140
2095
9863
9043
9222
6375
1670
6200
4046
3596
2641
715
3466
4151
5745
1818
3371
6569
2159
8556
655
3308
6060
27
8929
645
9796
8233
1208
7993
6010
2358
431
5108
6543
8564
8105
4330
6215
5885
2856
8665
8718
6774
258
560
3411
3618
5728
3293
4718
3064
5468
2060
9487
2129
2187
8835
4288
2719
6141
6235
3714
2420
4333
1399
4193
1505
6957
2933
8078
6767
6736
4902
1405
4877
8293
2160
2708
3427
6347
6510
1617
2325
3370
7256
2423
9641
8109
5888
4483
8882
8752
6208
2851
3534
2330
4867
8047
5002
2491
2843
9243
7845
9354
1626
8504
8388
8151
7243
1885
1049
8062
5085
7870
7679
9328
3310
3085
5982
2148
6788
9971
6156
8087
4290
9514
9426
406
5269
9552
5034
5329
4202
5290
1416
2877
6734
5853
8717
4886
4422
1903
2362
2875
8040
7366
2736
6961
4891
4418
8763
3899
2825
9279
5236
7801
3706
6345
1343
3280
4179
9700
5191
9886
8969
4917
7561
6794
3048
2730
64
1814
3615
6452
7130
7718
1348
1383
2029
6284
60
9370
8901
1656
6988
7440
9774
7917
8545
9853
1342
9375
7465
3268
5280
8409
3900
7650
9896
6594
4200
1014
2329
1163
8754
4036
2746
684
9266
693
3437
7135
1031
9586
3662
9270
2487
2668
9766
5698
4413
8446
5776
18
7491
7858
2450
6175
6670
7957
9516
706
4145
5415
3211
8695
5641
4312
2490
2401
2252
6244
3670
1139
4767
8702
223
4400
9742
5365
6611
7055
5605
2617
6129
4049
4106
7178
9655
1574
2622
7252
2506
8014
1759
1534
8356
408
8379
3772
876
5647
6778
3265
5645
1019
7498
5784
7806
9926
3202
2632
5644
4991
8680
8361
3059
6211
4122
9860
9761
7018
6414
752
5483
6843
918
4966
8419
4985
2097
6503
9775
6074
6804
1561
1159
4633
1493
3677
3779
2823
8095
8502
2301
8643
1315
4930
3761
4369
7362
1942
7030
363
4942
7123
5833
9861
4416
4663
5509
8204
8941
7229
4959
9164
5063
4503
3399
4199
5455
6204
6139
4588
794
6220
5871
7453
7368
7662
1188
1933
8305
785
9678
6444
9689
9925
5036
2787
2996
4890
4682
5973
9172
3347
5001
5843
6751
9135
2778
5979
2313
9174
1764
9991
1254
2726
4752
9611
8812
9922
8067
2124
5917
4629
8933
7378
624
1394
5882
5430
4982
1323
2720
2950
942
8526
4423
4217
724
7350
148
9448
9189
5228
200
9127
968
7936
6443
1072
8532
4820
6122
7050
2548
6227
4979
5804
4524
9293
6818
8694
8441
5539
2157
273
3948
5525
2237
2552
8104
5105
3486
1241
1142
3069
1634
5391
7087
5384
5118
1844
7753
9660
4276
6900
1633
7298
4142
840
160
1067
3274
8833
6147
1329
6623
1704
1422
1583
2320
3835
5172
974
2286
8164
5880
3150
3921
2227
7059
3181
850
6305
2929
789
7833
6941
3826
1106
7246
426
1104
7799
5337
5998
4884
498
7978
8891
4097
9405
1221
3684
336
7470
7997
4683
4724
3452
2766
8753
2697
5544
9589
2267
2476
4303
7745
6327
439
1866
1862
8977
3343
7393
7508
520
2150
3733
8506
7301
1330
3429
8947
7209
231
2684
2569
6765
3062
8061
1928
5789
1613
805
2516
2412
9045
206
1596
8630
7605
5323
4797
2073
5206
4118
6278
1376
5729
3097
6151
9504
3052
382
8802
6521
5696
5820
5726
7818
4559
5406
3294
2349
4156
5320
1900
7554
6246
2031
3361
1916
8359
987
8906
9432
8601
3576
5440
9247
8958
6401
1134
7240
2333
562
6067
923
2860
5505
6080
6728
7144
9942
1495
2818
8765
1490
9916
6606
963
5540
4909
7630
6926
6046
1190
5470
7542
3124
4158
7614
2909
8635
9807
6723
3032
3397
1848
7181
2971
5359
3011
7419
1027
3967
2043
456
4623
9852
7535
5672
9891
3758
5498
8333
1367
5572
2370
3814
2803
2364
3752
6555
1496
9118
9610
2008
8137
564
6673
5691
2837
7947
3519
6531
1893
17
7149
9384
6025
7324
3325
5985
7896
2920
971
4567
5933
4382
9753
6938
651
6534
2892
2432
8421
1892
2631
161
4609
8393
7835
1688
7908
9442
4608
9697
4781
6950
5565
5145
5377
8225
3745
1542
894
5458
8169
9476
7712
5999
4615
1738
8426
914
2137
4817
9221
8064
9281
4604
9236
3075
7474
8803
7146
8732
371
5950
8308
1911
9618
1766
6313
9915
5331
1850
899
873
1431
5730
6655
4188
8511
4146
9171
9505
388
9666
3961
7389
5778
2470
4950
7713
934
6992
9074
2003
2000
4840
2376
2647
9806
2261
4148
5476
2345
4075
9010
1362
1782
5750
3908
4644
1487
1731
3334
2696
772
4324
802
8030
2611
6201
8609
4173
5460
3701
3111
389
9163
4657
8797
2993
6427
5170
3759
4347
8956
7703
8368
5204
4790
9923
9539
5273
3790
178
3773
7262
5503
6085
5897
3995
337
4319
736
8949
4501
9394
6869
4895
5526
3802
7796
2893
9708
7472
6612
4452
3391
7628
4824
9683
3154
7777
8001
8249
6171
7972
6983
1207
6453
9162
2468
7265
8501
8117
2387
9999
6781
6366
5370
4293
2049
6131
593
1010
9140
6213
1143
1615
3192
8524
9958
6737
677
3751
7817
6404
1066
4784
2209
5531
3317
6719
2699
4544
5867
6062
7394
6285
3353
1845
213
1600
4770
167
697
7481
921
4296
8815
9711
9493
1457
5960
1309
1391
1751
9836
7952
4322
4582
3536
8448
4172
2715
2694
4986
5783
1929
2912
4467
6803
1255
4504
3871
1111
3172
6995
7919
1773
5084
2891
5989
7995
4017
7971
8248
2017
6625
6891
9730
3476
9703
6546
9741
4455
5425
6871
3220
888
4711
986
6293
4872
8462
793
7454
784
4853
982
7890
3098
2687
8798
460
7616
6369
8662
3827
3916
1359
8760
8814
4662
9645
350
132
9303
5387
1333
7880
7644
3208
2402
1846
3521
1667
2532
5212
3477
5680
1341
6861
8902
1860
4181
9788
4420
4426
1769
6484
6893
6595
4923
2782
4763
2463
5513
8848
3561
5994
3078
5007
4248
9011
788
909
1739
4470
5099
4576
4331
6951
7157
366
5453
4325
5386
5770
7827
972
6700
4606
4769
9723
3573
405
5558
956
1772
4012
6796
7800
6811
5708
8715
2512
2158
9561
8229
7232
5180
1801
3213
2536
4027
612
3540
9038
3641
7503
3462
6030
8432
8686
6596
1297
1012
4093
4905
7923
7636
9064
5352
484
4360
9475
5410
1638
7112
4825
1777
5551
5752
2563
5300
699
5176
5471
7040
3970
7446
2990
9731
2670
6417
7060
3378
9583
2483
9701
3373
1896
6741
8538
8569
3593
6469
226
8251
2858
189
3956
5901
5837
1997
6054
869
5988
2783
5651
962
504
327
3545
8911
4508
212
3358
9710
8212
285
2346
1074
218
7271
8009
5167
9050
3812
757
3445
4684
2427
9353
8620
619
2181
4522
290
9412
8145
6615
6049
6562
8339
6127
663
4066
8931
6831
1974
3775
9077
5592
2110
8892
1821
3860
3621
4593
2084
9408
442
5477
5577
3236
1960
7752
5011
1127
1774
8371
1591
3340
10
9613
6587
7317
804
4406
879
2141
5941
1328
7750
5961
2040
5850
3946
9232
5070
6517
9085
9099
6820
3404
9494
5576
4117
1350
3781
8649
3183
4357
9518
8049
2215
7220
3300
3748
8480
6446
2988
812
9323
2344
9840
1307
8318
98
5218
1454
5195
9821
7420
1368
6918
8272
8598
8544
117
2531
7336
6688
1
8816
7560
1213
2522
2886
8213
8908
6725
6457
4756
1113
4691
1718
2109
348
4014
5439
8127
607
9142
3813
4907
5324
6511
2328
5035
6367
7943
5360
5351
6564
3008
6879
4243
1671
9534
5003
1504
4777
9607
8731
3712
4863
2312
7391
7683
5175
2117
5597
3727
4838
5247
6298
5402
7874
6588
116
4443
1045
989
9114
3074
156
8174
6152
2955
9670
3925
5168
1385
5435
1507
7026
2555
1567
2629
6637
3091
2969
3638
3203
4868
2056
2675
3605
6394
4562
7205
3478
3943
249
2018
407
6877
1121
9006
3907
7741
3611
9671
2020
2222
1788
1043
6619
1829
8307
2662
2692
5008
4109
3825
5744
734
3629
2319
9187
2932
6779
531
1147
1730
8971
3931
654
8689
6969
2700
2010
4653
2311
3794
3260
8102
8454
6920
5060
9663
7819
6805
5943
5332
5462
6337
9165
3204
283
7863
2341
3400
4377
5534
5456
1073
2283
1646
5665
77
1945
9410
6906
6668
705
3574
370
7682
7844
4687
9562
9343
3567
1653
1498
2479
6036
1442
5782
8023
1298
8452
9928
6813
3448
8772
1178
9673
2399
7445
5590
7278
3237
9385
5341
5518
8847
5112
6344
9086
9297
35
8832
521
3014
926
6426
7034
4090
2273
1547
1097
4776
3709
7382
6308
2106
9252
2156
3256
1564
1757
4441
3162
7468
244
3094
1346
5343
506
544
2836
4911
7009
9103
4025
5208
592
5679
5792
9937
3557
7217
6934
4944
4342
8735
2965
4947
3383
4308
3566
1494
8195
7371
3685
6887
2289
5058
329
5437
5055
7424
489
7754
5623
851
4100
9644
2972
7929
6190
2248
2867
3214
3966
5198
4762
3632
8008
9499
8297
6134
1304
2033
2335
6439
6403
9166
2281
7383
7927
1029
9194
6272
4496
5100
4061
6216
6109
2649
1594
9455
7879
4302
1267
9093
9814
6750
1702
7587
8038
2321
4888
4255
1686
5955
5015
3092
3442
1904
1107
8329
2265
7046
6889
2132
4677
63
7549
9893
8390
6143
7148
6126
5493
9795
5975
8921
379
2645
783
4850
7938
1412
9260
5946
5566
1837
7108
686
4848
4521
4266
6091
6416
2214
7520
978
2204
5652
6038
5142
7005
8267
7728
349
9018
6559
741
3398
9424
2070
492
4533
4520
5222
4076
6589
1744
6819
9133
4341
7641
7976
728
3215
5434
5543
903
1625
1554
9603
6707
8945
3401
5303
2952
4438
119
4466
103
670
3328
5454
4398
4678
369
8535
2986
701
4474
391
1608
1799
1018
8495
8592
4780
248
8358
9387
5022
2367
4476
550
6415
7136
6752
4903
8334
5026
8982
4754
8342
1247
5777
3464
6288
4055
5428
3076
5272
4311
1177
1695
2902
166
2422
8613
5793
8386
8114
8670
4978
585
7499
330
3255
9178
6496
5494
7994
3219
1284
8097
6095
6999
3393
2612
3261
6349
5802
5610
8290
4282
8999
7838
9150
7286
2706
3729
3515
8599
6505
2599
3823
2605
7985
6146
4621
6068
7016
7186
4397
8742
4747
6079
3658
9392
6004
1733
3027
9929
9648
7081
8321
4592
5039
5768
5940
3116
1872
1536
1747
9180
3675
9481
8130
4450
2378
3133
7848
1484
7260
6783
2480
4366
2404
8147
960
6859
8952
7414
8712
517
1841
5796
3193
8028
1282
8800
2896
5922
2801
2606
478
7987
4359
409
1849
8475
3339
1592
6454
485
8066
4753
5721
4670
4189
2864
2835
5699
7197
590
1463
8660
9416
2826
9444
7253
5582
5301
9901
6398
97
4618
6373
5486
770
6565
7028
9237
8370
3717
5553
9109
6055
5736
5707
3597
9092
6643
5775
8152
7191
6405
1102
4701
8691
1959
5716
9966
2951
9217
3136
3652
7580
5879
3780
4733
1889
4361
4224
7405
7526
4816
2926
3807
7634
778
7032
2089
8710
7654
8682
4070
8101
6524
1423
6456
2505
4019
6061
2295
9602
5799
4238
7044
6840
8120
554
9870
7715
7427
5881
454
2255
2964
5416
9365
9963
1682
2637
289
2437
9917
7974
4688
7884
7004
5762
1154
6848
8153
5006
8140
7342
7214
2968
3799
9060
2107
4856
8107
1676
6047
6659
7043
83
8565
7435
634
6814
4161
8012
8159
9566
3072
2131
2416
6845
6361
1371
5287
7737
9872
2011
8683
6214
2507
8221
5096
8003
3025
3263
1181
6758
6504
8357
748
673
6649
1403
3766
4809
765
3196
5279
3786
8288
8111
1985
2259
1575
3508
2707
397
5952
2824
3722
8456
4997
1099
4564
2747
7907
3923
7160
5766
2664
1710
9909
2954
7422
6744
111
1811
2081
9382
9488
6936
4860
3156
7627
4022
908
1448
9919
5017
8349
7843
6666
4481
8610
4475
7725
9737
5242
33
7855
9068
8081
4739
2559
8875
2538
2813
1169
3101
56
9665
292
9096
6866
3962
4213
5530
7426
1444
8995
8953
8946
8180
5958
1525
5097
3744
6142
3750
8966
7042
7721
5816
3671
1090
131
3438
7569
6145
386
5122
1214
5317
3682
5025
154
5659
8328
9071
7638
39
1951
1643
1722
9563
477
6911
9803
2368
4216
1956
5620
3806
7218
2517
7029
4256
9176
1345
8323
5658
8818
2280
4317
1366
1238
4587
6482
3928
1218
9862
9014
7891
5919
8313
1529
7538
3007
9704
8671
3710
4801
4897
1057
2471
9489
8796
1930
821
2438
1948
6980
6020
1970
4933
9617
9709
7749
4029
1400
6125
7621
8027
4610
203
1771
5354
8650
1701
5281
5870
3130
1910
5153
7466
2570
9982
8840
82
6231
8881
2126
5491
1499
9535
5886
4706
450
6022
2034
3926
3592
3352
9756
2385
257
2014
1789
8402
1809
8824
2577
3132
5342
3051
3028
4561
2360
5621
8150
8287
6445
3278
4208
5147
9713
1642
1229
737
4655
8171
7859
5448
6314
985
4060
4760
9351
2982
14
2695
9278
9856
452
8623
7722
9948
4378
7514
9990
4960
3382
3363
617
7254
9984
3083
5056
5334
8666
916
6616
8257
92
3259
9833
4995
4187
8939
419
5433
7410
1418
9752
3520
4773
6191
15
5779
902
4920
7376
6519
1223
1202
9021
8099
3941
8179
4401
7668
4315
7221
5057
8769
6824
8037
3679
7311
3389
1480
7003
7619
8595
848
8455
5787
7829
4938
1058
875
4191
1456
1216
6971
7883
9757
800
6683
6391
6303
3282
3890
4830
5711
2253
8449
4598
4826
1158
1727
4583
722
9927
2434
7577
2677
1820
2595
3585
3894
5604
601
9801
54
6789
6923
1313
4765
5717
7403
4404
490
7078
8519
1430
2521
6402
8013
7529
7686
8403
6801
1836
1968
2725
4730
7318
300
2872
4671
9474
7323
6520
535
5795
2092
9638
2079
5517
9361
1289
881
3188
5887
9128
2461
2393
7225
8783
5404
720
8655
8914
4297
5569
6113
1050
9168
3403
4198
486
7564
9724
8138
2903
3058
8325
4340
8085
8709
3484
1817
9522
1654
1602
2354
8554
6050
3422
1196
1098
8224
3565
403
1857
5115
2790
7611
9002
8156
3420
4028
8065
3526
6835
4242
4231
7187
8110
5704
3487
6970
2464
6493
8384
957
6400
2997
7926
5584
3872
2149
2847
476
4110
2277
1834
761
5335
3158
2939
703
5210
7606
7544
2477
5487
827
4775
6421
3233
8351
5527
8231
4339
5050
87
5216
3740
8503
7230
4879
9430
2514
5957
9964
6351
4348
7471
7257
661
8410
2894
6011
4732
9521
2133
7696
2786
332
8482
9956
8688
1915
9075
9798
7415
9560
5690
6380
7309
2264
5612
459
9269
822
8121
40
6274
4862
9339
8292
6667
5663
9076
5129
5700
7528
953
3731
5268
806
9739
6987
7532
3910
4523
8073
2390
5693
7228
2545
101
8640
3337
1827
8317
2690
6169
5457
4874
8330
1898
8185
4241
1993
8976
7193
4788
1064
3338
3114
2592
3944
1160
7125
3416
1379
9877
1200
4121
1327
749
8278
8566
6399
5110
3834
3636
32
4227
3234
7700
7645
9878
3073
2573
3242
6181
5306
3683
216
5856
9874
2478
4667
4137
8926
7543
9656
621
9264
4494
6817
2488
2233
7208
1549
3090
990
1055
3972
9318
8782
7007
762
9070
3531
2850
9126
3824
5119
5983
1950
1101
1173
6605
6471
3356
5154
9443
2804
7949
4708
2688
3833
5594
6268
6273
5674
1810
1964
8877
4079
7736
9599
163
8834
3297
1060
9778
1703
2940
8850
2830
6354
7768
1813
4883
4696
8984
1621
8399
9110
2206
420
4089
4530
3868
7249
9846
5398
1785
9156
2721
195
6545
5043
3295
4222
6544
7075
5895
5548
5089
7937
6410
2660
2583
714
2288
7698
1468
8189
2268
5095
919
4368
5260
3465
3049
6608
227
9215
1717
2077
3385
1274
6480
884
2764
2494
6311
9197
1523
3245
3919
7604
5832
8991
1176
2200
9827
4127
9319
1179
2980
8223
6665
2973
2103
1044
9056
9005
2229
2844
1187
5510
618
3115
4035
335
6907
9530
2326
8721
4949
5613
9117
7494
4126
1729
508
9482
4659
2589
7770
8261
4067
1152
5333
6592
1947
8271
7353
215
4861
2380
7723
2808
2673
9304
8006
2626
7594
6322
7707
5102
9519
4427
5316
8166
1081
3163
3661
3637
3187
3386
7881
7328
364
8162
8789
2397
998
7746
3004
1036
9378
2331
742
374
8736
4232
5238
4265
2134
7965
6754
6170
2467
7704
2456
3884
6626
8885
2269
1794
50
2410
4010
3056
9039
7989
4842
7082
6512
7660
9572
1421
1475
3434
9895
4690
4542
7211
6019
6756
3820
7865
7885
2976
3546
6090
8115
3865
7490
5649
1321
4716
2389
4039
9695
946
1384
9528
6475
9239
6379
9371
6002
6945
9028
4081
8468
2439
8923
6262
5318
9647
7126
2639
8422
4586
8573
6675
1413
6568
4679
8711
3023
5366
2207
4152
1659
9813
5315
1926
3986
4047
1556
2172
4846
7169
895
577
4177
6761
6468
2974
3738
4351
5818
5400
9557
5579
692
7283
5996
2128
4876
901
696
6488
6703
8708
7038
6093
8805
8770
4605
7010
5931
915
8880
5836
1110
3302
5552
8577
832
1579
4477
8490
52
5618
1838
2419
8707
5140
9147
7729
8108
7051
9692
3666
316
3194
2735
6363
3692
9414
9967
1562
1075
6189
3500
9496
904
4526
3627
2183
6639
5636
2975
4007
6290
9762
7934
2558
9144
664
5809
5312
1897
1623
8470
6056
8191
668
284
6677
2513
346
5014
3947
6856
2197
6052
31
9865
2152
3496
8585
9554
5928
7111
8928
8366
4405
4180
8950
307
5875
3475
5865
1370
7
8927
3312
4935
315
9287
2953
2228
2667
9275
5587
5361
7069
334
4088
8938
6722
8364
8424
5502
9782
3881
4570
975
831
4310
1116
2745
7463
4554
7692
1174
199
8415
7690
5405
7416
7653
7011
6903
5299
3631
7968
7444
4529
4977
871
9139
2074
1939
9004
3657
7407
1521
9721
3264
1500
9258
5599
6629
2753
7984
9308
3620
7706
4943
3819
6076
9008
3954
340
6842
2039
1541
8804
3749
6713
2776
4352
8719
1778
5152
210
7861
1700
237
8703
1815
3063
2053
9609
5041
4924
2495
4719
3793
6627
9707
5080
7189
6863
1203
1867
1938
3218
5780
1750
9954
3149
5896
122
1753
139
2245
3346
4858
2192
7310
2822
6902
8372
3821
5267
416
7932
8552
8157
8269
6642
3584
7365
2769
2681
3514
2061
501
1558
7425
747
8766
2381
6646
1502
9359
2282
6912
8587
523
1678
5064
8720
6747
9976
7300
9899
5109
4092
5186
266
5051
6026
7396
8430
1164
8050
8458
2303
5020
9743
532
7991
7593
559
5413
5737
6370
7828
9295
256
9790
3831
9748
4630
1953
272
1088
4033
890
2179
7399
5846
380
8124
9036
2057
657
5522
3777
6350
9134
4493
5330
1433
9532
4495
2948
9873
2603
1068
3849
6365
929
3084
1883
7019
9585
2090
9515
8841
5675
9248
8617
308
3137
8870
2989
319
3139
2816
238
9831
1503
384
7824
9421
8488
7012
3037
9789
6865
746
943
3250
6977
2568
1417
882
7836
9936
6807
34
3315
8100
8920
2232
5262
6989
5978
2523
4792
4042
9750
5309
7312
6833
1650
6343
3160
6523
5128
2196
1531
2780
1880
539
1645
9913
4387
6898
5364
5535
5348
1517
2873
3306
5190
9698
3905
3344
2840
9903
1465
7272
4015
4737
6294
3978
229
6382
2458
5614
4800
4600
5889
8443
3207
9283
1560
7597
6112
2879
5302
9016
4505
7830
9344
3998
2981
5467
5611
7775
3828
8244
2066
9783
5619
8626
4961
9065
1784
6459
1628
8312
3070
7105
6647
9417
994
5289
3118
4197
4271
1285
2887
9986
8203
3938
7629
6823
1709
6450
2874
9538
8286
6724
4616
656
4464
5813
7068
9843
9235
9453
6551
4269
4499
1877
5221
2225
1795
4829
230
1443
9705
4502
7942
5159
2812
4620
1652
4005
7519
3450
7809
988
5632
3488
6310
4727
5200
3800
9802
7877
1528
8385
3387
5256
2465
7213
1839
7360
2054
9879
2723
152
4396
3990
4971
9226
7524
5959
7518
839
8063
7847
5418
1520
3861
9974
1512
1823
6874
9035
7783
3296
7667
9340
5143
4981
5965
3873
7277
1224
8209
262
610
4878
5935
1683
158
6265
8360
4301
6150
3936
2525
2032
3168
2382
7557
8190
6418
2693
4139
9595
124
6269
7802
3851
7056
62
6769
1034
7165
5249
5841
4201
8340
4953
3286
3479
7231
3185
8696
5293
1360
7899
4230
8809
7556
4669
394
7559
2869
1140
9346
7672
6956
8010
7195
9084
5671
7615
7803
8793
4645
7215
4071
872
3425
22
6377
6084
9792
5953
5741
2578
8266
6932
8661
6249
2966
1185
7566
8016
6582
4394
1544
2182
8531
3937
2561
4843
4543
598
604
2834
2762
5093
6431
1812
6771
2403
2353
5670
7760
2937
2761
5682
3155
5606
8842
6709
1859
7675
2666
6286
1156
4065
3883
5903
1690
3689
3266
5723
1409
6635
2175
9352
5501
9842
2614
3554
8607
7582
6073
9823
817
9691
390
2230
5274
3836
6372
8757
9238
9507
2911
9034
3461
3467
8972
494
9511
8260
6809
3191
175
5081
9686
7177
8263
8018
1983
2178
9198
1807
7814
7294
8618
8642
7247
4926
5151
5930
9480
9159
4307
8522
8239
6745
1768
5733
9254
2590
925
6358
5676
399
4532
43
2992
3577
9661
1635
2819
7114
995
4264
6481
5295
3380
8343
1331
7486
9662
3771
298
7815
5835
183
4900
1571
3811
9854
6885
6329
2314
1192
5944
6651
5653
3327
8198
4078
2305
1354
5991
725
1725
3842
6658
8546
2391
1587
345
5325
7649
7793
7054
9596
5445
8678
2246
5339
768
6506
643
1565
2145
6742
6590
780
2013
3867
6078
2417
253
9161
1235
2251
8883
1432
6954
9491
6849
906
945
3969
5226
1989
6455
414
7804
8723
1605
4203
1869
526
3267
2916
9490
1182
8861
2868
5688
8975
7182
6953
1175
9282
8621
5353
8044
3616
9069
1126
992
4120
7175
8232
9545
7607
5666
6407
7439
6487
7513
7071
9398
1740
3351
7961
573
1065
2927
7100
8836
5893
9383
4844
8743
9517
7813
7331
7733
9053
7589
7505
5715
796
8830
633
5918
3226
7065
1637
7578
7534
1537
7504
2814
8253
5694
48
8973
4289
4859
2038
5541
500
8465
5557
5310
7626
2213
8397
2167
9200
241
5847
4083
5797
6537
5609
4229
4294
9080
6466
8427
118
4964
1281
4791
9013
8060
947
8118
2198
5380
2258
2979
1386
5714
7663
49
2475
6762
1835
3367
2689
743
6671
6513
1664
6218
5441
6234
2991
7596
4374
9485
5863
4178
25
1570
1184
627
2503
3953
137
261
5181
8611
4392
3258
2621
8578
6529
8559
763
5654
3718
9463
3755
295
4725
89
80
473
6371
8915
6302
9653
7258
9170
8493
569
7501
9492
59
9639
6053
3784
5574
3764
280
1316
279
3495
3017
3205
704
6731
608
5374
5643
3887
73
4628
8986
4277
3057
180
1908
3157
78
7113
565
7550
9225
3365
3950
6306
2500
2781
3942
2580
4023
5669
5763
9211
3428
6829
3321
3426
2967
3945
4864
4668
9358
2594
8768
3746
8829
5307
304
1390
5869
7695
9747
9760
1509
5189
9223
9397
5068
6674
1545
5830
8515
2308
1233
2918
6289
4460
9438
7665
495
8863
798
7853
7646
8774
2995
8627
6
7132
7691
4167
4056
7909
3859
6644
8457
2749
8622
786
7128
5790
567
5066
9968
1595
885
8032
2848
2963
667
8852
2904
135
1946
5904
8442
6188
8197
6386
2628
9367
415
7295
7545
1228
7107
6650
2508
5305
8394
538
1826
9600
9667
8900
5504
7602
8658
9101
1002
586
8210
4234
6603
8839
9547
7103
5981
9332
9169
542
1737
4215
6715
7527
176
6017
4362
5473
7774
5667
2087
3240
5350
3792
8113
9882
4584
8561
7623
7758
8551
3522
393
6108
376
2445
7759
7101
6066
7862
6812
3080
1128
2155
1649
2189
96
2235
6515
2086
4761
4432
7939
9548
8997
5018
1401
7200
9679
7492
3602
4008
1427
1761
1162
8856
4798
9400
3304
9106
5829
7476
2734
6743
5844
1797
217
7204
7478
980
557
5134
9259
2294
6120
1130
1250
6100
23
8813
6991
8219
1096
9837
1919
121
2111
9031
5601
4037
6136
7077
55
4940
5098
5824
3743
9780
8420
9483
1380
5743
8234
5213
8764
7966
219
4993
385
6412
7701
2400
4808
7930
1039
6276
6808
323
6165
9299
9245
792
7234
3914
3544
5367
3415
7226
1736
9523
7716
530
3606
1040
8652
8335
2058
3875
6830
533
6886
3081
4350
1008
2489
3409
2865
9381
3362
5516
7962
1907
7173
1062
2379
6691
3880
4390
4847
8517
2361
3318
516
9309
3096
4516
9246
1631
5603
4162
5322
281
7098
2062
9902
7674
6607
712
928
3646
6766
1662
3703
8639
4552
1796
373
1136
2304
1651
6425
3909
537
9733
4577
9841
5549
3248
503
7666
5781
4306
2510
8700
5423
1551
9510
6318
4556
1976
2866
8819
6793
6229
188
7510
1610
6353
42
7766
3614
6993
855
9577
4128
1804
141
721
2959
8657
5362
7456
8781
1249
3199
8996
6198
2143
5758
1612
6732
9805
1648
8089
2474
4948
1481
1320
4415
6458
4590
5786
7523
4166
5861
5253
247
561
2019
1085
224
3889
3182
6230
7950
3283
7565
3676
3992
6492
4731
4834
3345
4252
3594
1580
3444
3673
3492
3563
2949
8725
3210
8274
9845
4140
3552
6331
3600
9276
6478
1793
7839
2169
5514
5474
1524
8606
1048
582
7910
8463
8784
12
7639
9356
920
6013
9368
7117
7892
9784
6161
108
9095
2935
2796
7259
2794
1921
6822
4912
8036
333
6281
5106
1765
7479
775
2006
671
616
8514
5677
164
4744
46
4823
6374
2036
6187
1003
4247
8888
4549
453
3235
9629
4735
3012
2415
8586
7622
8673
3830
1237
1973
9605
7826
5472
1831
1108
7541
4283
5231
3686
1632
7172
2284
4410
8748
7325
9040
7642
9374
2046
7765
5495
8896
8103
5819
6389
3518
3551
6535
7433
3099
7302
8943
7676
3501
858
8922
2231
6689
3608
8831
3535
2224
1630
2135
3721
2597
6256
113
2388
1030
5583
8508
3348
6672
6077
5421
6420
1958
811
4163
5735
4491
1172
8582
8240
9627
7090
4513
67
7089
6470
8247
1666
3456
8173
1566
6069
8472
3550
3893
1780
9614
3494
7404
1858
2711
6913
4275
1597
9871
9175
37
8740
5692
1120
2431
2671
9579
4095
5179
2151
4921
4919
1469
2363
2852
819
9380
7935
522
6388
3112
3560
6463
6847
9996
4822
4281
3763
662
4665
3103
5630
9112
7761
7521
8230
9543
9313
2136
1262
4980
1197
6931
648
8438
3888
4457
6328
5905
8773
3911
7203
7315
4699
74
6964
4569
2392
5250
2740
9622
3801
5326
4722
104
9204
2807
4579
4723
9786
8776
8637
2497
4313
1396
6686
7338
5995
6357
1398
1627
30
6610
5052
1882
2772
5570
8510
3490
6260
1086
744
2901
4164
568
9190
8785
4852
2520
1123
9466
1582
3180
8314
7276
9680
6836
2093
3126
8687
7057
7571
4674
222
9242
2310
5920
4695
2928
9213
1962
85
9635
553
4528
5171
6763
6550
9832
2067
461
1317
1636
5202
6489
779
1557
3525
9818
566
9685
2047
1787
9231
8220
2564
2738
9497
8254
6138
5230
5791
9940
7242
5702
1161
8373
9292
9395
1806
2144
2551
5103
5806
8258
9366
3390
4594
9847
3642
5640
766
1340
7015
3613
299
1856
6838
8894
7363
2994
3042
833
6339
3817
8086
5264
9524
7617
1464
1234
7341
4517
1369
7041
2610
2112
7190
51
9735
357
2656
2998
2091
8714
3619
2285
4743
3441
7070
8155
7024
836
5442
9759
589
5633
69
4024
150
2492
3331
630
1355
3043
6486
1374
2921
6063
1220
9184
8944
4175
7297
7438
8716
1087
3287
5550
2021
1438
182
3726
1459
1016
4875
5082
615
3100
9413
9773
6850
3489
2001
9445
4927
6342
6760
8090
3140
9812
145
5490
7092
11
2307
9804
9182
8355
691
2669
2257
440
6154
9037
3700
6915
2784
8654
6177
7655
6024
2337
445
8347
8485
1779
9401
9298
8868
8202
1511
7174
4535
1614
2015
5412
2984
7872
6613
6712
6384
4473
4729
7292
8869
9740
7483
8855
1041
5857
65
3591
8756
9970
4104
5205
1239
1712
2608
6583
3241
2498
6622
4434
3329
8119
3368
8604
5297
4451
8961
2683
7681
3630
9819
2162
6040
8423
5237
7509
9736
7227
5174
9461
7810
1395
8593
2642
1955
997
2130
9849
7651
24
8664
9699
