10000
4487
5805
2523
1991
8150
8328
3379
4777
3145
259
9175
2658
4465
9206
657
2065
7918
2290
6299
469
116
1917
7364
9840
9630
6114
1748
1061
5542
3658
2861
2553
6319
2946
1721
8639
5020
3585
2445
4163
4411
4772
9358
3006
8291
4040
5320
8110
6575
6314
1826
5770
5057
3961
2499
8924
938
9948
743
4029
122
9213
3291
3682
1071
2131
9330
8773
301
29
7097
8209
9345
4796
9711
2300
5267
341
2720
128
3885
7538
4505
5798
1198
1362
8736
7635
4192
4942
1524
8304
6899
3212
2285
109
370
8331
1132
5172
9567
9706
3178
4360
5697
77
2912
8574
1044
9399
4565
2702
7891
1860
5718
2254
6502
8067
4332
4462
3026
2836
2207
9997
2547
930
1673
8766
287
4992
1707
4948
7497
5939
8509
7294
887
3245
1199
2151
7380
6716
8654
8258
2808
6210
9897
3159
6548
7413
2927
46
3365
4813
4064
9117
9079
7326
1041
2221
1302
7344
5513
8273
7261
9922
660
9667
5609
9272
5026
8224
3924
6907
7862
123
2744
4069
2409
1431
9442
1527
129
452
8308
3099
4380
155
2649
711
873
5160
3708
6168
5603
7054
4591
4405
6359
5352
6008
6271
6207
9772
3919
8486
6092
9851
8190
4548
2655
383
681
4714
4602
5304
252
4892
749
6257
8102
5047
174
580
3925
7015
3932
6875
6847
1841
6140
1954
4371
778
1415
56
1155
2645
5966
8377
4753
7469
1580
6001
9391
3837
4021
7703
6961
8841
1054
6065
5467
6062
4129
822
812
9737
9762
1532
6286
7464
7622
7305
1996
4417
2095
8148
1160
6204
3783
6476
6666
9988
3687
5776
1212
8084
7961
1747
7386
2317
3909
5261
6695
9940
3107
876
3550
1237
3515
6005
3716
5390
1635
826
5811
2695
9839
1912
1043
466
4334
2166
4559
9531
3516
8727
6182
5646
5508
7778
7747
872
5977
5829
879
5342
9418
6418
8137
2
2144
7656
7084
9896
3160
1640
7101
7398
6272
5183
9139
6598
685
7401
5655
2924
1872
9092
6424
7761
1385
781
9380
3367
2987
2673
7467
4372
9958
1507
6503
9857
5450
6132
9584
1852
632
7568
814
4906
417
8367
6663
3968
6430
7389
2562
5336
2091
8196
5454
6712
5090
2859
3535
5921
271
2362
7825
2922
394
6588
4786
476
2159
1203
9529
4920
1705
1063
2294
573
8299
4062
551
9852
8181
6665
3347
3667
8175
8520
2255
9106
643
7067
4769
8830
3403
7727
9502
1486
8366
3881
8755
9032
1304
2113
6156
4592
366
4874
764
972
9657
8083
9339
2351
3684
1812
2619
3423
7812
7207
6898
3091
7042
9141
499
5816
193
8240
2854
2122
3109
9407
6867
5476
5053
8848
6858
7514
7484
9561
1625
1999
4397
4928
2079
9374
5925
1804
9228
7350
6799
2571
5988
2164
8929
904
9669
5470
1367
8540
5503
4869
2392
4127
8338
4232
5323
8337
1895
462
8542
9134
9047
4164
8071
680
7045
5185
2097
1947
332
5456
2904
5891
4518
2828
3868
9522
6176
9846
9400
7107
5584
2176
2894
4555
2606
8820
1944
2370
7561
8421
9431
6738
2277
6908
885
8029
3104
5257
2565
6375
4790
7036
3185
2225
9445
350
8657
5331
7988
1843
838
8672
5837
8447
7760
6796
1201
7665
1655
3177
9147
776
1688
1485
5350
7272
4280
1639
4313
564
3427
4707
2359
1243
1366
9424
8131
4340
2821
3663
2325
2040
2905
9745
7861
9769
99
607
1508
1234
6346
9491
3118
9894
6909
990
3893
8347
4181
8591
1592
4888
5042
6988
6431
373
1482
3795
1502
9144
2229
857
4532
6642
7978
3763
2145
5546
5077
1159
9313
2349
7815
1902
5848
9163
6983
5408
4193
7334
5752
7139
771
2919
6031
6536
7831
3063
1548
8730
6126
4805
8419
1743
6993
223
5702
4882
4239
3126
2917
3725
7163
1667
4
2998
1590
1184
6130
7162
3706
7403
6924
5555
1364
6998
6259
1310
3298
8538
4498
6198
2580
6962
8010
8193
2629
952
3223
8909
8276
9539
1663
6042
3156
6069
4558
3677
7819
9949
5566
39
369
9334
7797
9024
442
3617
1970
489
8852
3794
2217
5369
3277
3181
2168
49
4215
4141
1236
9266
1345
4148
8109
3310
9212
9142
4162
2010
9855
4598
2034
1538
5506
7291
4425
4659
4609
6222
3496
2970
3502
142
1849
5908
5197
5043
72
4513
927
9038
841
6607
7140
9029
8753
7271
1692
7618
2464
3499
6640
1584
6579
3991
5812
5799
8471
8519
234
3146
154
4156
8731
3517
5036
8454
3094
5278
1952
8964
2691
5673
8499
6118
7324
3299
669
4183
9413
6573
2501
3314
8903
6205
2410
8695
7895
7799
4838
1008
9401
3864
3440
1803
2783
997
2322
9731
9270
8962
4205
5203
4157
1104
687
9775
368
5061
4634
8095
2519
1207
1093
8204
3353
3814
8783
4297
4955
6840
9823
5510
4341
5645
4316
2088
514
9310
7806
6019
4218
1791
6520
5113
9081
8140
2425
5129
3254
6837
5624
1261
9867
4054
2613
6690
9578
7320
7766
9104
7964
2508
4418
9918
3950
5416
9446
4387
1596
8327
1058
6017
859
3733
9774
6869
1465
560
4146
4804
5258
5955
6291
1822
329
8355
4464
7606
1668
5635
617
8233
3970
1121
7059
3092
382
8601
2851
1624
4349
8134
5721
1501
5689
244
917
9377
4851
5284
2058
819
7903
2215
1408
7038
4818
1409
9744
9843
3038
5594
1829
5387
7795
2979
7985
957
1537
8930
2084
9546
2638
4133
5055
1564
3730
8476
8016
9493
4353
1816
6705
4466
3391
1062
3010
5207
5946
9835
3101
7983
6263
1336
1256
5664
8283
2073
547
8642
9304
7688
9447
8955
1191
6978
9115
2199
6302
7181
6786
6600
6076
992
626
9558
5011
248
7360
3396
212
733
6185
3604
9879
2428
9954
8513
9740
3007
7270
8904
1091
9383
865
9100
5567
2923
2182
1738
9650
4386
1066
2834
2080
4974
7574
8094
3921
7621
7481
3434
3661
5244
5623
4529
7103
9111
3751
1792
5858
4174
2738
7400
7177
7308
1867
8975
2789
2758
1988
7558
9280
4977
5992
2264
8831
2572
5654
6604
4751
7126
3773
5496
8787
604
8571
1859
8718
5241
2921
5708
7306
5699
5973
7587
7397
3503
3984
4017
2860
761
6338
9959
4002
8810
5574
9071
5947
9635
4823
7114
4643
8543
5819
3241
741
7301
7609
1445
9008
8554
6702
3792
8697
6954
1067
9461
2982
6888
3787
1823
2674
1712
2398
6115
5740
7485
5176
991
3793
2968
1806
34
9120
9202
762
662
6414
9597
6129
8865
2978
2958
2510
7743
3758
8158
5782
4288
9725
8782
9675
2517
3776
7156
5307
4037
362
7190
4978
5980
7367
3311
399
206
6857
8625
993
737
6180
8573
3300
2103
2602
3718
474
1855
4231
9151
6000
8236
8024
5395
8917
2636
2001
3216
1971
5822
7544
5071
6287
985
4048
5293
158
1271
3421
3304
5744
4698
8617
3629
2251
2297
8569
4479
3845
6161
1989
1684
1877
5245
8729
2478
8216
9179
7183
9670
8515
6656
9548
8605
4511
9909
2062
9505
6801
7902
9043
2779
8935
7121
1636
4710
6700
6452
1114
2386
7757
2814
5854
3133
2353
4333
6633
9509
2550
8482
3940
1941
5728
6145
8602
8062
9128
6063
2952
2693
7774
7146
2795
3913
6048
90
2639
2727
2093
6814
5675
1718
281
4098
3430
9961
8480
9004
1331
6979
5731
956
7217
92
2436
5775
661
7165
4025
3323
4785
6073
8264
7010
4191
6239
9219
2664
3992
1202
2368
9323
340
3290
5482
5928
9587
8056
5421
3929
1715
9519
4737
527
333
6010
7222
431
3777
3088
4499
8044
5739
922
349
8412
7971
6297
4604
2886
7726
9054
8261
79
2458
6740
9642
6725
1005
8690
5722
1305
5636
727
4635
4398
3539
3468
9036
8889
2482
4570
728
5704
9836
8663
686
7979
1226
5583
157
982
511
2624
6806
8055
5671
9337
3341
6439
2618
1786
1558
7783
5175
8931
6648
5271
1641
4716
9006
4826
5903
5437
9611
703
203
8017
1965
5489
2588
4893
4485
1620
1276
5415
9802
7926
7853
4103
658
1871
8925
1749
1233
6816
4547
1246
5712
3135
5665
6629
7345
3649
9208
4072
5117
6811
6760
7175
8804
8354
9452
7910
9790
4317
3986
9738
1745
959
8098
8960
4504
6959
3250
6664
4622
7144
6256
8878
9124
5769
1113
3817
2066
5756
4614
4568
9153
508
5637
3453
5543
8559
3349
780
5588
9887
8781
6821
2650
9933
6356
176
3362
5253
3903
6014
1003
3027
4283
7069
7533
8707
3760
7865
548
8185
7302
2471
4016
8223
7787
4798
1866
3709
9698
6769
361
8775
5494
6352
9085
6184
9742
2800
8950
6378
766
4612
1490
7954
3779
9953
4111
7472
3559
3288
7032
3852
1069
2331
8956
1200
2809
3401
6943
6146
2914
6638
1808
4523
4352
1770
6985
2920
3557
4282
2296
3256
9945
2928
3030
7152
4028
6744
2187
1846
2109
6117
2234
5012
1421
7319
322
2032
9668
3907
4971
2626
2975
884
9405
3504
2736
7689
6872
8278
2441
1221
3672
3595
4210
1392
4113
86
5019
6498
710
4871
2430
1581
3825
8250
9682
6843
5093
5625
1741
1919
3599
1402
3473
983
9674
2420
2082
7973
570
1551
6135
7832
3266
6885
9859
5578
481
3009
5611
357
7782
8747
2265
9419
3750
4293
213
8407
5831
7920
6878
844
7768
3690
5905
1374
80
8932
8940
7336
9633
9082
5888
3437
1354
1147
6497
1719
5957
7772
8493
7256
4517
1943
627
1649
6235
2470
888
8819
8920
6060
8978
9227
9469
6694
9238
5552
254
5403
5132
7567
6339
900
9864
8934
2582
675
1188
3552
9665
6880
2367
6227
4812
3835
9176
2667
7371
161
8667
706
6508
3269
1475
6215
93
1260
6326
9770
1702
7551
2279
253
4114
5102
7790
5590
4979
4261
9535
8912
8401
8392
3688
1033
7881
5137
3977
1346
5703
7173
8610
6975
1689
6443
8358
7945
8558
6331
5899
1911
8173
3035
6252
3066
5468
133
5008
5442
3028
7725
2856
8348
3506
4746
228
6101
642
4797
6342
3888
8585
5455
1905
6370
8200
3202
8414
7900
7447
6402
9830
9534
1626
3642
1496
6832
6828
4936
3042
3981
8673
8080
1489
5601
7242
5602
3767
4720
7552
6397
4453
5031
6668
1751
5714
3851
3880
5576
2143
6989
8595
8462
6281
4788
5498
720
7704
3426
5850
9112
4243
74
3643
1072
1289
1228
7719
630
6949
3149
4527
7333
8524
291
7214
4178
7801
475
6634
2528
4922
7883
2149
4364
5747
6667
8159
3976
9786
4012
2104
1568
3602
1865
2074
4899
6887
9245
9712
3890
5146
1631
145
453
9979
8532
3180
8726
2557
6350
7858
2121
9560
8688
9481
6120
3457
9095
5490
1127
5268
1790
5246
3723
9586
1934
2902
2679
2383
7206
4795
4578
24
3712
3988
4019
9917
6904
6285
5167
2534
2439
2163
4456
3203
6787
8582
3883
8011
4688
1671
4872
6692
1571
3987
6171
4080
1778
3220
4834
8280
338
6652
6170
400
8858
6608
134
3360
6871
9040
4273
2293
7530
7963
920
8312
5426
6482
9969
7037
5181
3069
8563
2488
6354
9681
8615
7657
1976
6446
4875
3815
9549
5372
1910
6051
1544
5994
6881
4911
6469
8488
4350
9494
3130
5661
8993
4260
4475
5034
3534
5852
6164
7547
63
3115
6868
817
218
9489
4024
4301
8911
7769
8811
1433
8014
1847
5563
7590
9760
2385
7118
613
2587
5642
2974
2698
8694
2284
4078
7650
7105
5419
692
9460
3962
6561
5540
1972
8389
1047
1653
8853
3319
1405
8393
6380
2665
2304
9825
7133
7753
4082
8262
8717
8490
6363
8886
3902
5076
2055
4665
3128
6396
6085
8417
1896
4728
2593
7057
6972
7982
8791
4631
9792
263
2646
7297
9396
529
1042
9239
330
6981
35
6002
5041
951
1869
6728
2239
9089
7808
8728
3975
15
4915
9756
8384
6365
8388
3082
6091
5571
3481
5698
7695
3636
7493
3172
4760
449
9589
9593
853
3759
2443
7187
2395
9951
497
2457
6646
3996
1713
1280
3113
5803
1918
8274
3295
7603
267
1012
1378
8305
521
2672
2873
3736
7613
6218
695
4287
3454
5382
51
1045
4660
782
9292
7363
3570
9263
7246
1933
1801
1487
9676
5354
3201
4128
1598
3062
6749
2334
5169
8997
4887
4845
6484
7906
3805
1690
4242
7303
7762
9899
1754
5472
507
8352
3549
8107
4424
600
5832
8403
91
9033
2133
7923
9854
3493
1716
4312
355
5317
1172
6333
3799
8297
2759
4413
4855
827
631
6037
6678
9604
460
2016
3954
2684
6748
9895
5534
7517
7809
8948
1294
9211
5622
2283
8653
7058
9303
1961
5002
6245
3041
353
8284
9722
1923
9466
4648
4415
3060
4306
8863
3918
5191
4347
8619
4358
3616
3238
9305
5188
6465
2567
9097
5549
5186
963
1874
5828
7864
5806
6043
9986
6524
6260
4980
3704
7155
5488
8277
4214
889
845
4853
7020
5228
8587
6345
7219
6883
8211
1942
7931
672
6361
1240
7692
3345
5696
7215
9678
5527
8418
1842
9697
4041
6353
3029
7542
6105
4863
4933
6030
1637
7555
4715
3600
1348
750
3947
9643
3693
813
5507
8659
2230
7296
790
5209
8678
9101
222
5483
1591
7355
2739
1720
9696
5845
1662
2751
7694
4719
4137
1630
722
980
9847
6836
8226
5614
1925
2366
164
6659
5911
6874
8469
9195
6416
9009
1844
5734
7939
2502
8915
2438
5843
4206
8793
4448
3505
4901
4344
7911
7456
186
9411
4919
4733
5789
7077
439
4363
5094
377
6572
2551
9432
1039
4158
2306
9915
4859
3040
8100
7108
7311
2387
8242
4944
7693
5337
9699
3317
4588
8756
8612
3965
9626
6459
9614
5998
7685
6745
5050
1146
2181
5028
7442
8241
6762
5262
6773
9384
6500
1769
3170
1179
8087
6190
9348
6957
2004
2124
9767
552
9483
8675
2852
1559
3328
4586
6438
5361
3581
6022
4023
4576
811
6481
2140
3511
7477
118
4704
5600
6529
7224
2525
5208
1323
2761
4705
2688
4035
3838
2755
3336
4013
9186
6423
1018
6686
7435
4684
6318
651
9726
9275
5842
5859
3993
2090
4647
621
9226
9622
3553
4423
4026
9357
1495
5662
5153
397
7089
3273
7172
8286
3195
8551
9060
9537
1107
8739
7280
8066
3731
5746
8406
1021
8086
2765
7211
2531
2024
2827
4199
8721
3674
1267
3018
4337
2689
5232
2995
5131
5045
7576
9000
1731
2959
4229
9576
550
4900
3071
9291
9758
3488
6550
3068
5544
8882
2848
7600
9693
1946
2114
9608
6768
2419
2274
8738
7562
5884
8859
9315
7882
5180
3850
1740
4617
4814
5873
3755
8928
388
7346
1187
2819
9794
3079
2773
4857
4657
1578
4446
4896
8990
6016
8038
9073
4083
5242
8600
1108
2043
5355
7407
2281
7441
7229
1161
6925
8443
3695
586
3166
3354
5295
2203
1283
8302
9498
3632
3811
4291
3608
5796
7239
7112
2405
7633
7406
4679
2997
1546
3447
9362
146
6938
740
5742
205
9796
3282
5486
3789
7240
4626
9663
5200
1218
5741
3752
5301
48
4668
6889
6967
9609
217
2185
6987
3456
9831
4335
2450
3555
4430
214
297
1190
5808
4787
1223
3625
8336
663
9307
2198
7419
2701
1878
5525
1660
7803
907
974
4653
5145
2057
2256
2049
4876
896
8335
1040
4994
9487
7443
1002
7640
597
5292
33
2546
8795
7072
5971
9145
3420
690
5192
5953
6324
4319
9863
4278
535
4359
358
9708
4842
6470
7330
1251
2107
3287
8647
458
6249
6189
1451
6517
5598
8114
8037
8994
3734
828
7030
1894
589
359
5768
3778
4237
339
6131
8927
2610
318
9458
7376
676
9172
1576
4177
6844
2045
7601
971
4120
3272
892
926
1768
82
5040
7076
1552
1208
1820
8825
2552
9249
9329
1513
472
7055
5986
1017
8275
9532
582
5581
8679
9044
5786
1007
8251
3008
8754
7540
8916
1124
4073
2023
4836
2991
624
8104
815
3484
3694
4490
7839
1728
8332
6808
5904
9496
6784
638
7212
7149
5441
731
5287
4089
7919
4491
5199
5259
7702
2916
1327
2642
3393
8151
1388
581
2911
9516
5303
8699
4530
4112
7196
3681
2569
207
6373
6856
3221
7395
2433
9395
1057
3727
8457
9702
8369
7814
7482
4066
2112
5866
7433
6683
7411
5070
7143
2169
7924
9011
5558
3827
8846
6687
1138
9086
6221
2162
5330
7387
2372
6794
840
3891
2599
629
9656
2076
6357
7966
9433
202
9422
928
6601
9619
6873
9967
1708
668
4416
1391
9768
1753
1909
6582
3624
3531
5433
284
1130
7525
5265
8282
7269
7699
1634
5511
1416
9735
5410
7393
4276
6494
1449
4731
9296
3587
6722
6936
7373
6454
6421
2462
7888
6672
8829
1781
4342
2026
8172
767
3352
4551
6034
5001
3951
9281
7425
5784
4848
899
9763
6963
9412
5289
3289
2189
3023
2976
1272
31
6489
7022
666
700
395
8292
6200
9423
6071
4525
4255
3293
1683
9309
3990
5013
7250
655
909
7392
8165
2316
8489
5880
4605
557
2192
4579
2631
949
2134
3325
7418
8850
184
2903
8135
3784
4182
5238
6547
9370
2637
9459
2390
759
3204
3572
4792
8716
4932
9923
6403
3607
4966
7349
6679
5818
2092
4123
8769
8042
1279
6929
4890
6153
3564
6754
4868
4908
9746
6427
5720
6087
6133
4222
8363
8281
820
5727
1650
4829
7329
8890
7626
9566
7243
4802
6212
9874
8502
7085
8843
4357
1840
941
4298
6209
1686
1314
5716
8154
2318
2301
8221
2259
6916
8885
1209
6564
4821
1379
6807
2361
2125
7504
1530
6937
1764
2949
3522
3836
540
897
4968
5471
9075
5413
2437
2721
8179
1964
4500
242
539
4265
3224
2507
7713
3568
1870
6552
5064
4356
6122
7972
3476
2630
2298
6369
2302
6463
6389
9406
8583
830
9721
2622
7940
4799
2694
835
4573
7123
8456
2913
5435
4774
7429
6199
1977
2309
7480
101
7375
8116
6852
7683
9646
2047
8265
2466
8839
5725
5106
7554
3240
2343
280
60
6307
1833
4125
4043
4493
6405
3722
7254
8307
1210
1284
2986
3945
7729
1593
8123
3080
7000
4198
1522
1657
5161
6995
4608
3244
356
6647
5684
1217
4722
1376
113
6242
7941
9338
5127
9862
4005
3726
7545
3227
2730
6308
7629
5219
8580
919
9559
6226
1893
2310
4108
3876
1353
4516
211
3292
5066
8792
7874
419
2288
9497
5713
4131
1499
210
7821
1291
4049
4445
2719
2994
3271
6846
7639
2081
1687
6152
396
3397
6763
4058
5178
6453
5963
9752
8845
2485
2214
3995
7396
2053
7560
5621
2678
9757
8096
8814
6774
2465
4053
8723
4531
6035
5615
9053
3056
6125
496
5085
7338
6201
7474
139
7894
9733
1414
7869
150
162
715
659
7907
595
5018
2377
7358
723
5906
9046
7642
4008
2754
9511
1224
810
6020
8371
22
8182
6568
9905
1082
3818
6945
9827
7174
3467
5376
3297
5321
9684
6485
3914
4502
4593
4324
351
7608
5193
5443
770
40
7870
6393
13
3583
7194
6865
8186
854
3394
3501
569
3169
8768
6939
4650
3246
4550
8108
4672
801
4736
4070
5917
1534
2072
8552
9603
9941
3280
6225
7451
8448
9826
8536
7887
3230
8757
2643
1287
4004
8835
7116
1162
9832
1802
243
9002
2442
6704
5792
6047
9866
1863
7287
5871
6619
4803
2818
2313
6258
2741
3614
7431
1103
1463
869
9813
8306
4495
2640
97
8658
5322
6590
8774
4044
4469
7151
2388
3859
1656
8259
9436
6753
8734
5275
9878
9279
5787
4581
2824
6580
4187
2476
3033
870
198
7202
2540
9102
8027
421
4885
3478
1167
605
6766
7479
9501
6651
4742
9815
4589
7070
5431
7604
3494
1248
6966
8744
2884
8777
3746
8560
9591
2723
9072
7092
8514
8301
4065
7255
8832
1523
5394
4105
8243
4779
8643
1068
4847
6148
9255
7698
7724
4959
9278
7327
7546
3657
3428
9430
7374
4587
3274
64
1935
9523
7643
9210
8036
5052
1411
1556
103
5597
4926
8160
6599
6721
8026
6798
2811
6255
7715
5023
862
5449
1980
4389
9034
9653
3406
5452
9628
5648
4923
5243
1410
2805
591
172
3037
6387
5745
1900
8033
5480
3912
2252
8341
2729
23
6027
7195
7511
237
8531
6013
9610
2068
3093
5915
8874
9316
7962
796
549
8577
3872
1885
3388
8099
5313
5924
3264
3469
6312
3261
2973
2269
8634
8167
9914
6726
1856
5853
6974
7752
5474
8477
2094
7519
9739
88
2397
694
1570
2402
3044
8072
8790
5750
4452
1497
225
5286
816
6951
3796
6329
7591
5164
9314
3728
4721
5836
5385
8034
3252
3699
6433
4302
7295
2235
3408
9971
7841
8989
2248
8040
8161
2612
1238
8969
6710
3329
4451
2136
2183
9781
7535
7649
7938
5461
2060
1297
3450
3333
2069
2035
3129
8689
6159
7314
3491
2937
2908
8849
7822
8982
9800
7859
3228
8195
2108
461
405
1194
6447
331
1606
4234
7992
3967
6884
3533
2653
9881
7414
6783
9538
5666
9886
7817
367
3915
8427
8979
8649
4289
4354
8207
448
4161
9884
7744
5327
4894
9542
863
3621
585
5236
5612
7916
8977
411
3492
5274
4188
8288
1553
7830
7630
2111
4184
1737
7645
9817
9528
1623
3340
4696
7746
726
6621
3097
2725
8130
6825
4641
606
4204
7573
4150
3774
262
596
6113
1464
8210
7548
3173
7050
7901
1358
2347
9952
967
4916
9437
294
4522
4230
6720
6495
278
6261
2882
4630
3078
6078
3376
7
7427
1087
1426
386
3660
7383
4130
611
1174
6866
3521
3164
165
8706
9541
1730
5604
3944
1691
2314
1059
8164
5400
5367
1597
612
538
2364
7332
7786
6079
1809
7823
9189
3022
2868
8590
6594
4115
9975
1797
2608
1693
8566
1019
9017
4841
309
9562
4603
3215
6244
943
649
5568
6282
8113
7021
1419
995
3497
4404
8893
7974
8897
9325
5886
8740
5587
4912
38
5851
6172
6776
9615
5634
8409
670
6435
9710
7062
3398
9229
2373
7430
197
3917
9088
1479
5733
1351
5095
6914
5162
2782
9416
7487
5870
6526
3001
221
275
2865
7967
4538
9755
4444
4701
8908
9645
9242
2866
5548
4580
9385
9634
7230
3335
9932
3065
159
1805
2692
9638
9963
942
423
9473
1443
1572
916
479
3162
2671
7835
7124
2003
2382
6295
2652
1953
1800
6147
1603
2250
4185
8797
9027
934
147
7878
5373
2713
3174
1824
880
2393
4299
5910
1681
8665
747
1772
426
7415
2566
7592
978
6193
7796
7096
9441
1724
239
2263
1997
795
5539
5326
3647
1418
7720
2135
3208
8019
3612
491
4902
7223
2197
4850
5701
1817
9795
3541
7625
3019
1049
4189
4997
4778
4203
4913
1250
308
6528
9059
8518
6178
5668
7995
5440
806
2875
5522
4408
1813
6940
6032
7204
4020
3418
5368
7446
8562
792
7491
7188
7004
2677
6194
8178
8118
9679
6267
4596
9045
6919
2874
1038
3775
3251
5589
6723
8058
9488
3125
84
7802
4771
1015
2933
3399
849
7043
9288
9508
9162
2337
5098
3519
1618
5399
168
4209
9
2461
2838
4600
7575
8745
9856
5937
5933
2756
8498
9204
3014
4577
5451
513
4739
5780
10
9289
3316
7002
7307
4618
2527
9514
2115
1883
3644
7365
8698
5981
3232
7513
721
8052
25
4031
5329
6729
8676
789
7677
1622
6829
6165
6731
6870
5682
8578
3983
3813
4330
9590
1589
4729
6839
6693
847
8553
6788
574
3908
912
9297
9067
6419
5174
1978
8501
303
9865
3510
2241
2542
8967
6358
9861
9243
3652
7679
2577
183
7539
9327
3963
9191
6187
5438
1828
6609
1145
196
5073
846
2899
7773
258
9080
4370
799
2238
4169
3578
4383
9964
8743
6317
4677
2059
187
8517
8399
8822
8386
2604
6574
8431
918
6918
5110
4595
7781
463
7892
9926
6733
7810
8237
4824
1269
2871
2406
4375
8548
7381
4964
3392
516
4267
9344
9734
8986
699
6845
1075
5691
8980
2669
628
9146
7638
7180
1575
5572
409
898
6437
8091
9233
732
9582
8090
8815
2315
9271
1959
3561
2633
4426
7850
3020
5760
3937
8785
487
1406
3095
6850
958
3538
1373
286
2774
2543
5764
4506
8069
1371
5247
8184
981
2770
314
3191
5823
3369
9784
4667
2360
4166
9858
5869
9987
2412
8995
977
787
2786
9317
5738
2746
9287
6461
9946
9729
3800
5900
2832
9853
7936
9352
3239
2211
1268
2522
2804
3124
7227
1924
4419
4438
1298
9625
9365
4676
6831
6589
2434
8053
9164
3620
3378
6315
6617
1858
9499
5152
8290
4461
4613
5538
9061
9939
9776
7130
1547
4712
2126
2909
2625
1035
8405
7232
8313
5038
5791
1985
3655
9888
5487
1450
4692
4488
166
5393
5680
480
4217
2268
5466
434
2484
2146
6689
2603
2196
6462
3090
317
4768
9152
5692
6426
3980
4018
404
9691
5212
7708
6755
3123
3150
9471
6707
470
3509
698
2127
8838
3112
1473
6088
5550
6279
1277
8495
2193
1259
5310
8317
6922
4144
2784
1963
3390
8880
8032
3211
3313
2253
8022
7628
6991
1308
425
6802
1264
192
6818
5954
8077
9390
5133
6910
4175
7564
1525
9007
3958
7154
2449
6491
5010
8468
8511
5995
6730
4348
8177
6106
3676
6301
8438
601
4837
4046
2188
8466
2011
5151
3337
6835
6797
1520
4963
398
3927
6474
1133
8013
4883
265
8060
7449
7034
4336
459
2850
1446
7851
2448
945
1583
8122
7186
4094
2075
9149
3545
7182
4898
6283
1329
9606
3558
5795
5693
8437
6759
6677
8246
933
9333
2247
5473
7490
6479
7265
1156
2586
1326
8711
940
8671
1515
2732
8637
270
1131
1990
4782
9672
5353
1825
5809
9143
8115
3960
182
2826
5857
6151
860
2661
73
4809
8937
5051
4713
9116
9806
7771
1083
5022
5554
6713
2240
2984
2989
9713
9217
1029
6057
9220
1253
4827
3312
3764
696
3698
8622
412
3350
5224
7205
5311
8256
576
6121
2495
856
3618
6305
1898
2935
5569
4001
1992
10000
7965
8187
3219
6471
7073
2021
2473
9253
8913
2324
269
2614
7495
4910
5499
2616
5501
7131
4539
1013
5633
1141
7384
390
9267
4952
556
2829
2291
7238
2676
6504
7348
8630
1387
7499
3870
3061
7631
2067
7099
3964
6284
7651
1070
8981
1185
5959
6162
2017
8028
8888
1514
8544
3405
3013
2687
9838
9565
9293
8879
7980
240
8526
5535
9138
7566
260
8926
3417
5824
433
5165
7309
2089
8779
1173
9388
4628
725
7588
8656
4145
1119
7310
8387
5343
1157
7276
1560
2408
2308
3910
7526
875
1143
2231
8092
9387
6777
965
1441
1811
7056
5226
7943
4637
6727
1903
2494
3819
4670
6576
7253
4063
5515
2356
3761
1028
3540
3668
5551
5606
744
4071
1429
1342
4930
5801
6863
2170
7722
923
2954
5430
2772
1785
261
8012
7984
2064
137
6970
9439
321
7673
5469
8999
380
4895
8035
9435
4726
1142
9332
1739
7312
3139
6830
1648
4515
902
1750
4368
3412
344
2030
5044
6191
8481
3387
83
5706
327
8272
3597
6917
5922
6399
1966
8089
9976
6928
5964
1629
3183
2312
5710
6028
3628
6896
8111
5585
2890
2594
3199
3249
7595
4956
5677
1854
6241
7620
1216
2052
4441
8764
6055
5024
975
2533
3348
6337
9984
9580
5086
7005
61
5715
9759
8900
640
8597
8833
9892
5216
7051
2961
839
7428
4658
7048
7706
8433
6955
7458
7776
1483
3374
440
8057
5833
5839
1888
112
1627
8245
7599
3858
4680
9257
6053
3715
7577
1979
6440
8322
3584
6488
5830
4734
5807
716
5447
7623
2369
3098
4638
5737
772
7278
7468
8522
246
1467
2346
5309
9222
2802
622
7019
6230
9632
7184
2472
3416
5730
11
1220
7404
9256
1906
4761
1776
5956
4343
4432
7553
1357
32
7082
8772
9030
6649
1400
307
1742
9364
9342
7889
4220
8549
748
4717
220
3863
3322
6425
834
9736
7977
2266
238
4494
734
7147
2964
9019
1879
4251
2467
6486
6534
1746
9420
5357
9807
1247
6674
1766
7528
5841
7409
8648
7220
7800
9234
3307
2621
3955
5781
2287
6166
5547
7957
277
4060
7120
592
4835
1916
4274
5877
4003
9629
5062
9944
3701
3332
4436
8898
2048
4307
8894
7169
4099
7948
1034
2715
8692
9977
3678
9484
8828
6248
5881
7153
7847
4610
3626
5
5118
6971
9398
8413
5674
3889
4481
8239
5148
4378
7315
5202
9754
26
925
9240
5521
2106
4410
5960
9451
8420
1714
6231
6630
3105
4763
5324
6327
7068
519
1771
3892
6213
7225
4474
6941
1222
9686
3781
5075
3923
1787
4139
6455
6050
5084
7723
9652
901
1701
6964
3656
3011
4905
9741
9850
148
5893
779
7368
7563
1932
7845
5754
4165
8844
4207
3446
5054
7260
5003
3920
7741
8321
9868
6644
8827
2926
7524
7678
9168
9924
9200
4268
3790
4590
4783
6211
3518
3916
1328
9620
6578
5797
8905
8146
7929
9076
7619
6591
9837
4991
4284
7060
104
7503
108
4662
6778
7134
8494
8349
6670
4392
3895
2179
454
7856
3573
7492
6953
913
486
5586
3158
8584
1089
9125
7049
2165
1542
8252
6934
9135
6780
5694
7680
293
6012
3860
5772
3735
8857
9617
4762
9577
5334
2792
6095
5644
1055
973
1711
1838
6322
5296
153
1887
7950
5260
8248
3525
5936
9094
7898
3442
30
6379
602
6445
3732
6332
7024
9764
7461
5711
5312
4447
4055
6420
7444
5096
1293
7854
416
2607
3833
7998
1987
5676
6841
8970
5346
5766
2711
4167
3989
7370
2820
7509
9450
9798
6472
4201
66
7844
8806
1435
8047
9671
6348
3171
6392
9962
4700
2763
5520
8860
4077
8478
4308
8680
2423
9237
5063
3324
6197
2401
8603
4254
9354
4484
5800
47
9123
7176
3205
6442
8383
3100
7990
7527
1882
1455
8537
8742
5599
5874
6902
1541
7582
1519
4727
953
5017
7749
1322
5565
7465
1955
2039
2455
4429
9930
4022
4228
8356
2044
1706
8174
6070
4880
5667
4985
8422
4180
8440
7066
5651
1760
969
5171
1830
4339
105
7976
7615
7585
704
171
8636
9188
3780
6349
2418
8669
3966
7811
7213
6033
8801
2223
9557
6036
1613
1205
2350
786
3633
4976
6671
8162
9068
5931
7138
5255
1077
9025
5670
4755
1335
546
6586
6293
5564
3386
6805
2537
121
6325
3685
1030
3700
8607
1438
2299
3768
6921
96
775
2925
5968
5478
4669
2985
6487
6300
6107
6518
5735
6994
2839
7735
9524
285
6746
4686
2977
9298
674
5810
5436
1319
3623
5763
2737
6372
7721
3721
533
4702
3190
9544
8441
5616
208
6413
169
7288
9113
9992
232
1498
1300
8050
283
8557
7137
2788
7017
8048
8197
610
2885
9848
2668
6144
7290
9970
9026
6736
5660
4693
227
5120
5975
836
2623
2375
4828
1644
7586
1670
9955
6824
9155
2147
200
5771
7816
9157
6444
1633
1285
2504
8362
5463
9779
7282
5958
3197
5972
5724
3566
8464
7198
6266
4440
1164
1084
9965
1249
9247
5014
5168
7904
5863
6826
8696
5846
5962
3189
2158
3556
1281
6596
4473
45
8884
4045
8059
2354
3785
4620
9695
4290
8943
3901
2889
9640
6340
7785
7928
8194
9119
894
5835
2766
8682
6490
6408
1150
2722
8404
9476
7687
1726
4244
7356
5356
8530
9180
3024
2260
465
7885
3904
4190
4806
8805
7728
609
7711
5481
2999
1137
8586
2793
4195
2365
5982
9804
7952
326
9462
7897
2487
3134
3267
9554
4537
290
3242
3865
3137
7944
8311
4052
9295
5364
8247
5123
5283
5840
2102
9078
4325
1461
1472
3749
6532
4038
7611
868
5804
6631
1229
2936
7025
3680
905
6341
1789
4027
9869
1533
9453
5254
1601
9284
2492
2554
7602
9882
4773
5281
9526
5027
7007
9543
9429
735
3544
615
2657
9799
1109
5879
295
4227
1986
1609
6815
7372
8724
5420
8510
5205
3483
8705
8484
7359
1983
4879
4477
2154
1425
81
3475
2345
7318
6236
4945
9503
637
4820
6269
5894
1422
2813
6813
8340
4014
3188
5790
8229
1120
682
3747
9908
3072
5926
7127
1969
4050
3982
7690
2077
3433
8770
2210
1299
9956
311
6021
2760
3666
8650
5184
6385
2456
9386
6041
1651
9183
9842
7199
7189
9110
6090
376
1723
5827
2002
2160
7252
9165
6506
3857
2600
59
5316
4300
4241
5736
6510
8547
2561
1398
4033
1595
5500
9515
9636
2942
805
41
1457
384
3296
9517
2335
1239
9254
1168
6100
5139
8534
5196
9677
9028
6163
7065
736
4691
7777
4361
9311
5210
9231
1950
7935
7293
1181
9785
4171
3978
1214
4556
6944
8453
1356
1347
9454
4975
7421
6819
1094
2208
4606
9184
5398
7930
7914
3253
6395
5729
8082
55
1178
9931
634
1725
6412
5774
2333
5658
6772
9520
598
9598
7848
7412
7751
2447
6820
7717
1078
9062
7912
3659
3939
1230
5460
6926
9880
7637
9639
9685
7709
7420
6614
4664
7086
9872
7731
8105
9285
555
9131
7382
3059
7436
1436
2656
7279
5351
8285
8041
58
6228
5383
8971
1295
1554
7249
4965
9015
8901
6891
4575
2728
5999
9031
4406
1453
9052
3717
1440
9470
6860
8508
9765
8800
4601
3089
6708
2833
4540
1355
2237
3898
6376
1928
8294
6024
8748
5847
7241
4247
1555
2891
5097
8627
4407
1929
1774
4329
946
2218
2150
2262
1048
6275
7003
8703
132
4104
6206
7876
636
9996
6015
6947
5220
1968
1752
9938
7660
1020
1945
7453
8887
6422
6927
6735
5282
3952
5743
8410
8670
7029
2530
6400
5158
1338
6793
1437
3801
7423
2993
4830
2342
7299
1477
2901
4497
3869
5838
7886
8505
8645
5919
57
8470
9647
3823
3356
7644
8101
3435
4940
8952
1759
4126
8155
1848
2440
2070
3017
2454
1340
389
9457
9042
8788
4833
6292
8267
7959
1880
2815
250
5619
3692
9449
4365
7378
3689
3218
6181
3424
5272
4292
9133
1794
8641
7102
9137
544
712
1380
9703
1023
9829
713
8323
5610
2380
5194
2177
2498
708
1423
2213
9730
3385
4732
6653
6183
149
7784
608
3084
1835
106
9974
1981
5940
4085
3563
216
1545
2560
1949
2118
1767
4621
8666
2762
3318
528
6920
7763
4873
1569
2956
7168
5269
1782
2033
719
563
8085
6391
9205
2244
8951
2598
8350
8945
6155
5976
2641
3724
2435
1466
8293
2120
1372
6264
2965
7100
6335
4564
4076
3193
3933
8483
3530
5360
7798
7316
1610
3074
3070
5950
3744
4486
4369
5930
9356
7607
195
393
9533
8872
5532
3258
2389
2535
8132
8329
584
7520
4322
4179
8668
2568
9252
3233
5000
5422
6894
6876
6116
5825
8426
4960
191
3847
3808
6583
9485
683
5157
3086
7159
9575
5485
334
6456
9782
4208
8303
9170
9482
2576
5978
6559
3740
8877
765
1876
1587
4434
4309
1818
6779
1245
9811
3260
4507
136
1149
1518
5116
7111
2539
9049
5757
2426
6905
6296
9178
5695
851
3592
5015
8270
6217
7237
9747
3186
8751
7141
9474
3495
9331
9947
9444
8183
8129
4998
8198
8691
3108
7353
9360
5475
8732
5091
3854
2796
8776
7417
2007
2718
7559
9381
5987
9207
8702
5983
9090
2883
8862
6531
8899
415
6068
8599
5862
1850
3432
5895
5221
2705
2869
5592
2378
6643
175
5340
8249
1365
7510
758
6175
2597
1051
7968
9743
8875
5089
6496
4394
3834
6394
2724
1397
7046
406
3222
3415
3848
5872
4294
4249
3645
4442
5985
7666
3214
1765
9907
5580
7008
9573
2227
7712
1110
6761
3669
9666
3179
5909
6124
8789
1456
5902
3855
1136
3039
3548
6344
8570
5218
861
8992
1395
2415
1913
5072
407
9821
5083
9998
1363
230
3
2570
315
6603
6075
6892
54
6632
6913
3839
3175
7094
7794
1368
9660
3302
6660
6409
8188
1697
3404
1225
8296
5907
9181
1183
3368
3821
5060
9720
6542
9174
8588
6174
8809
5299
7351
1258
4858
7813
4560
2357
7075
1399
5079
5453
4730
6449
2178
6717
6457
7818
1102
4775
5256
6688
1274
8987
8802
1153
7981
1704
7498
2910
9791
8564
5556
4151
3395
4431
7879
5039
5088
6606
3532
5407
9761
908
7408
7013
6313
401
6390
2220
5418
5864
1703
8579
8260
4310
3653
2329
4962
5767
7233
802
7557
6464
1984
140
7669
5306
7095
1616
7325
9404
3278
9753
1303
8750
7185
2105
1176
4655
4996
6044
9299
190
7014
4758
707
9350
7135
9824
3370
4983
8677
1116
3057
9910
7080
8567
8133
4263
7913
5423
2130
718
6554
2849
8965
7662
5652
7322
1165
9130
6321
9778
2670
7289
1864
5876
9197
890
4514
4067
8411
7946
9154
4100
9035
345
7593
8808
9108
2028
251
9074
6715
4878
8206
3567
5135
603
1643
9906
1832
5279
9118
3651
1694
7541
2000
1074
3364
575
701
219
866
532
9664
583
5078
9512
9236
4961
7366
9885
3338
6764
8963
279
1101
4379
3262
5111
6104
9585
8201
3862
5252
8231
8685
1064
3500
255
2549
1901
2787
5229
2972
6289
8463
5103
5234
9367
4196
5239
6752
6861
9841
1757
1117
9716
1831
6473
427
2876
6154
5341
5890
4689
7471
2957
8
568
3371
180
803
6136
1000
2116
9513
7951
7696
4102
9392
2781
430
798
8624
531
6581
8451
3832
4253
3120
6460
5923
8353
1195
1599
791
6417
5190
5345
7343
4695
8228
6593
9475
8733
2156
6061
2931
3866
3344
4639
616
5215
2524
6316
6969
1834
874
2726
8065
3330
3507
8450
3303
2243
6251
8966
5529
7855
7078
2929
9989
5579
2578
6234
3526
5650
3745
302
2326
2319
6890
9929
2529
9849
2027
3268
4644
3198
9050
8169
4154
7667
4039
4840
8674
9943
9264
5206
6676
8002
8527
7341
8156
7167
4086
8961
7969
9319
7104
3956
8479
6134
2988
5124
6094
5868
7221
665
6931
3382
2589
2071
7880
6685
3824
757
2943
7466
4526
6541
1526
1579
1478
89
9530
347
2785
5114
2015
6527
9167
9828
3157
8370
5477
9379
7028
2750
7871
456
6009
8342
6082
4546
6232
420
7594
9777
8064
9707
1189
2404
323
467
4443
1031
7091
3443
8919
2100
7033
3077
1735
7275
7986
9506
5705
3422
831
5319
5432
1696
5531
3738
9129
9276
7331
2609
9232
1500
2292
3979
5632
337
2844
5231
1163
2123
3373
9942
1815
9468
5046
9919
9810
8235
1106
7081
4238
9224
3346
4314
371
7026
4240
9250
3637
6265
2690
3826
7899
7857
4784
2452
8444
6912
7807
3361
8368
2659
6467
5464
3529
4377
6137
1010
6930
639
3971
2289
6045
6040
4585
6240
9171
996
1775
7779
5613
5813
3894
3948
9192
2734
8429
4311
8458
1733
4958
7508
5967
4351
1480
2155
4512
1793
886
6351
6696
6636
7117
9403
2775
6219
7792
9788
3087
8954
8664
3192
2474
484
9099
7863
2025
7452
5965
9680
7006
7534
2595
4172
9860
3622
5032
5448
8142
1112
87
1306
1676
8144
7646
7872
1661
6833
7668
4472
4925
8771
976
5414
2036
4084
5140
8324
2233
6311
8803
3247
1095
215
1700
4409
3466
5912
8005
8232
3315
7090
673
2749
852
3589
9978
6605
7262
1407
5916
8485
2830
3886
5121
8076
724
9022
8268
1889
2320
9570
7960
8320
2880
7445
4233
3489
2056
1779
4168
1512
3117
1014
8030
4200
2948
17
6141
4224
2934
8166
5396
3462
5557
1907
1488
3575
3877
6785
7379
3802
5970
3613
438
7047
6186
2526
935
5406
8191
4295
4318
4811
7083
1677
1434
5620
7208
85
3005
1296
2945
2008
6080
5163
515
4036
5649
5166
6179
2429
5618
7999
5005
4074
559
5263
2790
6737
2341
6546
3762
5291
1796
7432
9393
7439
8778
5080
9540
8381
3482
5401
2180
3286
6377
5814
5198
1958
9064
7011
2167
3974
181
9700
5298
1664
6429
5251
7040
745
7179
7132
2810
6434
8222
2086
3938
3639
7277
3259
7714
4142
2411
3720
3445
1669
4825
4884
1617
3753
8594
8623
5914
1032
8568
8316
7734
7676
4541
8300
9410
524
2513
7150
2541
2707
6822
7833
2733
2960
9913
6915
5570
4132
8315
9020
6093
2794
3151
1389
3206
8949
3696
5897
5363
1231
9618
4362
381
8375
768
2400
3200
2996
4791
6173
809
6513
378
9477
7071
4661
6946
8139
7489
4903
6150
1967
4690
1710
4694
2735
8395
3662
3000
4160
9196
4931
1957
2745
1521
8608
1763
7580
6602
3812
2532
804
8539
16
2019
2863
5934
9545
6477
391
8652
517
4544
2764
9898
70
7989
2491
545
2271
5459
4007
5518
7339
3275
9051
6562
5425
4388
1241
4355
2463
1469
4699
8521
9107
4246
3551
6635
578
6684
2938
1001
4770
4914
9290
3969
7426
5582
5561
2432
1562
6288
4897
8933
9705
1494
9426
7867
6254
3067
8487
4553
6639
855
2895
6492
502
5308
6976
8310
3703
5777
9579
7767
28
4624
6238
5762
7824
3096
4051
1125
3930
6625
3873
5748
8759
1762
6383
678
1904
5141
1152
8402
5861
832
950
1257
2717
299
4095
503
9972
8020
9966
1566
7166
1605
4480
8398
4235
9925
8000
1493
5333
4625
2201
4116
4124
3106
8031
7501
8046
5643
4367
2273
4993
8661
8895
3829
9336
1334
305
3276
7532
5389
4724
667
1100
5726
4939
6368
7031
5932
3928
4081
9421
842
4524
3547
4328
3455
7357
9246
4745
5347
6169
429
4764
7191
3161
7273
9300
7388
5530
4221
5512
8864
751
7088
5938
3770
4867
1370
7917
9571
8492
2648
9658
8556
3410
534
6086
4583
7996
966
6703
5794
5108
1092
2050
7877
6965
1315
3874
2990
6039
784
5860
1177
3326
620
1254
8767
1939
9221
3165
8263
8984
7122
3739
2276
5765
8004
1390
6262
2878
2323
9166
8714
5640
3168
3931
924
6478
6563
3004
354
3036
2747
3711
403
9251
9091
6364
5901
1128
2681
8213
8763
4673
8180
9583
9001
877
7653
7755
7658
1951
2897
2321
6775
5365
492
9472
131
7991
6569
9375
4988
4110
5173
5427
4096
1839
126
8818
9464
8271
473
5802
2468
7925
2506
8208
6923
6328
1278
7958
3231
7522
9223
7285
4467
6613
1024
8003
8442
6986
152
7518
6624
1845
1594
5942
4816
4121
274
4767
7340
6699
7921
1444
1973
1270
6084
6277
4563
6626
6834
245
4687
4393
4092
6842
646
9822
2881
4571
1915
7512
7616
5913
5686
4839
7093
3419
4685
8244
1574
19
1861
8446
5630
5855
2798
3142
8189
4941
5759
6270
5381
7410
915
6984
6592
4718
4402
3058
891
3263
1647
8947
5227
1097
3875
3342
9014
7791
490
2041
6544
1123
871
1665
4929
3671
5679
3480
4616
6543
4458
482
1744
9490
5297
8346
3994
3285
1025
8620
7691
9568
5374
1053
3407
3076
763
7064
5505
4136
6451
2556
9215
8218
8330
7745
3577
1377
1352
4147
2376
272
7614
2663
6610
618
8039
4766
6641
1375
9346
7391
8436
9366
5290
3803
7648
422
579
4303
9065
2481
9274
8153
4384
848
9023
6276
4574
6243
2305
9709
1807
4535
9417
1659
4597
3131
6973
9058
3358
2232
3414
3791
3565
7927
5541
3234
6535
4649
7476
9283
5069
7942
9408
8097
9057
6026
955
3383
414
5504
7286
8049
9369
8923
1244
1612
7842
571
3985
1447
647
6566
6557
8662
3363
5575
3283
3147
3542
8497
1154
6290
3384
1862
4088
7875
6103
5143
7244
4439
7424
5663
9376
5878
3543
2583
7565
8684
343
5865
385
9644
7661
8638
2054
4682
4776
1393
6757
2446
3524
3182
7634
3103
1506
5397
1937
6662
6096
8640
9005
1642
1504
4097
8644
6407
9950
4927
1006
3640
4651
3743
4385
2138
7402
2363
2573
1404
8713
5536
8506
2422
2545
4478
7157
1851
6719
8604
9012
5462
4042
6139
8629
3003
8467
932
6233
4972
3055
4421
961
9114
144
9627
7394
8974
6697
693
3449
9751
5516
2981
5996
3236
4645
2258
1430
4454
6743
4202
9122
8998
5009
1307
7515
8902
2141
5732
9070
1783
8234
2548
5211
2282
2063
2209
5920
9083
7672
4428
8621
9525
5439
1060
4010
6654
9132
4801
6650
8737
6882
319
9527
3840
6992
7192
107
5204
8219
8230
8861
9096
5626
6933
4633
5681
6149
1881
8103
3798
9382
1940
348
6347
2280
7956
8176
437
8635
3309
6698
4381
2778
3217
3153
9602
9654
2139
530
1171
7342
8008
2340
1099
1266
2842
6558
5182
5362
4503
9547
8910
6682
6398
5195
2142
5411
6620
1602
2195
3705
702
4748
2862
3771
1384
4747
6556
3051
160
9612
7369
1197
1938
5276
4723
5004
7759
4087
9927
2355
5595
9372
7953
6511
4642
5021
5099
5358
6990
5335
5484
5223
1468
2414
5892
5109
9574
2947
6658
5608
62
6565
8847
6855
3816
6110
1105
1428
9041
7758
6519
944
9248
8473
2005
1275
8606
1471
4032
3121
7284
7292
6627
1458
6360
2453
6809
7200
625
266
5280
5491
95
1784
7993
3596
6879
824
6386
5943
6432
1586
2950
5328
7890
8238
2038
6537
1857
9341
4226
8939
6791
4946
7281
2900
1343
2845
3619
7044
3809
5517
2966
8813
7647
588
5826
8651
505
2627
4323
4140
6157
9087
1543
4536
5179
6310
554
6901
1600
2242
7405
8516
1286
2042
1098
9920
2348
163
2752
8826
7549
7550
1317
7283
6466
4594
6018
7756
542
6555
8374
9564
9649
2205
2257
8445
9748
477
5222
7500
2907
5392
8459
424
7460
9797
8503
3184
8203
8837
7826
312
8851
1674
3119
2184
6323
9812
677
9084
7109
931
7675
5155
3546
3757
233
2879
8157
9159
2596
1539
5653
2489
729
8824
5941
1360
117
5030
6109
235
9631
6158
7905
8199
6007
5523
7317
1974
1528
6758
9624
2087
7422
9701
5412
1004
717
4866
9069
3357
1232
9715
7705
8460
7079
1252
3896
7362
4632
2941
3844
793
8840
6246
4864
9999
5302
9301
4629
948
937
3334
364
5528
7598
2512
1052
3225
495
3050
1158
1476
7454
7035
7589
7012
7733
6960
9809
7505
2384
7652
1339
7463
7209
1085
8687
8596
2037
3871
4262
1413
5885
9510
4877
7578
2511
8581
2823
8941
4780
4000
3576
3207
2403
5560
336
5719
7572
5428
6273
6138
3514
7710
6812
3339
6077
1050
9780
6458
9397
738
1827
4678
4382
1166
895
9727
2877
6968
7655
2591
755
5314
4277
6533
3707
648
8424
342
9277
4849
8253
288
1585
3861
742
5641
645
4509
1282
3867
7148
1798
7684
2992
1193
1550
1111
9368
7997
5935
4296
4832
231
1868
7170
6102
8709
9318
37
2801
3381
3167
346
2172
5509
7438
5979
565
1503
5138
1350
9434
6655
9351
5617
2520
5150
1359
3683
8120
6229
6838
3586
3226
1899
2202
9414
9492
1135
9127
2129
75
6052
3279
4852
6237
5249
18
5130
947
4213
5929
1680
156
6800
1311
9371
304
3284
9808
7226
9456
4740
4562
8394
178
9750
2635
1998
4954
7671
410
306
9185
2479
8725
6859
3237
4582
2767
6480
8439
590
1563
3102
9714
3111
8565
7521
1995
8205
5136
9066
903
7160
911
2742
52
9912
1736
4759
4093
3081
6756
6942
8646
4831
7852
9991
881
1561
537
7377
5519
3769
3138
7313
3900
8867
9833
6616
593
9177
3729
4460
9876
6309
1118
7836
7347
4211
111
7750
6280
2544
6362
3294
9121
4236
8735
4756
2963
1799
1956
6932
8295
9216
1417
9819
4921
6224
4750
3257
1732
5593
2748
6999
2584
1758
8455
4143
7949
7399
9214
921
807
276
4794
2394
9438
1115
6441
151
825
8343
441
1448
6718
6948
2962
739
3702
3463
5134
5896
8127
653
199
650
8382
3887
7780
2918
1698
3490
3615
5122
4549
320
4450
8922
3075
4414
1795
3015
3772
6436
1529
4170
4943
4122
3470
8289
8163
9055
4995
1265
8985
1309
2841
8633
6848
7610
7754
8873
8365
6553
8555
4808
7805
402
5349
2051
8660
1427
1349
4269
3452
1573
1474
3321
4924
5755
4749
5201
7483
2953
1948
4075
2431
2887
5325
8942
2200
8655
6545
4953
8136
8400
2714
1565
6507
1134
1369
3002
5402
2743
4856
4173
1960
5991
2099
6099
9960
2632
6900
633
1614
7987
7106
1577
526
8345
3574
3943
8344
9834
9402
9105
7742
7323
5856
783
5537
5761
298
9588
2490
374
6367
3520
594
4345
3788
9363
8217
1884
9555
7390
5997
9773
5591
9844
2951
2173
4373
5300
1344
3477
9985
509
5048
2006
2083
450
4599
9507
8700
2483
3679
9749
746
7730
2731
9378
8807
1292
6448
6810
4159
6789
201
8881
6739
4533
1819
960
1026
268
1424
7838
7531
7328
8378
7663
9478
130
1675
6253
5687
4935
2338
8385
7161
7158
8561
5883
9302
4663
4860
1535
2898
5779
8760
2157
8868
2267
9443
185
3593
3627
9409
2427
8836
8866
5898
9793
5700
587
3140
5502
6864
4117
9355
4709
3841
8876
5457
8043
2757
4703
4011
3849
2272
8124
5688
4109
2098
6388
2620
325
6903
8360
5288
7434
2791
8326
9688
8416
9349
2117
1491
9209
6996
7257
7654
5424
1492
1009
1088
5577
9651
3016
5951
1729
9048
4674
4047
7581
6303
4652
6499
8712
9600
5533
8220
5445
7915
8576
8631
2716
7354
1318
7612
6343
988
3670
1607
8546
5690
8996
2555
9093
1604
6428
4752
2175
4947
9260
2803
9893
2228
2559
9021
3942
867
2768
8618
2212
6790
3243
7061
2969
8045
3879
1897
5444
9286
1403
3884
785
1922
9465
3926
837
9995
4793
1321
8491
3654
2837
4264
14
504
2682
4781
5948
4258
8351
6516
9875
1148
443
8812
3737
6618
5092
1777
1432
8425
3048
6127
2605
6406
119
2206
6862
2651
2940
4471
9273
2822
3229
9845
1079
671
2564
7624
4376
8816
1420
5545
7496
818
6374
9766
408
9003
1685
6803
8780
8364
6615
7459
313
1073
3281
229
7470
4068
2628
209
769
8746
954
4957
3686
3012
7457
7529
6203
7536
7659
9787
2592
7361
4706
7955
6538
914
4566
6274
577
236
929
1273
5294
6854
9039
5709
71
2222
6089
5082
4482
5230
2806
9690
4846
8988
9187
2460
3136
7210
1814
4061
8396
2831
3366
3053
20
5059
5149
7994
6097
689
7023
1536
5006
1333
6410
3999
5380
296
9983
553
9981
65
5270
365
6709
3594
9683
5629
7171
485
8435
3116
5409
3631
7027
7203
4815
8765
3906
6893
4346
7098
6577
5037
7700
2174
7543
3843
7947
8119
444
5961
1016
5119
8428
1439
8976
3634
8001
3710
9261
4483
6320
7267
5753
7502
6523
3213
6751
2683
1628
1330
2339
4225
2697
6004
752
777
50
2521
3043
4259
5887
5214
3562
3713
3560
4395
9936
1646
7263
6098
6514
8914
8535
8834
936
9648
7164
4155
9957
1632
7494
9551
3464
2132
4390
2171
5607
964
5627
3949
8593
9161
3155
8143
9601
3122
9596
273
9719
3320
9389
141
5375
4636
9225
6637
7736
9655
6539
9198
451
6025
7896
7440
5344
2647
8452
6
3064
2644
2371
1567
6501
679
6049
506
3046
2421
8749
6195
5144
8614
3487
1316
2330
53
7115
4572
6401
3465
7236
7125
2585
9980
4270
4396
9801
688
7537
3603
2601
7074
2892
249
7145
7352
1144
4266
3641
226
6306
523
8762
445
5952
4918
7737
1394
6530
3786
9158
2776
5562
986
9613
1396
8798
9789
3154
4399
7605
2358
2812
4059
3054
1080
372
8257
8088
4557
9063
2486
4984
6384
8018
7820
9637
5065
883
4250
6681
1382
5240
2191
2932
432
3439
5125
4090
4757
7843
4326
4101
8528
1215
2417
623
6366
6483
8611
7416
8397
3807
8741
1619
8683
9415
9550
9427
7113
4223
6886
8938
2046
5081
2872
2119
999
4435
8613
697
3878
989
8128
7087
2971
8968
3754
3485
1993
3828
4970
7701
5707
4374
6584
4567
5033
4252
5639
4967
4496
522
6188
5058
9928
7231
6382
7016
2853
6734
1090
8318
8339
6123
2807
2459
2381
9262
2477
5875
4904
8892
6038
1076
6741
1096
2327
9771
3554
9518
7937
6167
4697
1930
4844
4197
2020
1182
4338
6567
6795
5087
5386
6817
9230
8550
7707
224
6851
8287
567
2352
5035
4986
5235
8434
8408
7674
9306
4534
8957
8269
9201
3194
1263
9353
2712
5993
8472
4437
9013
4281
204
5147
6143
4427
7636
7304
512
5497
3305
8972
7718
8572
6521
5384
5315
8786
2634
8896
4412
9428
2275
3448
8628
4683
3359
8589
3451
3461
6192
3571
2413
7110
882
5844
3782
3635
4403
1679
6278
114
7970
4212
9320
5154
5388
7804
5266
7686
6977
7462
8171
939
9109
241
1056
9521
8959
6512
8319
2451
3691
9870
124
2303
4216
8609
1873
5112
5815
9140
4819
9694
300
6823
8093
2579
8078
3998
6074
2967
1169
3820
4508
8079
5628
3831
7627
520
8202
9463
3114
9440
324
8710
8512
5514
7247
3569
8796
3152
9692
4987
5126
5177
2906
4245
2249
2379
6935
8023
9673
4107
3148
3210
3897
3479
8309
6792
4865
5101
9553
7570
3429
8681
9994
3425
8068
753
6083
4366
6298
1027
4401
7216
5758
7450
6997
5142
8423
316
1151
518
2374
2514
4741
5233
1324
328
998
8722
2858
7922
9328
8117
7933
3797
3934
8415
5237
9805
1170
2204
4886
8212
1386
4519
8855
8063
9269
3856
5657
3052
7793
9218
4521
5605
1837
5559
4990
2022
257
8214
9321
493
21
7681
2740
8081
5016
3351
8907
5264
3810
9594
6058
3609
7448
8842
4400
1460
6750
3936
3235
3444
264
6732
6336
1288
1727
4420
7837
3580
8504
4765
3085
8314
2611
2675
9241
2061
1022
8361
9343
9312
5492
6549
8266
2835
43
525
5974
9425
5685
9136
177
2137
4186
3441
3528
1206
6895
5524
5889
1139
7579
1921
4950
2278
8007
9973
7455
6411
6142
6250
3209
9156
3905
4744
7828
3935
1761
3714
6551
7632
8325
9361
2777
6747
7893
1086
3590
561
1242
3756
446
2224
8225
9816
1611
2226
1927
9340
7053
4711
4015
6371
1320
4554
4286
3025
1975
3083
8051
5788
9732
9259
4135
1192
3922
6669
7259
9193
4982
7201
3176
8936
8704
5882
3375
2857
1540
1211
3959
8758
6247
1337
3611
1678
3132
8598
3741
979
1810
1666
3842
788
4817
7248
2515
488
9169
6054
8061
7506
7682
68
2700
7235
6571
5526
3646
69
8152
1588
5849
7039
5285
3719
6623
4969
7385
9016
7764
3343
9359
984
9993
1381
2148
1517
5068
289
3377
8545
1755
4079
2915
5067
360
4543
7934
6223
9904
5773
6196
7142
2031
2496
7136
4725
4134
9282
4520
2563
2983
823
4552
6952
3031
5370
2538
2500
7486
494
510
8227
6982
7827
6657
7556
2662
125
413
8496
3355
6064
968
7697
6355
5277
5659
135
8784
6515
2161
5115
3650
2617
78
1361
1180
471
4870
5949
2666
6011
7507
6585
9150
5479
3458
7274
4006
8376
7641
7597
829
9990
2396
9916
1652
7840
4973
3766
2153
9018
2780
4584
3513
6540
5446
8983
3953
5631
8255
7860
7298
1982
6950
6742
4810
170
42
2708
7738
4271
3270
566
5029
714
4789
2128
3882
6804
3301
7128
100
9903
691
5213
436
6202
1011
1891
8799
9569
1227
7335
1484
5867
1462
4034
6782
9935
9199
8430
6897
1920
4106
6381
8871
179
9873
8794
1926
4510
12
2012
962
8373
3411
2475
3911
5683
7516
2194
8359
9203
7569
2846
3605
8686
2101
5817
4492
1065
6023
5793
478
8719
562
418
8333
8693
6509
9616
1557
5989
3472
4671
5723
1511
6587
428
9717
189
4138
2332
4009
3306
8626
5820
4091
536
8944
8021
8215
9820
8529
102
6081
797
4489
3034
6177
8147
1658
3748
8541
543
9077
4327
4030
2307
8817
2699
7789
5785
5170
8720
1255
2110
8106
4708
8869
3409
4646
906
3474
9592
2799
1204
1175
6711
619
7716
7829
8334
8507
9148
2574
5318
730
3588
4279
9968
4176
8854
3675
1383
2816
9883
7193
8449
1722
3380
2615
4909
1788
1890
756
9890
8575
8953
8592
5990
1509
8918
2295
6706
8170
3163
8856
8432
3598
4331
7975
9621
9373
6059
6827
8523
5007
3431
5049
5217
2018
9599
6781
5672
1046
7765
3265
2186
8461
9595
5378
2581
774
9871
8761
2219
8475
9480
3327
808
9902
9723
7245
4256
4656
9194
1836
4937
2391
3498
3742
2870
1332
9659
9190
7523
1126
8821
457
1325
1452
1615
8121
483
500
1709
2536
5225
8632
2505
9098
2696
167
654
3899
5944
2236
4619
44
8870
4119
6334
3143
644
6911
8145
1892
7478
7617
1213
7264
9704
4194
4056
1621
5159
9911
9607
1301
6771
5104
6691
1780
3073
3127
5434
67
3196
4569
5783
2753
468
4149
6072
3045
7337
1645
4285
7584
352
7001
3389
7473
2480
2029
335
1312
7596
6160
5339
760
1914
1638
843
7488
1219
6767
4153
5945
4743
5056
5834
5969
379
4738
138
6505
9937
2328
3471
2416
5305
4754
3308
435
4907
5596
2013
9308
9455
2336
1129
3047
2817
8126
5391
9010
2518
4949
9504
4654
6661
8465
6046
3630
5821
2704
2493
5128
3187
8192
9258
6849
9921
5105
7437
9486
4459
3804
7321
5273
3486
2245
9724
5678
7052
635
1
9605
4272
3144
1608
8973
2270
1699
6770
2407
2469
4981
7849
6765
9661
2590
6112
4463
2930
1290
4321
9265
1672
8891
8991
7178
572
5248
2660
94
4449
8380
6611
4611
6268
4627
754
9268
5074
910
1582
2009
4468
5429
3248
2190
6220
2444
800
1459
2654
4675
363
7018
6570
143
2825
8073
3648
6701
9322
9900
2939
8125
8009
6956
1654
2706
5100
2893
8921
850
6415
6622
1886
3997
27
1908
7234
8390
4934
3846
3941
7834
705
5984
614
6330
6067
4470
794
6906
3523
6493
5366
6628
5348
1853
1140
2867
5025
3032
4152
8279
9889
7868
9814
282
1821
5332
9803
6066
641
6128
994
4476
9448
4889
3591
3438
5156
9728
6111
6853
3372
8500
5647
558
3601
1401
9324
6560
2575
3638
858
1481
120
1531
4917
1081
8958
1875
7732
6468
7228
4881
6119
2558
2503
9552
9877
8533
2888
8112
8168
7670
7932
4938
7740
8254
6877
5405
3049
6612
3508
110
8701
7846
8074
6450
1936
1505
9901
3413
6108
1341
4891
7268
7571
541
6958
8298
987
5669
9982
1186
9662
9244
9294
8391
3459
9326
3765
4607
9687
2509
9126
1037
3141
664
292
2955
3579
6056
5107
5379
9581
5638
8006
6304
652
5573
4989
9641
4057
2769
2286
6029
3512
8141
9891
5751
1682
8054
3582
5187
5377
2516
6680
6673
3673
5189
6525
9235
3665
4861
6214
4305
709
4735
8752
5465
5371
7258
2896
4666
9934
5778
4843
5404
2771
864
3973
4501
1235
8149
173
1036
4248
5717
684
2710
1516
2216
247
9572
5493
2797
9037
8525
4822
4455
3957
9394
3255
7063
2152
4315
392
3527
7475
6006
3822
7884
1549
7908
8070
821
1695
8715
5338
2261
4275
2344
9056
1313
3460
7251
833
6294
9563
3946
6714
1773
5359
9479
5553
4542
2847
4545
2014
2709
4807
7866
8946
8138
1470
2686
8025
9818
7873
8616
4118
9783
6003
5918
2944
4951
4422
2703
3610
6216
2246
7748
9689
7583
3806
3536
4640
4800
9623
2680
4854
1442
3853
6208
6522
8372
6475
3402
2497
7909
127
375
1756
6724
2311
8474
1994
464
2843
7788
3664
2096
9103
8906
4320
6980
2855
4528
3537
9718
7739
9347
7119
9495
9160
115
8379
1454
3972
1717
7300
1510
970
9536
4862
3697
7197
455
9182
7770
4391
387
4219
6595
4623
656
8883
4257
2980
447
8708
501
194
1412
9500
6404
2424
3331
1734
9335
1196
9556
3830
4457
3400
36
7009
2078
773
5458
5749
1931
310
2085
8357
5250
2685
7041
98
7266
7218
2840
6645
256
3110
9467
599
2864
4999
2399
8015
7775
1262
188
4304
4615
7664
4433
8823
4561
7129
76
3021
6597
3436
5656
893
1962
1122
5927
4681
8075
498
878
5495
6675
3606
9173
5417
