10000
2461
9432
2889
8179
6115
2273
1062
7103
4496
4139
9819
4039
8817
8425
5962
2014
8058
4658
4877
333
8426
6990
7337
7635
7455
1460
5389
310
8635
2672
6634
3625
7914
7628
4839
8573
3768
1440
3189
8816
8605
6844
7733
772
6878
2134
8776
1384
8673
8293
9551
4049
8359
1026
5967
185
4415
3246
1882
737
4709
5166
2847
3318
4021
4473
4609
3507
5645
3985
1458
8332
4222
9385
2639
34
6199
1608
5205
8958
4276
5919
6201
3131
683
1577
4558
9793
3101
2649
6042
9464
134
9587
2989
9645
4919
900
9330
4332
9789
5821
8484
3013
1907
2625
684
3635
7050
3879
1185
1188
8947
1496
5921
2256
7709
1682
1278
7558
9409
9107
7646
5746
3523
2441
4333
8373
162
3938
3542
4806
859
7162
9927
2836
7151
6279
3167
4779
861
5601
3719
3710
9448
2752
1591
4660
4832
5241
424
7062
6286
4135
201
726
7793
7440
4834
8139
2849
4638
9730
4040
4080
129
3967
4032
2819
2093
6380
2330
6207
8397
6737
1992
2429
309
73
7381
3227
7760
247
7101
9185
9438
3515
6322
8133
304
4482
6086
9764
1212
9934
7394
5524
4078
2338
5556
8203
8951
1174
9995
4438
825
337
850
9882
5000
7874
2343
6645
9443
5883
3111
6901
2942
4567
5586
5464
835
6866
784
5992
5085
171
4079
1818
3142
4837
5168
4405
2001
1672
4945
7496
9083
7092
6339
1747
1745
9900
2638
871
1367
2397
7064
4619
301
4863
959
3811
8965
9550
229
4286
3537
7153
3771
9511
1197
8604
7342
8237
3777
2470
9079
8054
7380
3114
3296
4886
5026
5185
7422
7339
6195
675
3595
6571
6306
8259
2773
7778
6066
2447
7344
2986
764
8278
6030
9581
8968
260
1218
9889
3137
2876
9447
1869
2940
3146
9595
4234
1109
2787
6210
4788
4760
7657
6446
4721
9178
77
8712
6093
8275
8420
2140
2598
8708
9259
6186
3000
7737
7508
4490
9277
7502
9623
9955
259
8351
3448
2510
4274
2320
9289
4918
4898
6583
7045
6457
8214
1626
5654
2043
1709
1502
6005
6416
2175
9023
9838
7515
244
785
1963
5792
892
8855
5866
8767
9216
4746
9429
7345
6213
1578
4094
7229
5226
5814
8118
6113
5540
5809
4444
4360
536
7609
2722
9621
203
5153
2124
9032
7383
8000
2000
7265
5667
8430
1582
1000
941
343
8653
6147
8722
5648
5300
6450
9115
5782
3969
1909
6465
6051
594
3501
4583
6569
8900
7338
9124
3253
4378
3887
7490
6070
1732
9454
2360
6346
1281
1699
4044
6503
2118
4500
6072
5924
5497
9860
7568
1746
751
8393
2418
4288
1485
9933
5418
787
5338
6011
5281
9794
4013
7755
7082
7228
1952
2796
5240
4259
530
8191
4447
9450
9143
224
8038
2406
2302
6309
5549
7605
4425
7212
6355
568
8456
4807
8008
897
6655
4437
6975
5384
9862
3998
2515
2366
318
1845
24
588
2112
7118
7275
1813
3347
5799
6632
3639
8641
4187
8143
5897
9801
2158
4115
130
4853
5673
8736
9610
7627
3783
8860
3744
3914
7144
3850
6974
4930
5548
3411
2152
2231
3958
1513
8152
8467
6226
8753
1115
4008
9261
475
45
6217
9029
4475
6479
4043
3804
1675
4070
393
8117
2950
780
2813
820
2719
8073
6978
2848
4579
5936
5563
2392
322
2195
5680
1632
2987
2737
9994
5304
9665
3787
9027
1824
4541
9652
2252
8391
9195
4552
3684
7072
6063
822
2066
8050
9624
6839
6270
1330
8100
596
8937
9092
6936
8544
1934
7583
642
4910
3607
1764
2048
2930
6920
4450
9830
2582
2997
5297
2068
9682
783
7648
2584
7763
7116
2840
8843
3987
2380
3374
5567
6534
4325
607
4754
4088
7689
7735
1023
7686
3647
9816
1169
1551
9972
6704
2539
3410
4105
193
51
887
758
7028
7322
7616
4445
6400
8150
5067
2454
2449
638
1080
9110
4111
9423
3761
4922
7877
5492
160
7525
9884
525
5296
1906
5840
576
7250
1908
3138
7075
3554
4846
138
5064
3570
2337
234
9152
5762
2833
7641
2963
19
5104
3587
5535
7802
5512
567
4480
3169
8657
8936
3191
3670
8338
1823
6715
6345
8629
9183
4565
5347
5858
950
360
9270
9097
2142
910
6480
4553
4513
4920
5714
4185
6178
5597
3950
3072
1036
9341
8253
4629
2180
4007
3176
5960
8566
3420
6681
463
5773
3864
6808
5547
243
8066
3530
8195
6144
3047
2385
2988
3065
8725
6326
223
4902
3383
5727
4009
7319
4906
1738
7114
6426
853
8086
5284
2842
8315
3308
3399
4104
6522
5171
2253
2486
786
2460
5811
6141
7706
6356
8215
985
610
5703
4644
5880
9578
473
7721
6183
1533
9770
3406
1993
875
4394
541
35
7011
1430
5405
9657
2035
7219
9704
1836
2622
7285
2658
9072
6069
8360
4681
7540
3485
6513
8497
3785
3746
8917
1227
7979
9727
3492
7514
8241
4215
8596
1781
4933
7538
2559
8048
1081
5204
2413
3890
9488
6342
6952
6893
2081
5332
3203
1920
3428
3713
7883
8990
8494
3103
6620
9310
5303
2684
614
3225
108
2834
2670
8085
3506
8412
8487
6182
5340
214
9342
8188
8872
8621
1310
544
1922
6983
4728
7393
3335
8940
1176
4588
8945
5695
4659
5578
306
9398
8323
4282
5043
2509
6473
7989
290
1955
2305
200
2862
8304
3611
1834
8003
3467
4639
4350
248
888
3877
4876
5271
6960
5094
7154
5822
2765
5571
6917
2716
6280
9534
6194
7445
6795
7293
2239
2921
1314
8864
429
2604
7066
3632
5663
8032
658
1770
5907
9290
3863
1302
8120
7377
3174
5977
8481
8892
4702
289
4413
8795
843
7297
1397
539
3918
9668
4289
2276
1501
1809
7680
3285
215
4092
4201
1132
7694
6241
7032
8652
7818
252
5614
5029
1103
8647
3897
8964
5718
4314
4974
6701
7218
4734
7803
115
5360
8529
1942
3544
2123
7880
7621
3460
3880
1276
5638
8465
1891
3208
1114
1653
8853
1201
8395
1350
3912
1859
4227
5743
6678
7972
6329
2682
7998
6089
1972
4700
347
9691
2529
3201
143
9479
4198
4338
8101
7425
7606
7405
2428
2044
4765
4504
4969
6766
803
2487
8888
2206
4593
753
9431
691
1628
9826
8088
3790
5830
1481
5722
5531
7408
4931
8413
5312
790
5706
2788
3667
2496
2939
3654
9492
5116
720
5668
3237
2224
8826
7905
1925
9873
2063
6417
1095
595
7191
1962
4155
3252
9973
3026
69
9687
4302
2249
2226
3822
9659
5239
4800
2031
1457
1369
8472
9894
9472
3894
8978
7259
8711
9938
8023
6721
2077
6670
6150
4205
1410
9866
5854
4796
8545
6035
5156
8660
483
4791
7823
8469
3331
4379
9722
3772
8516
4818
9858
3263
9129
6337
1519
6017
2184
4729
5995
2795
2191
2919
205
6171
4306
6225
9389
1641
9667
5282
6825
182
8134
1721
2104
1636
9868
830
1592
8677
8340
6722
6445
1535
6289
6435
5918
7120
9486
5076
5569
7041
5607
5224
6714
2399
7792
4449
5263
4864
1487
7143
2928
991
1113
8005
3580
731
6054
6648
2294
9156
2613
9499
1190
7254
2786
5775
4262
5736
6246
6381
1923
5744
5699
5894
7930
5914
4595
3678
5141
957
6024
9263
890
3344
78
8788
1521
6476
750
489
1562
9241
2565
6043
2887
7699
9724
7723
1911
2709
9112
7741
1143
4870
8551
7929
604
5486
6899
406
1203
9369
7043
5589
6669
2272
4687
8993
6363
988
793
3954
717
3053
59
8793
6662
5084
7000
362
4000
9519
6879
513
8488
6629
2980
8219
3574
4882
4388
2705
8388
8357
2767
7520
4467
1584
5878
5752
8744
3593
6543
5916
4367
5194
7961
3993
7448
5056
9065
4391
4907
6412
2051
1260
9069
9885
3001
3516
2046
9828
8631
7912
3221
2161
7121
1541
6600
1622
6762
7136
9861
5180
9266
2612
4964
3669
6734
4942
7636
4472
9976
1876
8740
8156
2122
8956
2111
4097
4596
5103
4487
852
7008
9528
1107
5396
8790
1976
1387
7361
4156
5409
5358
3674
7991
1220
6654
3429
9203
5457
7677
9004
7703
7139
7513
3488
3418
2117
3311
6418
7235
5972
8218
918
3186
5494
1707
3159
5771
5050
8309
3924
8823
3968
3268
1084
1208
3770
308
1111
3473
5794
2692
9658
8095
7873
4590
3839
3873
641
6567
9420
6607
1725
3707
6214
7389
1161
5869
5946
7862
2616
199
5823
7664
4323
6992
1186
3566
1918
7642
5128
8418
8178
4998
7296
657
3405
2965
7668
1006
2358
8204
4822
4385
6498
5860
8832
5483
7024
9535
3390
87
4380
6377
4484
1163
9655
6862
3602
332
5437
3289
9220
1594
9520
8350
9024
9474
9754
6932
2562
7480
7587
3164
7277
733
4346
1692
9760
7452
7149
7879
7253
709
295
5420
1708
652
2477
2041
144
7499
2955
4073
5623
9756
165
9089
4741
6509
7266
8587
6167
3885
8476
1613
5780
1347
2457
5741
6157
6713
1567
1363
1786
8326
2899
4126
447
9929
1307
4514
6790
412
7740
2601
5843
7237
8646
8525
3520
9981
6288
5800
4020
6947
4220
89
2751
8213
611
1282
1206
3260
919
8822
6467
3466
8810
8291
4669
9437
5447
5849
8755
2792
1409
3892
6131
1534
4808
8347
5831
4548
6238
4982
6348
4422
4508
6333
816
788
6568
6441
9979
4403
6870
5445
4386
237
5713
8774
2599
4616
8884
8147
5862
2592
6985
8081
1162
3232
102
821
5023
8830
5267
2028
3442
8549
5089
3947
4312
2590
9375
2501
2660
9500
8144
4091
3821
4077
6262
2110
5885
180
7582
5090
6540
5143
3906
1681
1712
8417
4160
5177
4542
6247
2400
3433
5598
9039
7263
8928
6928
4147
6767
1899
2374
9695
3046
9253
4972
4556
7932
4055
2870
2627
1883
4123
6085
2267
5434
5371
9396
3362
1426
8894
1432
984
1300
9298
1768
4203
5370
7734
1375
3462
3705
6903
879
8437
6591
695
3499
4701
2686
8020
9094
3118
1888
1217
9209
7439
6411
7444
8284
9
336
1288
7813
4545
533
8316
4847
5460
7102
8135
3451
760
1985
4928
4635
9360
6208
4620
5945
9355
4048
9117
2082
8874
6913
1801
3728
7817
7099
3646
4200
2251
931
395
8414
2064
9316
4063
6502
9600
801
1267
4966
7656
9459
3560
1621
3256
4872
1250
9101
4439
2998
4801
7475
8343
7519
7875
2569
1121
4753
719
3130
1737
3792
566
1194
4351
3529
5644
7487
9865
9523
4408
5181
7910
5391
3960
5772
912
4019
1783
4680
5019
8207
3838
4868
2444
9701
3426
3312
1020
4218
2597
7799
1422
4026
7193
5533
7087
7194
9111
645
7673
943
4213
5140
5807
128
6643
9598
6018
4396
4888
1490
2533
9485
3983
3935
8017
2361
4477
3088
8751
1507
31
5873
1455
7457
274
7899
4460
7577
3569
4989
6712
3696
829
3884
1106
356
4068
5739
7091
6618
6906
6579
61
7863
3664
8157
9425
6836
3108
7672
7942
5684
4489
285
3471
7691
2931
9470
742
7119
4149
5812
8887
1766
5276
3258
4089
7367
7898
4539
1372
1086
1272
5867
9392
5092
975
7868
3339
4324
4647
9673
9803
2333
7022
5402
5010
5482
2846
4549
8177
4696
3035
5733
1782
1239
3233
1072
1927
194
5444
7023
5178
5859
3070
9255
2040
531
3264
8042
4082
3810
6656
6563
8738
2903
8975
8838
966
5331
3388
9985
3641
499
307
7565
7739
813
7447
7867
72
9526
1546
9747
6573
4690
7512
628
4704
8052
3458
3991
8969
4673
6215
4002
3866
6911
2121
5984
6637
8410
5605
2204
6175
9354
8609
7670
8883
3649
459
7876
7248
202
868
4929
7291
7836
4725
9244
1152
6041
9568
6828
6898
7498
6838
3293
6373
3518
9725
2775
2160
4550
2264
7995
9430
4033
6622
9853
4943
3756
7088
6705
9946
8971
6884
9372
7805
4429
6371
3313
6366
6817
1938
1787
8858
1919
9057
6025
9626
4624
1857
4197
7891
3178
9765
1711
6576
6820
3360
4811
1603
9494
8440
9961
154
3430
3453
8637
6382
132
7362
6298
5021
9967
5190
4505
2269
7956
6282
7669
1230
7633
8590
7224
401
6638
6799
1093
4532
5841
5353
7166
4250
8577
4041
9390
8743
7231
3129
5217
3370
6099
7511
6537
4857
2863
91
5836
2782
1966
575
5788
3113
6354
4678
3299
8092
3346
8938
5473
4362
6012
4758
7588
1244
854
8913
4501
3603
2435
6276
4471
6461
9814
7801
6731
2038
3527
9324
1311
4908
9806
507
5700
9187
1160
5027
9944
7526
8851
6056
3482
9133
5364
9016
877
898
7280
272
7999
7966
8466
6986
8212
4154
3992
3599
7711
8090
6452
3474
7221
3435
2186
8933
242
6804
5322
6553
6880
4840
8026
1064
8424
5479
7682
5253
7131
6900
4534
1606
9952
4770
9204
5913
4873
5934
6027
2492
2145
1722
156
6690
6161
5687
2375
3037
2527
4752
8565
8727
1269
109
4140
6151
4884
6849
5568
8439
4116
1333
7097
5693
2611
7155
5702
2281
2528
5232
9076
2220
542
9150
6008
550
3415
5077
5875
7077
2349
1760
3703
6915
5490
4058
1396
3961
1776
9329
7822
3343
3071
6409
9891
2202
9304
5658
3455
3018
2772
7489
5833
630
2525
5528
383
3769
1579
5187
8125
3826
6853
9746
1408
5940
5491
5135
1999
7505
210
1159
4266
3454
2540
399
2843
7925
8768
9603
9513
88
2426
640
8199
1531
2915
5149
2268
9998
8953
4738
1044
9898
6395
6164
3578
1419
6861
9501
9339
16
958
8885
7939
150
3953
8226
9245
2711
5416
3124
5162
7243
6561
9615
6585
6846
7083
1520
994
2567
4157
6581
2196
5012
6359
1648
7919
2736
6379
7928
749
1040
8764
905
9048
1971
7268
7329
147
494
5412
509
431
3099
7852
7643
216
9455
1774
4015
7230
8192
8986
8112
2298
6455
7959
6588
9338
2221
1887
1771
3478
7907
6996
7486
3068
9240
2854
4995
2474
1807
2323
8718
1581
3528
8869
1833
2886
3309
426
6891
6006
6773
5208
6305
5091
8331
4412
5341
800
2212
2049
6456
4604
5779
9099
7975
619
6462
5243
2823
3706
6843
8496
8499
9118
9380
2816
8366
6271
668
3694
9502
2578
9822
9832
8110
916
3102
2838
1058
2404
5388
3220
9168
2
6663
5148
7559
5551
4936
944
8485
3200
9864
6287
4926
1903
5948
7069
1880
2742
261
2679
8697
8994
6527
1446
3803
692
8436
4938
330
58
9053
8663
2154
2089
2853
9136
1504
6291
8868
9066
4775
6971
3395
2810
5856
7645
5521
391
8355
4395
365
3106
725
7887
9264
6976
7387
7016
3303
7474
410
2768
8486
8356
4458
5088
2579
2115
2312
2852
9823
9676
3854
2596
7951
9635
9006
9379
3627
4538
8105
4320
2062
2630
2936
5750
5617
5399
3796
8339
9064
5737
654
1585
5686
2478
9034
2432
6626
1251
2417
3840
2517
5287
2820
5292
4536
4244
8835
7420
5544
5501
7397
9666
9542
6956
4951
2009
1804
5674
5345
2018
6957
9796
4225
4047
8878
776
9843
3358
3273
9633
5593
1669
3543
827
6347
2537
4615
5039
4854
104
9787
6236
4707
1961
9466
794
3685
3341
4169
3449
8222
3591
7578
6772
2695
2205
7435
3078
2738
2050
4771
1799
4895
4370
1539
2099
4555
621
9294
328
2291
7722
5647
5574
2812
9791
8828
7603
7554
3008
9361
9800
7848
1482
3571
8268
1724
2179
2201
9251
9532
6564
7363
3498
8812
5820
7671
453
1388
4646
9212
5441
5035
6744
3286
8386
8287
9295
986
3675
4838
5790
9364
4034
1691
8216
6630
6168
3139
2073
6604
538
5310
9674
2279
8775
361
2369
3930
9774
1775
2037
5982
5350
3939
4164
3944
1552
3731
8691
7528
3440
9026
6358
455
9850
8300
5317
9215
268
9171
1555
7226
9327
6991
8849
4509
8270
5342
1526
235
748
1705
3979
4196
5470
3017
2805
1275
6361
2088
4996
8454
2176
2087
5461
2144
464
9638
2362
4546
3546
6871
2615
1047
9879
6240
1002
543
9619
4030
7844
4167
3077
5857
1433
4006
4985
2595
2564
1536
1900
8046
5337
7631
7719
8429
4871
6073
1605
8165
3193
5301
3342
9103
2102
799
3441
5184
1336
8658
2640
7562
5225
1254
8108
4165
9543
452
6023
3366
8639
4598
8905
2114
3282
3679
6429
6234
8799
5231
8433
9226
9767
1015
4848
4970
6729
3150
7335
8006
6084
6636
5988
1467
1017
7385
3815
5106
4224
1945
9628
5798
597
2801
9405
5327
2130
9849
6793
1875
8726
8249
8153
6431
9285
9757
1822
1477
1196
2215
8760
6759
3140
6152
7463
4389
9155
9726
9798
2034
3997
2652
6104
2506
6716
6642
5846
3029
5900
1341
5892
1456
8098
4153
4515
2469
44
8762
6255
6384
8995
1870
4491
8667
8598
6367
5543
437
3590
5640
1701
5643
4099
3709
1679
6504
9445
3403
5806
5526
3614
2666
956
7933
5406
4992
3738
9681
6706
1032
7551
3999
741
9478
8980
7477
6979
1811
3214
4582
5060
4842
74
9784
4143
3980
4102
4168
8279
3922
6784
7051
4326
4535
922
872
2897
284
245
363
8998
987
5130
6101
2085
5423
5365
7220
4174
6494
8785
3576
7894
4603
3495
6918
9783
3933
8510
2098
864
6937
845
4722
7814
1451
6491
3192
8019
8489
9093
5618
9782
2446
6559
6311
4236
8015
4883
1865
512
8428
1001
4749
2783
4630
470
3417
8069
4150
1556
6107
7251
9035
2350
655
7566
2210
2003
2025
3755
9208
8693
4273
7523
9925
1710
6185
5265
3317
345
5072
8579
2857
7009
2053
7174
3823
3469
5560
1240
4858
273
6538
50
5295
313
9001
7216
5751
2004
7286
7305
1045
4802
5949
7353
5167
9689
5570
7049
1559
5522
5756
196
1650
4751
5260
1816
577
1104
7830
7478
6321
2334
6121
7957
6508
9601
5161
8651
4991
7295
5283
6071
4585
667
8554
4967
5379
3187
8122
2804
4742
7819
8739
2297
8324
2859
9008
651
5503
759
7720
6275
7173
14
3230
418
3767
414
3626
5956
1752
9038
9280
7690
9286
8280
3633
6486
9128
9597
4904
4782
2728
5606
9907
5692
5591
3387
6852
9693
625
7890
1175
6268
7369
1982
8229
9135
2309
2892
7436
3716
7546
8638
1639
6757
3814
3345
6388
2741
8062
1142
1147
9962
9268
4455
8362
6999
862
9281
1991
7462
6433
7543
7406
4133
4347
7712
8889
2858
1480
9583
2614
5207
5511
4710
1855
258
7658
4975
7921
9378
5573
1951
4768
8985
3757
5448
1742
5111
4512
5160
3031
7786
4879
5213
954
1936
8441
423
5963
5637
7340
5594
3255
9411
8077
3052
3294
444
4359
4526
2748
2659
4621
451
6370
3932
5377
4651
3368
7693
8859
6934
2548
55
7117
8957
3284
1351
666
504
7597
7713
2888
98
4229
1756
2664
62
5868
5580
8475
5201
9844
1529
5440
9376
6125
4576
2702
8168
3644
9939
6106
6090
882
6032
7468
3723
4093
7769
8650
2798
3645
8286
7518
485
4189
7839
4759
2776
5439
8719
9229
1973
3908
3852
465
7013
5220
4789
141
7417
6192
2393
2934
1022
6094
6610
5488
2784
4859
4339
3042
8256
2946
1070
7003
5542
8047
5313
6387
1238
1129
1357
2534
7859
9238
1506
5150
5529
1187
4435
4479
3618
3762
5508
5478
5959
6064
478
5581
1406
3819
9127
8438
7030
9563
42
8495
2769
1235
101
1199
174
2749
5216
6948
7255
5561
2505
7015
963
4523
1063
7165
626
6281
1616
140
6259
3115
296
1466
6109
5850
5093
6763
5096
3436
3825
6673
3978
9386
2642
4675
2023
7214
2378
7017
6507
5976
1965
191
1815
6177
8829
1415
7810
2856
8374
9553
6474
8984
6518
5191
3540
1563
6597
7547
9918
9717
903
253
4948
8521
8522
1277
2845
6340
1470
5336
1301
5477
4381
6688
3636
7413
4432
4826
1727
8059
9319
3689
952
9456
571
2295
1953
9662
5359
7927
1438
6304
2419
8228
1817
6423
3621
8308
1987
9883
276
325
9533
7111
23
5657
8459
2764
7967
9370
1151
3400
4431
8111
4086
5955
7466
9608
5495
5335
227
9314
7350
6266
3504
5890
6964
519
1256
1980
3135
9529
8078
8104
8458
815
231
4737
262
7002
3304
387
2481
1968
6942
4844
378
2935
327
1717
7089
8211
338
1808
5237
8369
1067
172
3223
3481
8169
2956
3407
3503
3615
662
1391
545
7815
8009
1842
1748
8036
4896
2213
4031
7351
6415
9896
1988
5901
4636
9917
9829
6565
4946
3868
3250
8847
5595
9982
1211
4735
4986
9702
8298
6519
2332
3086
6496
3063
8627
9340
4042
5169
6372
5954
1791
7333
4442
4600
2308
1139
1379
1286
8171
7831
7331
3280
9696
3736
2516
1003
9589
724
9257
2809
9539
8797
7495
4560
2078
9043
8442
385
7192
8814
4138
2056
5577
3988
3990
2699
8068
1935
9307
4900
7697
6916
8367
765
5255
7164
9643
6615
9063
6556
2933
4622
777
6045
5083
9393
9768
6483
7158
579
847
5905
7955
1640
6269
1322
7909
7838
3629
9074
6524
9274
1021
9059
6059
4199
8166
9199
9748
236
4292
7920
7189
3721
4990
3911
2327
5179
8904
9228
2352
634
1726
1365
8508
3450
9121
4023
9574
4267
4956
6385
8329
7402
1041
4375
1108
8561
3350
3235
5186
587
8455
9434
4528
2923
3779
8841
1719
7575
3565
3638
6703
159
746
3539
4331
6143
4014
4420
3464
6646
9930
5137
5635
602
965
6307
5252
8818
7850
4960
9299
2348
66
6613
2011
1599
7651
4287
3024
9200
6798
4607
4937
2513
2402
6087
7533
2095
4366
6720
3236
4814
2526
3171
3421
2839
8942
9162
8780
5343
3497
1508
2080
3381
8896
7208
5009
5909
9031
4705
3330
7332
9594
3477
490
4061
6230
3202
3715
4912
7662
6190
6242
3434
6399
3247
5349
8804
2415
6081
8330
4692
7294
7904
896
2698
5051
2304
8999
9975
8552
3389
3869
2260
517
311
9407
6128
8683
7779
4329
2739
6774
2671
9698
312
2665
1522
8702
6014
738
9723
5011
5038
9041
3489
9207
8910
6699
4184
8312
6283
3148
1280
7860
7138
9233
3585
1420
5192
2390
2407
351
1975
151
3356
6313
9507
1073
4695
2119
8553
4090
5973
2753
9654
4561
2797
9091
5452
1011
430
4368
9358
1225
6142
250
6203
7774
6930
6189
341
9937
3653
6652
8183
8398
282
63
1878
5819
2438
9170
8531
6842
2466
540
5033
6478
2155
8656
5356
8014
589
8710
6317
8154
3844
3245
1386
3690
6448
7031
1749
6897
4217
3949
506
3545
9833
3295
3925
1967
9381
915
2211
3444
3371
8523
9137
6277
1730
3475
5599
1122
2341
4780
3711
9980
2747
2405
6653
3882
5611
2047
5761
2979
8155
2927
6667
8563
2275
5129
5969
1979
3149
3562
7527
9721
8274
2518
3795
848
1689
6594
4503
4214
7777
5036
3116
867
8072
5496
5236
466
6679
616
4022
1524
946
257
5662
4572
440
2157
7004
1588
6649
8763
7133
1806
9714
8461
7821
7282
9968
5446
2483
3984
837
5052
7781
7990
5677
6749
7073
9444
7304
998
9227
797
4521
5678
1087
7622
8070
8302
2148
833
2162
9098
8967
1607
6052
3717
1575
878
4961
6726
6312
3500
4271
3970
5965
6149
9963
9005
9055
4419
6336
723
8328
267
5865
1172
6647
8831
7205
1110
2959
1515
5979
2656
4284
518
3386
2381
1231
8247
8342
6221
8167
6364
9812
3423
488
7943
8876
8365
9108
8696
661
2263
6296
1617
7433
5879
7460
1429
6299
3329
2339
7010
6801
5947
932
1236
8491
4210
5602
1133
1459
3377
5690
697
6965
8449
598
3592
4790
3424
9514
5980
1662
1926
7840
2606
1243
3816
8921
3640
849
1676
5369
1126
1215
4571
288
3019
2199
5957
4654
4911
8920
6944
8126
1784
9536
1977
1097
4833
6092
9554
8121
342
4081
4655
5552
6470
846
4580
6062
2532
8029
7571
3927
6007
3194
7358
4255
718
450
7307
4183
6627
4056
606
8902
2197
9649
3725
1565
184
4881
6692
6989
6244
1884
3946
3333
5931
1400
4973
9113
6314
2357
6578
4714
9292
3657
6500
9350
3791
7542
8176
8400
2354
5558
9453
2542
2675
4573
5708
7816
107
2464
2576
3361
127
1299
4193
3624
4733
4720
809
1014
705
3661
5125
7094
3942
8277
8792
7986
4322
6297
554
2299
7302
1005
4365
9517
3340
6302
5037
6988
291
1517
1320
7537
4633
6290
5848
7014
5835
6324
7663
7146
169
4436
4374
4586
7437
5827
6520
7847
5211
5742
8376
6184
3006
755
2668
1649
8746
6950
3109
6740
2485
5151
6114
2991
2844
6962
7530
4294
3183
6044
2367
7199
857
5214
6521
5923
4516
1759
454
4941
1790
9196
7021
7994
9901
8862
1580
2732
609
8087
8283
3152
8209
6572
9282
5566
1425
3688
3408
4404
4762
3490
2029
8419
3867
7841
1234
9556
2010
8217
2994
5871
5764
4953
5537
2581
149
1661
902
1829
2061
405
8634
5099
2232
5163
4249
9537
1957
894
3505
4507
9328
3266
8749
469
7068
5498
4597
9491
233
9335
3617
1266
5523
3480
5588
4927
8470
6029
3759
2141
2566
5534
832
4096
5288
3154
1404
3445
7812
1731
8160
9697
8030
6657
8643
9305
6592
9620
1150
113
5646
3188
479
2284
7503
8959
983
8825
4384
5380
3327
5424
3799
8240
1780
3789
3119
6252
3972
5852
798
8924
3536
2170
4880
8200
6815
7416
7550
7685
6098
2746
2060
9018
5013
5469
7443
585
4177
7759
622
8644
7901
560
3397
2968
7310
1085
7145
3349
5421
6047
1178
5330
4699
870
1050
5114
2346
1389
5258
1447
9740
7288
7598
1864
7392
1128
6603
6708
477
5383
1792
7033
7156
9686
4587
4309
2482
5414
2557
3737
1837
7456
1557
9579
7724
9821
8182
1213
9140
841
5818
2306
225
6963
6447
6927
7210
1334
9521
2755
6386
939
7983
1399
2851
2850
8011
7811
5411
4268
6765
3321
9302
4703
1224
9198
2654
5257
573
8415
5223
7279
2238
5466
1793
7742
8310
9569
9752
5656
8756
8997
9817
3934
4997
9395
5074
7044
5506
5958
5874
5710
6233
5117
3066
6443
3179
9736
3558
9515
7596
851
715
4731
8690
8779
5536
503
8939
7594
1514
1140
6420
3740
2717
1941
3535
2657
3631
6398
4685
4764
1629
9544
6717
1007
3509
1371
3083
1523
5903
3270
1545
148
8290
5978
5824
633
9788
6587
8045
4631
110
323
2303
5001
6660
5
3773
3310
9847
6046
6174
3807
2054
9235
5754
355
5747
8601
771
9365
2391
2520
6865
2925
232
5864
7752
286
4410
1009
8608
9410
2105
8116
5155
9705
2168
6295
6910
6845
5450
7252
7584
716
5323
9558
2394
7378
3307
432
3105
1376
9151
8724
3028
5813
9363
5562
7892
120
271
9835
689
3901
6925
8852
8468
4792
3278
9180
5624
5906
1627
3446
5197
7700
2183
7308
7885
4648
175
3845
8981
4352
29
1755
7398
3219
1861
1615
8786
591
7715
9452
5715
4677
9781
1940
5935
701
7791
3014
7535
4175
8568
7246
911
117
133
7200
4141
8336
5721
8124
2662
2274
1135
7647
6239
7048
2704
2463
6229
5329
5691
334
8478
9400
8698
3096
5108
8261
2101
2282
3085
1198
8908
6437
9321
756
2313
8562
2512
2993
6875
1345
4119
9922
4311
6274
5991
8049
1598
3182
5785
3089
2953
9745
1912
632
3215
2648
9163
1131
366
6727
5660
1034
2514
2283
7962
933
8723
3691
7110
2317
1619
5572
8659
2356
5748
796
7262
4124
6818
7244
428
5705
3526
1736
9965
3097
7866
5994
3965
9632
7545
4148
558
2458
7746
8734
6892
672
9762
4207
320
2893
4983
1153
3431
1500
3240
8375
714
6231
2641
4962
5157
5689
2874
1274
8974
6939
9061
2822
3486
2832
2218
2521
6495
5863
8626
1898
7140
7728
5701
4071
22
5376
6428
4835
6391
6256
3456
4299
3272
7355
484
8709
1038
2412
8687
2637
2377
8758
5425
5481
6181
2961
482
8571
1879
7063
3741
980
6623
4520
9258
722
9606
7918
5269
7431
3073
1344
5268
2396
2465
2587
5755
2964
7614
299
8234
1054
8432
8106
8314
3964
2491
4212
885
9942
8537
8035
7679
7018
7172
7479
8992
8963
3382
6140
9284
7517
4129
2895
2911
1685
1380
967
5929
3891
5273
2588
2608
2575
6958
7908
6111
3541
5922
8570
2724
4632
105
2725
9157
8190
3903
3079
4470
6393
7449
2758
5964
4599
3551
3452
80
9276
8881
1586
4231
7600
4706
4069
6260
1863
219
909
377
9326
5227
9377
7931
807
3556
6126
6631
9886
8716
8548
9580
2024
6039
5539
1046
9359
2883
1392
2620
4260
9971
2403
3699
6454
1765
5891
969
8574
8198
5344
2261
2978
6159
6747
649
4540
8532
6596
2259
6316
4592
2674
2293
6896
5357
5753
9607
5230
3323
7857
415
2572
8695
2740
9755
2288
6919
6049
5898
7796
9010
7384
6954
535
8149
8197
4144
3896
9776
9604
7284
580
3923
3069
5500
6031
4181
2409
300
41
3125
1193
9402
5669
7236
2471
1995
2324
6888
4850
7851
6237
8148
4448
1373
7753
6570
2789
3283
2619
7388
3056
5951
4206
8401
2929
9921
4649
1317
2926
9990
5134
7548
9190
4499
804
1894
5144
2707
376
2459
326
6303
4947
9841
2880
5616
8043
8506
521
6264
7412
6212
5004
9786
2092
7788
1702
831
1499
3357
7560
2072
6943
3827
9308
2818
1146
9588
9248
3886
3937
7370
2633
2869
2452
26
1505
8407
3
9219
2498
8493
4617
8588
408
7485
5397
4392
4664
6390
8607
1331
6709
9060
7414
3555
1290
7854
8080
608
7522
648
2855
4390
1744
7557
7750
6775
6100
5926
5475
8560
1366
7982
8333
1130
9576
8185
1226
5632
5041
2386
7182
6639
9047
9013
817
9920
990
2556
7692
1464
7300
1303
4280
2841
7613
4867
698
2954
153
2480
4430
2696
8457
4856
1414
6525
9759
2290
9424
4464
9014
1553
3392
5987
8109
2894
6263
6442
1442
3859
1510
2715
7298
4278
6562
8640
7256
5348
1476
704
9859
9877
4330
5910
5516
3117
5613
6506
5247
9165
3510
6754
394
2952
5631
8349
4855
3022
646
1284
3619
6832
8378
1637
8861
5993
5937
1296
8473
3195
9347
924
5603
3677
1544
4672
7884
5887
161
4495
582
1394
9935
674
5024
1100
7997
5003
6077
6228
6408
9193
3836
367
8257
1207
9461
1355
5055
6577
487
5711
5222
9303
5305
2982
4783
8492
166
3910
8024
9735
2151
1082
2828
9778
137
7418
8759
2720
774
2019
9394
4568
4293
9106
4468
3966
9919
246
8599
5022
7923
9487
8474
6973
9218
6222
6127
3033
8037
8636
3666
3586
1739
4717
4860
7895
6205
5546
8752
6984
3712
899
3290
5575
9857
876
457
5694
6549
2321
9773
4428
1088
3269
8306
7292
7516
1687
886
2814
5248
2729
121
5971
7085
747
4342
6325
8909
2676
2401
5275
4279
8584
663
5641
48
7161
699
4401
1740
8897
6484
8224
8983
710
8771
1835
811
2086
9015
3899
6459
8027
8064
4036
7232
1179
9742
3563
9878
1948
3559
5250
739
1285
9923
8361
5290
6211
3057
976
9293
4315
2235
5468
3512
2336
1946
9221
443
5198
7510
4012
4932
6172
3971
1061
4716
6953
2497
970
3732
5053
4363
9560
5363
5997
6848
6117
9297
904
7179
4744
9131
2779
8612
4108
9909
9000
779
5520
6601
5316
7708
7
4819
1994
1820
2462
9945
2384
6980
13
3091
6197
700
7684
1528
9465
3876
1773
9785
7743
1262
8927
6002
5665
480
6797
6068
6319
8344
8097
5311
8453
7992
1164
7604
9088
5855
874
5696
1246
8483
6768
413
523
5378
3875
2646
8358
656
1116
8791
8668
5676
2960
3989
9095
3828
1390
8973
7106
7037
9182
2146
908
5749
7318
7058
190
9490
8935
8955
5738
9504
6464
3793
1071
8382
1659
992
669
4188
5716
3855
5998
6951
7980
8515
8642
9904
6250
754
8782
460
8575
5845
4612
6485
8685
9467
528
9989
7775
3743
5728
2103
2860
6557
6394
1651
6640
5113
1141
1019
3306
5458
5870
5206
8603
884
1981
1688
79
9149
6736
4028
9236
7206
9602
562
8844
3126
5565
1916
8757
8901
2778
6760
6786
8285
3907
8614
601
6994
6413
3351
5112
5277
4316
3025
7410
1134
6095
2691
636
7592
5726
6800
6254
407
5530
4510
547
6995
5008
9322
9414
9811
1978
2881
6746
2494
7188
213
2821
7589
729
5431
3976
2890
9614
2879
8227
4892
3847
8622
122
5633
9707
6929
8173
142
9622
7900
1024
8547
5688
2013
1293
2185
1249
1874
8846
2811
2663
372
4465
1321
3302
1570
3161
2174
7382
7390
927
7142
5100
9712
2388
8871
1098
7400
8463
9538
3291
2977
4411
3074
7785
6935
4283
9345
8925
6733
5328
569
5325
8271
2535
5717
3898
4637
9684
9123
5015
9189
1468
5805
1549
8742
3004
6710
823
2285
1794
9139
4285
3020
2484
8208
5382
3806
5455
6809
8096
972
2292
9915
7629
4186
8016
181
4163
427
1124
5147
2916
1398
6834
7086
8137
9272
5078
6453
7040
7620
3334
6895
4001
4238
6658
7971
2416
8769
2948
65
4440
3973
2126
5802
5517
9017
3133
4050
694
2280
1327
2363
9562
8031
1602
9713
6545
1644
4251
8377
5768
2083
8076
6532
8462
1060
8541
8115
8733
2262
9077
996
7744
6414
2912
8513
75
6499
2735
9897
3701
1479
1795
7762
4321
7630
3812
1295
7936
167
7316
7039
7324
1268
5590
2706
1943
4965
6987
7108
2555
8542
4402
6890
4793
7544
4559
8589
8813
4233
1694
3726
5154
7365
6602
8613
6814
7865
2829
1868
3888
8263
6427
4670
2502
3251
2861
9552
7748
4851
3463
2372
4511
5704
3956
2621
9729
1448
1261
5724
1886
7666
2383
6137
4745
9252
2026
417
2958
3003
9895
9769
67
3511
1205
2962
5048
3050
6611
1181
2826
7579
1623
653
1741
1914
2885
7660
2265
8555
761
5938
6139
5174
3916
2937
7196
5462
3059
9181
6265
8857
7038
9739
8524
277
6586
8250
1076
7368
5132
1204
8074
9223
1289
5082
3041
409
1904
7100
2012
1444
5170
6529
1434
6769
6783
4656
3552
9974
5781
8672
7602
947
928
2504
4211
5407
4416
1547
4522
9213
6158
8806
3519
4074
7326
5278
2694
8004
9440
3315
3652
1743
3837
9201
9699
3735
7269
2166
5007
2436
9442
4747
1667
4584
2036
4999
1443
4371
9462
7128
422
491
8879
3015
1242
6735
269
7714
3162
497
3623
9506
54
9854
3234
5899
1550
5783
2021
3853
7539
2311
1393
9419
7787
1568
1155
2476
1025
2932
5734
3422
3049
4221
2190
8065
4866
8610
8519
2806
9548
6548
8903
348
920
5941
8266
3414
4427
5188
711
1257
1059
8527
8295
7374
9733
6539
6344
3824
8269
9477
2636
1772
4130
5507
5394
9145
2373
1716
869
893
5515
7855
9808
433
7067
6554
730
436
6403
6451
4493
4852
7698
7969
2570
1431
3076
5615
1928
5513
2138
5298
1495
3494
373
1051
8845
7126
2442
1750
7976
6877
1686
9068
6544
2603
5438
1182
8159
8416
9809
1413
3596
7093
8882
8700
8244
198
727
762
3872
613
7837
4194
2721
4799
1465
6857
2914
6683
5426
6921
9908
9804
9022
3764
1543
3075
3087
6300
7607
7675
8811
8619
9067
6707
9037
9983
7484
9905
7424
5299
2286
6621
9457
8961
4010
2593
4519
4772
2632
8867
9685
5842
7573
1241
6863
9825
7978
7482
4976
1494
6490
6923
2645
9703
3297
379
1571
5584
1959
5427
5069
9102
5183
2760
2127
7347
8002
7213
9011
6855
8732
4925
9191
6807
8805
4290
9169
4497
1305
5346
1892
9516
4618
6261
9020
4831
179
3656
1228
7782
7790
9648
8399
4711
8820
5014
3470
5707
6949
2314
3136
163
8950
6997
7096
7707
305
9846
584
6748
7423
3575
4059
8041
346
516
7481
1610
2135
3902
8536
1574
1630
7025
2577
9406
1368
7493
5045
1974
8264
5514
4885
3704
7619
1917
4072
2511
2129
4452
5120
8099
2771
1489
586
818
4626
6599
7202
9913
6110
5133
8452
9003
5234
2866
9688
6635
3534
5585
4291
6826
8926
3238
8977
6383
781
4698
2744
8145
4820
2628
3254
5049
4424
3878
9167
8944
4755
1937
2433
1734
7780
8982
2815
7084
6082
7401
6926
9663
1105
131
7411
6079
9033
9749
2453
7593
3843
8127
3846
8444
2208
2733
217
529
8482
7834
495
8334
220
7301
1751
1674
1145
3841
7245
8741
3332
1191
3889
873
7626
8684
9993
7531
4117
3584
1655
43
7343
7434
5355
707
9374
95
7450
9541
8325
5372
935
4451
8556
3917
4684
8107
6293
3655
2944
8648
559
1569
2949
8210
4474
9483
8705
2246
8354
4106
1853
5430
7464
8321
7534
9176
3271
3132
7034
2109
1055
743
1832
3765
192
1697
2132
9525
9818
5124
3369
2825
572
176
7201
8833
5884
8402
4641
2878
9058
4085
1647
7949
8949
36
5415
2983
9675
7718
4957
810
838
3642
2677
4688
9384
3857
7055
6285
5725
6791
8773
4113
5127
8534
9856
4569
8260
9834
4243
314
7581
1852
4719
2644
7764
8276
9471
5986
354
2972
770
8341
4159
6118
2344
4730
8840
5385
6850
2808
2181
1830
6859
3279
8839
6397
4446
8301
3038
1587
1645
1462
9045
2137
4891
5398
8163
1964
8131
6301
6616
7222
5393
265
1932
4869
4301
2455
3568
7341
7509
4611
6650
5006
4608
425
3107
3010
2167
8535
4950
467
2182
3044
7569
135
8265
9397
2700
4492
5682
8941
5238
1910
7981
7947
7716
5449
8594
791
6341
979
4940
8220
6816
4399
9958
9802
7070
5320
3032
3064
3211
4397
9433
2827
57
9954
3936
7242
5796
5625
209
9591
3081
331
3609
9174
8863
5318
6323
8364
2536
90
9629
3231
1083
4978
4887
9147
1866
3457
6589
7717
5212
9530
1933
3023
3062
8706
1308
1812
197
9154
5671
2522
4303
9179
9547
7168
5719
9273
706
1359
964
1633
8781
3009
7249
116
8916
8353
913
501
9144
4179
4577
6598
3216
1718
47
5793
6517
1723
2139
9260
7053
6058
8645
5040
3157
1624
9848
5368
4228
4
195
9116
4345
7090
9242
4524
9141
6033
9956
5735
4018
8053
3900
4275
3292
795
7954
4897
1986
5915
303
8223
4382
8254
99
7497
7492
4067
6574
2610
6580
5839
8988
9509
6794
4815
7825
2800
9177
9890
1279
6206
2052
9042
7403
5626
8022
3213
7897
3549
8206
8558
7922
6097
9062
3986
1027
6752
5459
8327
1092
2398
6837
2070
1424
866
5309
7109
4805
9641
9711
1601
8238
9902
8721
3700
3929
4803
3522
4732
60
2574
1469
7842
6590
7426
5672
8674
9585
9054
3373
7407
1316
4176
7167
8692
7977
1997
3461
6245
6220
5759
2898
9019
2563
5210
1788
7765
9577
8034
995
3398
25
1996
9807
3851
1654
6010
2941
4812
665
4296
7473
1530
2872
5766
1612
688
8572
1158
8480
8346
6526
7399
221
1471
4578
2999
7078
1309
3926
4017
3401
4127
9206
635
6659
7529
1668
6830
9237
5829
8623
2745
7129
9070
9732
1763
7217
4781
2159
9269
5720
6805
8384
9950
6813
6617
1762
344
5200
8507
4949
734
3676
9978
9656
8765
6376
2896
508
3021
5778
4454
461
6787
7915
2967
2780
5844
8694
4766
7396
2550
7271
4825
4761
9408
4574
9795
2237
2431
82
3681
6334
5097
8772
1417
8317
6351
8079
5904
1841
8061
7311
802
3941
9557
81
7804
2194
390
4875
1542
5917
2310
9482
4305
7260
6718
3127
1956
4335
2807
4354
6823
7772
2233
1509
8819
9197
4642
4341
123
5675
9476
1028
6619
1683
2669
8865
3218
6227
9596
1436
583
8379
2651
2340
6060
3525
9426
6841
7258
6671
4318
1037
7267
2756
7570
6108
3668
8448
9555
2976
8714
9977
7175
21
255
7747
4987
2228
4162
1728
8242
4261
2865
493
9122
8396
7916
9421
9671
9356
4824
7749
3322
4823
8880
5262
340
2207
1484
858
6016
189
1847
9640
2467
3160
1924
1538
6719
1068
5126
6224
1370
241
9669
4098
9593
3391
7321
3095
6328
9278
3483
9512
8380
8728
3581
7215
7325
9279
6272
8498
6609
111
7391
6009
8630
5770
1720
2389
923
5555
5767
7001
8898
1576
1757
8679
9805
8239
7373
76
4591
2150
7134
4277
476
5107
7453
2781
368
3665
5622
6547
9030
8431
7467
1033
9288
5333
4125
2600
5920
3468
8296
8511
685
4564
5251
7320
4237
6575
4025
6558
6970
3833
8170
8625
9715
3752
7683
5655
4101
1729
6750
5235
3338
8539
880
278
3353
9690
6396
2368
380
2867
1761
6155
1814
8272
1353
2076
4344
7549
287
2560
1381
7185
3197
2626
3634
8923
2017
4623
603
2685
3643
6682
1554
8282
3871
6516
6219
7913
4610
2727
7595
9631
5467
2835
7176
2322
448
38
9160
7312
2891
865
3994
4443
3564
4628
471
2495
5119
997
6723
8906
9887
4921
5928
3438
7770
7970
1989
7984
6209
8063
5664
6067
1901
1860
6332
2097
5505
3316
3673
5086
3604
5600
510
1656
9869
8585
4297
8615
4418
6053
2169
4361
9249
1263
5339
2187
1657
5679
5203
7800
9586
96
8294
3393
3375
8075
3243
9417
2583
5465
5246
7115
3582
735
9737
981
2490
9051
249
3766
1323
8952
106
449
3145
4712
2448
2909
9731
6432
7985
5943
1492
7076
1871
4037
4903
2351
8404
7561
2234
1969
6753
3185
8665
7183
989
7207
3517
2240
8028
7360
6124
9428
1362
7678
3184
8281
9670
293
2618
4810
8479
2414
773
8850
8292
4640
6551
9960
8664
8915
627
6392
8299
9988
1646
8783
9966
40
814
1913
9986
1767
3781
9025
188
676
1237
3249
2585
7953
2837
2794
3730
948
9653
4743
3739
1958
1930
2763
9391
2493
1850
768
8680
6481
3093
5422
6422
4466
3794
3372
9362
9948
2938
8056
5020
8102
2335
8477
6019
7856
4763
600
7624
2655
5059
3817
3204
9415
6040
5080
745
2289
68
9912
5485
7835
4817
1157
2507
1949
6187
9987
2554
4272
1704
6136
2635
3425
7317
9911
2424
1016
386
6938
2450
8363
1265
1052
1905
4441
9744
4369
100
4304
1337
1165
949
8129
7159
7751
624
7681
2347
5817
5876
9931
3945
1873
1382
1123
7766
446
5801
1826
4319
7419
4004
319
8305
4955
1125
9138
805
4740
4506
335
3379
4566
5895
3472
9914
2647
4170
2015
5510
9863
7195
3259
4158
1560
2701
33
6003
9709
9343
4830
8699
8580
8083
4376
3288
8084
8345
6743
8564
1703
9636
9333
9522
7352
8899
1412
5950
3061
7027
228
808
2376
7828
4057
6120
4310
4980
5554
7843
5583
1221
8914
3155
2473
400
8671
9839
9012
945
3084
5553
7632
5101
8796
7861
1478
4456
9267
5545
6955
3134
8745
5199
9647
7963
2774
8372
752
7601
6885
2683
4776
9969
3110
6776
9564
1779
4601
3487
3122
840
6122
6711
7430
6651
3163
8435
4337
9346
3754
4594
9625
6811
6528
6967
2500
5390
4076
352
9928
8013
4954
9573
644
8707
7615
917
1840
2425
2996
3648
9468
3030
4530
8103
1798
8445
9300
6738
3842
6048
3067
3637
6320
8057
2331
2703
696
1929
6015
968
4828
2200
1843
30
6353
3788
670
5289
6908
1118
5476
3409
1452
4356
4062
5065
2974
940
146
11
8189
4204
8890
5285
9639
9247
9484
9999
792
4459
8231
8142
3778
9524
1511
402
4045
3123
8370
3620
7186
9664
1101
3763
6123
9087
3206
7767
6430
4136
5307
2712
3909
5280
8252
3121
7346
3242
1167
5908
8720
2100
2096
942
1897
8592
7442
6169
4295
7754
462
4606
411
2868
7705
930
3813
6686
9531
8
8446
4934
3007
2524
7290
1491
4336
537
5731
6912
3613
4152
2131
1706
1638
555
8434
8837
6782
7500
4264
7132
3870
5579
9158
8807
9262
2456
6595
3776
9388
3948
4724
7618
3809
397
6687
4191
2519
6641
8180
3858
4173
263
6294
8162
53
2945
3432
5832
3156
9254
4075
4216
9002
8230
4795
4334
1195
4421
7896
3893
551
2059
1352
8093
8132
7886
3749
8251
3919
6037
6357
7180
3982
5196
659
921
8504
6802
6584
3588
8576
9451
9085
1849
3459
6022
93
7827
2761
1075
6308
6492
9951
1825
7233
1677
1960
2489
445
8827
1171
2075
3151
2217
2907
1297
6668
4121
9148
5367
5838
6488
6258
8628
5032
4778
7806
1631
2547
7366
1642
6940
5046
2687
8193
481
5279
7585
6065
5989
2990
204
631
8130
703
1527
6278
4767
6614
9287
6672
7160
4406
2165
5315
8273
3080
4750
1248
1915
256
7853
6080
2690
3196
8624
5121
4543
7599
4727
4426
5044
5410
9166
2189
1222
4242
1255
5395
6083
3745
7649
2266
8815
5102
9413
557
1827
4364
9105
6533
620
6972
9637
3718
6267
5293
8704
2558
5649
8403
3040
3775
9949
7572
2571
474
7354
7501
955
7761
3579
1488
769
5527
4328
9188
8520
6375
6198
8735
9344
4952
6165
6436
1700
9497
8802
6788
6689
5791
2067
4650
8821
4748
629
6946
6628
8146
8540
7964
9436
8184
240
8761
6338
3608
9692
1678
4298
7278
173
1673
3325
9964
1137
8039
534
4241
8405
7184
6248
590
7846
2472
2468
324
5087
2718
1939
7659
6
5582
2673
5442
3043
4554
7007
1796
6153
3553
492
1589
9836
2214
5453
7878
3995
1361
6758
7130
8678
8703
961
8262
8267
2430
4563
2902
4657
3720
6661
4409
7395
1525
1214
5975
960
5999
9661
7926
5109
4307
8617
9446
7470
2552
1089
7524
7808
7564
9953
5804
1885
2230
6407
6472
6644
3616
617
3005
8114
136
9719
4874
3104
6232
7309
4327
7409
3051
511
4676
4038
496
2875
388
1428
6904
1848
4726
7833
4300
279
2250
2643
1753
4100
4679
1287
7946
7427
8503
1537
6742
4981
1902
4924
103
1474
6739
8655
7654
5392
5650
3173
5306
6530
3427
2573
6200
3491
6335
708
6810
7458
4253
3831
9175
9503
1573
8113
6566
3818
6193
1329
9296
1117
5073
6310
4909
3212
7637
1635
8770
3144
7124
4988
3416
9680
5443
5308
9790
2319
8221
1312
5653
5621
6188
4358
3977
9265
687
1091
2817
6677
9317
381
8248
962
7824
936
7521
8808
6076
1343
5740
1018
3128
9323
3561
4804
3443
9334
1180
5062
6868
7198
4827
39
8460
4254
2995
8443
5182
7404
5974
8010
9679
5417
3190
434
2793
660
3598
4890
9734
8856
2830
6362
7386
2864
8512
8501
264
4219
3265
438
6781
3359
46
721
7432
9926
3016
5381
5172
5016
2906
2602
9780
5233
2631
7667
3532
2128
1609
4968
9142
6700
806
4128
4239
9373
7924
6257
321
170
7776
2688
3874
7881
3300
3027
7104
1291
6471
1778
398
7702
973
9527
8748
9403
1136
6315
5480
5146
9642
6840
9309
6536
5401
8389
7612
7996
7965
5474
5030
4794
6369
1713
9903
9813
5066
2241
2020
7661
1838
767
9797
71
1735
9125
6789
8371
3465
9561
4557
1364
2553
9368
7864
9545
1754
6833
3275
4613
8789
6806
612
1931
713
8754
7127
9510
5932
4889
7941
7644
4769
2318
8750
9463
6004
5816
9799
8181
9810
8451
1614
230
157
2488
1881
1210
895
177
3881
56
9710
8033
9842
3996
9943
6886
4110
615
4192
4923
4109
7472
4917
2209
6493
9941
6698
3589
6872
9401
4083
2058
9186
5017
8836
5592
1184
7046
5261
8550
4602
6102
1611
1209
1374
9845
6138
8873
2287
4785
6874
9192
9232
6038
10000
6876
9630
6148
164
5432
6133
5047
86
5825
2743
9582
2277
9644
4270
6419
1216
8194
8255
1259
280
4180
4383
5081
2328
7071
6160
4525
8427
2345
8597
1769
5374
3573
8948
1349
4005
6154
9046
1
3630
3180
5630
553
8866
6235
1758
2171
9893
5983
2723
778
855
8681
2411
9708
6273
7952
4016
4281
4087
3034
178
5851
3786
7506
9837
1010
1821
3835
4625
5436
1229
4901
1149
9567
3714
6425
3281
8730
7590
9313
2884
6835
5324
2754
9683
4146
7676
4488
2984
5028
7504
3951
3100
2002
6803
1890
1326
6166
5893
4486
7725
4054
6881
757
7209
6851
9325
6546
9224
570
8611
9700
8303
7299
1483
8335
9460
2243
527
789
1877
119
1294
1170
1486
7845
7372
4693
9084
3683
7574
6134
4581
2971
9056
8530
1590
581
9992
8877
4469
7125
8082
4809
5758
5249
9073
3612
4614
1671
8243
2634
3531
1895
819
8661
1319
7826
7552
3682
3493
6512
643
3011
2882
7283
1858
6243
8591
5996
6831
7784
6856
9301
3262
1665
2992
7080
3276
5797
4829
7674
64
6330
8071
70
7973
7869
2325
6352
9875
1503
4269
3514
7157
3742
5386
3600
6489
1273
5242
389
5697
9871
5018
4172
3797
8930
2007
9412
2970
7005
2326
7171
5685
2172
8187
3820
914
3662
5968
3660
4407
6515
8946
8686
9867
439
4939
8581
4134
1777
9337
5504
2355
3905
7272
9831
3277
1283
9416
9243
2045
5456
3943
5256
1593
2198
5471
17
1270
5608
6460
5810
9366
1096
3301
8794
3320
7357
1031
7532
3680
1339
9546
5661
1670
1200
2192
5550
1664
49
9609
4263
8423
9096
5777
6582
2730
1625
8787
6633
5291
4485
9146
8123
2681
4245
8297
6497
2475
6933
4575
2164
8320
599
3210
2203
2107
2030
9114
1252
5930
1439
3538
5366
4787
3784
1138
7567
9353
2530
2079
883
1714
8408
7829
4103
828
3572
3257
999
1839
3082
3758
5058
7491
6389
2387
364
3002
3209
4223
8919
2245
2538
4052
6505
5173
4691
526
3567
593
7098
5361
4878
6858
8422
3036
3354
1008
8313
7940
2734
4461
7328
7314
2033
1418
3521
4232
1377
2546
9351
9159
7056
7042
2714
8368
8514
623
9130
3385
690
118
6889
9418
6477
6824
9007
3324
3597
5115
1342
1035
5652
7359
4498
3601
3168
5175
211
4662
3039
2188
5487
1893
5877
6440
7150
1450
6438
978
3860
4682
3172
5619
647
5642
5433
1346
20
5787
4003
2609
3802
292
6463
5774
8966
891
4773
3686
5042
5765
500
4035
9311
6511
4661
637
6163
650
9872
3753
8161
6854
2710
9422
4634
2479
4065
4257
283
3484
3829
6680
9495
8289
8682
7958
3577
7556
8976
4202
1154
2094
6905
1049
1358
9584
4944
2022
9840
403
6625
7555
1512
9508
9036
1715
6349
4060
1518
7348
1566
8595
1402
3120
4663
5596
2877
212
8172
8912
5525
2708
3384
3412
9086
1421
9870
126
7872
3378
125
8972
8447
329
187
5609
8471
4308
8128
5110
9518
7287
1696
9892
5961
1690
9217
5002
3729
152
5408
27
9613
8970
3883
6119
8854
4393
4915
8870
294
6026
2617
520
7123
3326
4265
7756
1156
370
4683
971
155
7738
5122
2981
3158
315
6702
5636
1356
6378
37
7483
4494
1600
7141
8960
856
3895
2316
8174
4958
5454
681
2947
8025
5576
2084
1643
3348
5541
6728
4671
1789
3141
4914
251
9855
7488
7903
8747
3557
5429
5745
4195
2985
3724
6249
6050
2443
5373
4226
4230
2136
1872
6284
4813
206
9672
9049
6404
1127
2922
6867
4256
929
7974
6331
5826
3437
6145
421
3394
6074
7608
2650
2503
9205
8996
9009
3920
8848
6176
7960
3848
3098
458
9475
8962
7376
4463
3658
8662
3606
4355
639
7870
1454
7710
2227
3750
2371
456
7638
3594
4209
6675
8809
275
1698
3974
2178
7494
8731
4739
3413
3447
7026
702
4240
1354
9352
9357
5634
9996
6674
7911
416
369
6761
3952
4122
4893
3782
9575
7264
8533
1558
2113
3610
6821
6091
4784
3805
1057
1099
8007
2873
4821
3207
6078
9202
5070
9052
6424
8675
1493
3940
396
2594
9590
4674
6822
7147
2125
2223
6907
6360
4483
1693
7789
9599
8701
8929
9936
7704
6057
7652
4713
358
8654
1695
2680
7553
7807
8567
2408
9852
1029
9540
4313
951
2731
1785
3363
8526
4453
836
2561
1423
9246
7541
6785
9225
3380
7591
4845
9075
3224
9991
1561
114
6969
7187
8593
736
8713
1846
6612
8557
2301
6531
168
6410
392
5419
3054
6691
2163
1828
7586
4151
1338
6475
8670
1954
2678
5834
9214
5709
1168
5659
5760
7247
7687
7639
9275
7795
3693
937
2661
2831
3774
2586
6020
9161
3058
5853
6458
8201
5472
7122
9660
5068
6327
732
8089
2143
5912
5351
6902
744
2766
1652
9080
2353
8715
1856
6179
1177
2799
1797
8517
7204
4736
3170
2802
6368
2549
5319
94
6405
2042
4248
5933
9753
6365
32
2254
9779
1403
8225
6021
5925
8164
7306
2693
6819
8175
8893
4527
2551
686
6778
1733
2039
8649
3274
1223
8138
5729
834
4849
2329
207
6028
6922
6162
8801
6318
5403
9763
139
1595
9651
8766
9194
442
4433
2222
1332
357
4024
3305
4916
564
3981
6406
112
419
1258
1618
934
8798
8842
6202
3402
8318
4862
4905
7476
1461
532
4132
8044
9312
2219
6873
8464
5387
1831
9761
5428
8233
7349
9572
9771
9489
4502
1053
3734
5757
2133
8778
7757
5681
353
4120
5071
8777
2726
5228
860
6732
3622
7137
6666
5005
5795
2423
1921
2091
2244
7576
4142
1540
9173
7274
5776
9888
8895
863
8141
8151
680
9367
6173
5970
9738
4971
7065
9441
678
1313
2382
677
1173
522
6724
2790
9565
1453
6847
1120
3748
7736
9750
889
9332
9677
7178
2605
6466
3698
8202
2032
3915
1304
2116
6401
5942
1219
375
1810
3147
3524
712
3502
4994
2271
2759
8236
1660
7730
5886
8245
2027
5209
1094
8411
548
7948
435
7181
2762
6777
2065
486
8616
5221
5229
3548
8381
2920
1074
2147
7135
9959
3479
7113
1056
4723
3496
7934
1441
8932
6741
1042
4666
9481
9549
6135
4697
3143
4551
4353
4843
9741
2910
682
6170
1597
3365
5145
4667
5803
8987
4118
2777
6961
4984
7471
3957
2440
3198
8824
8001
740
7451
3962
2791
4993
9874
1844
222
1851
673
382
7211
9493
8060
7261
6792
3760
7820
6924
6439
7197
8186
6941
1437
1039
1090
2173
556
7507
3733
2296
5254
9040
2445
671
4011
3830
3248
281
1950
7727
9283
6075
3751
6959
7079
5769
349
4417
4537
6552
9028
4398
9720
1378
9458
9880
6402
5872
8800
6523
1189
6882
5902
9571
3963
7871
1306
8907
2074
1401
4562
9947
6510
2975
186
2153
8246
9743
7170
7059
302
1666
5063
4423
7047
7257
1335
1253
6751
3336
4373
763
7858
7882
7330
6292
4190
1271
974
9612
9694
2057
4357
3267
6218
1325
2770
6696
7190
1435
9758
5651
7327
6605
4715
8500
552
7563
7428
5981
3533
6180
7729
1315
5620
6945
4959
5362
498
7052
1427
4756
1328
9775
1318
6132
3298
9435
7006
5095
1340
9984
3476
7107
8136
4084
5639
2307
9611
5189
6374
3547
4570
3012
8528
5519
6684
145
5489
3550
5763
4836
1043
1013
2016
4161
6560
9827
8040
6105
7461
8319
5123
7454
9336
5493
6725
2957
8018
3605
5896
9399
8307
6796
2917
9570
8729
4064
9315
7163
2900
7148
7993
1292
4182
1069
9910
1854
844
4476
6103
3355
926
8676
3244
158
2315
270
9320
7303
3166
4668
3671
7665
9387
7035
7203
8119
7364
6685
4252
9932
5136
8258
1360
3722
953
7105
8737
2421
6482
8991
1264
5911
2918
5314
28
7798
565
1572
3801
2106
297
4137
9231
7227
8091
6204
8385
7334
1516
3955
3404
8390
4112
3181
8337
316
9496
2543
7935
1449
4434
5698
3780
839
4481
5061
3153
7061
6914
5990
4208
2008
1077
4786
3687
238
5815
4653
8954
3419
2607
7617
2156
524
6000
2247
3583
5629
9997
2149
3921
7794
3508
561
9605
3651
8538
1532
7809
977
18
3959
1805
2342
5164
2451
4114
4046
618
226
9050
8348
8600
4816
1498
7968
9706
5131
2364
8583
92
7634
6693
7773
7240
1548
6829
1202
8140
2943
7917
7356
5628
1298
7336
2006
9134
8505
6535
6982
7889
7945
4757
6697
8943
9566
12
1079
2257
83
4387
9650
3319
5730
6676
5079
6894
5952
9081
5502
7270
592
2871
5054
5159
766
5264
8288
9505
6555
2803
97
7315
4531
2580
5270
8931
9906
2591
5966
7057
6541
4145
1680
8559
9924
5098
6055
6608
3287
6468
3222
5847
4652
3808
6770
7650
1583
7415
5784
5927
3239
5334
4865
9627
502
7012
3856
4544
664
7797
9172
9916
6251
6864
3228
6146
6130
7323
9271
3832
9592
1144
4235
6695
8051
2090
9348
3241
2359
2071
6869
6196
7060
6860
8632
8578
7223
8055
5272
2225
9718
239
7225
9382
6156
4774
1445
2255
7281
6968
8235
8803
9044
420
1166
4247
5789
7768
7095
4131
5375
5808
3672
1232
1192
4547
124
5953
5484
2248
982
7688
4478
7169
7745
7732
9184
5985
4517
6088
9716
3708
9132
3314
9777
9792
8232
3352
7020
5538
3650
7610
5666
384
6421
6444
6756
7112
5451
693
505
8934
7701
7938
8886
6501
4533
5057
1970
4518
3800
2757
2439
9250
1065
52
3055
1596
9291
6487
7276
4317
8012
1066
7937
1564
5286
7375
6034
9815
5564
2108
9383
2434
8688
4372
2395
8620
7726
1463
1102
2824
4979
4643
8979
8094
9820
1411
9957
4529
4708
2667
2242
5499
546
7438
1012
3659
7371
6036
1245
4798
5321
2629
9349
3861
7019
1497
2365
1119
5404
5193
1383
2689
2177
5195
2623
3913
4414
3513
3865
925
9104
8543
8406
7313
7289
6191
6694
842
8911
8196
2300
9100
2966
5683
441
7625
4718
9071
605
4899
1620
9256
2193
2410
254
5274
3798
1803
8606
5610
1802
5939
8322
7029
6909
9616
5034
3175
2541
3328
5215
208
6665
9153
84
5105
6061
9404
6745
9480
3931
7888
812
4462
6977
5245
4913
4051
6764
1233
3376
9617
5218
8509
4066
6542
374
7234
514
5712
9766
6780
6001
1634
5882
2055
9646
1862
1324
5612
5944
3090
9126
3337
7074
4053
6593
3439
5509
2568
1416
1604
3226
4797
5352
8352
775
9678
1658
8502
7036
339
5202
6550
5888
4258
4095
9082
10
1048
8205
4457
2713
4605
2258
993
7238
1078
8875
2904
7152
6931
3695
3834
8689
8067
9824
7988
3205
3663
218
3862
1819
9119
1472
9881
3904
1983
4027
1475
9449
1990
5723
5532
6469
7469
574
5294
2216
4645
1984
7273
8784
6223
6812
6350
4665
2951
1247
5837
2120
5075
549
3396
3747
7536
5152
9078
4627
1183
6112
371
515
6343
2589
826
2924
5165
1889
7054
3261
6253
7783
2278
2901
7653
4349
7379
9331
4029
7623
2270
5244
6434
8669
6664
6883
9940
1663
8891
5889
4963
8394
3177
6129
9634
2422
7902
317
4935
5627
728
5138
8582
472
1684
6779
4841
3975
15
8834
5400
9164
9427
4178
6993
7893
3229
3692
3364
2653
3112
8311
9120
1407
8158
5881
679
901
8409
2913
6216
2370
6966
8918
9473
9306
8021
7696
9469
2379
5518
782
1998
6755
4589
6771
8602
9230
5219
6449
7580
1405
9211
3849
183
5587
7655
7441
8618
4777
5326
468
9439
9210
7640
7177
1112
5604
4894
6827
5025
5557
8421
8586
350
2908
2624
5828
1867
9970
8666
3727
2544
5354
2236
7950
1004
1947
2750
8518
9239
8392
5413
5176
1896
2531
8633
5158
3092
3697
3199
3702
7081
8569
8546
2508
824
1944
9559
4977
9772
1348
3060
9498
4694
2069
7611
7241
7731
4861
404
1473
8717
5031
2499
7421
5435
9618
5670
1385
6981
9318
9234
2229
6887
4340
298
359
8383
9090
3928
938
9109
6013
5861
9222
5302
5559
9371
7465
3628
2427
906
9876
3094
6116
2969
2420
2785
4343
7695
9899
2005
85
7459
7239
1395
9728
3165
3217
7832
5786
4166
4171
2973
8922
5259
2437
3367
578
7758
7906
3045
907
4686
7446
9751
6606
6096
2697
266
6730
2905
7849
1030
2545
1148
6998
4377
881
563
5118
3048
7429
8989
6514
5266
4689
4348
5732
4107
4246
7771
9851
7987
6624
5142
9021
4400
8450
8387
2523
7944
1800
5139
5463
8490
