10000
3451
1984
3673
2703
9659
9433
9303
6055
7907
7425
5115
8590
5817
6659
7759
7593
2617
2882
4968
5016
5482
3817
6556
8192
1842
5581
6366
1320
3243
6430
1306
2266
5236
8926
426
9785
4685
3840
6989
1765
5627
9043
2683
504
7137
4273
5648
3925
858
6805
2062
5766
2771
5238
3862
5530
1002
5066
1567
2983
6197
2056
546
5424
8299
6558
2837
4731
9930
6780
2044
3834
2859
7591
3847
6508
8284
5527
8015
8236
4431
3719
1542
7979
7533
3524
1580
2849
9467
6038
8563
8954
4291
5574
9302
8705
2198
9123
1479
6114
3092
6816
5847
3774
6599
4492
3045
5745
6987
5374
9790
5173
1611
876
4575
4665
689
9566
1379
8345
1414
5411
7359
6957
7238
4719
3270
1596
8466
2109
9788
4516
7611
1530
2841
2678
8277
6090
2844
4379
3160
9053
2320
126
317
2722
5473
7916
2795
6704
9559
5622
1118
7064
8373
3495
1469
9660
2282
8092
5563
1416
6692
4569
2169
1696
9854
8511
7998
7049
8056
1017
527
8378
9418
108
6938
4104
6745
6072
2578
211
3031
5065
9324
5432
3595
3358
9593
5977
6625
7096
75
4500
1059
6351
3478
7355
5754
8634
9509
5053
9970
8988
5503
6078
841
3753
4844
4081
6648
1965
9463
3980
5558
5546
6632
56
3793
2868
5596
6005
6886
3279
5349
5406
2913
983
1582
5187
3040
1639
4076
3180
2561
2585
2812
6610
9784
1879
4110
6157
4202
4148
8033
6980
6326
625
1459
3453
4766
9365
7062
2794
8326
4870
8953
3605
4068
348
5774
9446
9285
8694
8960
601
1265
4790
1307
8767
6332
4280
9119
5079
3022
6724
6350
6133
383
1642
5200
6557
1557
6800
7112
2226
7706
5557
7941
5633
261
2285
9747
4642
8764
7730
4949
8647
5693
8469
1706
8650
2359
2174
6684
7165
4921
2000
6974
7495
7636
8631
758
9904
5715
2515
2291
6769
2976
4330
7067
8184
48
5148
713
4659
6596
4370
7927
5197
6045
1572
5515
9291
4906
1868
9320
5161
1112
8391
9886
8247
9717
2793
9740
8293
5780
2257
9971
9726
8279
9187
4091
8457
2754
6149
8219
6137
596
5824
894
5254
7220
4606
1472
4488
9309
702
5695
4082
6239
4473
6155
4530
310
928
5955
535
5313
5158
9095
9048
8995
4009
2317
9327
7434
5070
8101
113
9094
2547
4984
1186
3551
5701
1255
2033
8772
9957
61
2421
7136
3954
451
2853
232
8366
7405
5856
5175
4864
6843
6172
3331
6194
5696
7658
633
8797
3224
5872
4664
1796
3578
5738
2307
1105
8646
5403
1767
1067
5343
5074
6891
4363
912
3295
9794
7151
1439
7468
9067
4821
8067
4896
4588
8436
9366
9076
9400
2936
971
7662
7160
1242
3469
4293
5301
6300
357
5332
9889
9641
9317
5954
5397
6428
2416
3166
3804
2069
3047
2759
6141
1766
5277
8676
7698
3397
3137
9278
1079
3970
8050
6525
2826
6736
9135
1614
7284
217
2385
5579
234
8027
6083
5009
6872
1799
9927
5893
5629
1278
3510
8143
1773
3392
9842
262
4722
5287
6407
5597
8681
5359
4061
1116
472
9685
3985
7167
8778
9937
7771
5494
7388
7176
9218
2127
6465
1576
8313
560
1489
9181
6965
1314
6429
2607
5294
7896
5394
9199
5083
4412
2495
2791
3657
4892
3179
969
2833
5805
836
397
960
7070
8149
3540
3778
1409
9376
5538
7202
1919
866
5116
4778
8624
7725
2116
5959
3082
773
8628
7332
8552
2925
3692
500
1656
9413
3229
9989
3077
1616
1954
1128
1032
7004
3260
8586
1021
8136
5709
2643
5505
4958
4981
425
770
9033
1819
2193
8944
1853
9821
3794
5797
6846
2105
9995
8396
424
7909
459
7722
8362
4996
9263
1615
1415
7577
7876
1403
4904
7373
8591
6541
3816
3199
634
9561
8941
6531
1083
6406
2764
2582
7814
9926
9797
6096
7006
2112
972
6661
8568
3915
4336
1391
9781
8447
3315
638
9090
5421
7270
4871
7379
1213
9436
1595
2860
7451
992
8873
6100
5350
9514
3006
246
7999
2463
8832
807
9619
6739
8169
3942
8906
4016
8006
6716
8858
2825
7568
5072
8087
24
7014
3552
241
8066
7420
2085
8682
2423
7256
2013
4634
9847
2215
3515
2175
5114
4481
1695
9271
8057
7367
340
4035
1789
3349
2086
5593
9902
3344
4252
5984
2766
381
3311
8967
7685
4283
2997
7633
8422
762
1349
4640
3194
1801
9169
5807
203
8533
2961
3640
116
6290
7001
7190
5061
942
1589
1719
9273
4999
8167
7868
6469
2646
5095
5214
692
1365
8856
5512
809
4591
2673
6388
2270
4464
7245
720
5614
8698
4020
2994
1939
5511
6164
7770
6878
4286
8702
6220
369
9670
1591
205
6402
2858
688
9472
5398
454
3498
6701
6775
400
5017
4604
8914
9699
2622
401
6526
2278
1219
3081
5958
4537
4592
6890
3326
8386
140
2092
6685
1633
8869
3131
1851
5193
5875
3204
8062
698
6377
8879
3257
2533
6656
8693
653
9545
7473
8451
3211
9121
9444
1338
6594
9441
2619
9304
3666
9464
6016
3363
561
119
2153
7229
3357
8825
3780
6343
7022
4385
45
5199
7436
995
5821
7315
2975
2186
7442
5266
4914
4753
5900
3368
5736
4240
9510
4483
8021
6862
9022
3455
8336
9942
3974
5585
2776
4316
174
3121
9657
8968
7684
53
8751
7990
3414
820
9168
389
1246
4755
8048
9338
2212
9292
8880
5795
4926
9562
9832
5419
814
2351
2842
6779
6553
6253
1664
4038
8114
7645
4994
6642
1838
9238
5168
7932
5029
9228
4157
3389
849
5358
6836
1577
6537
4767
6623
8388
3711
9600
7459
5172
2316
8173
5491
5126
1995
9764
4144
1762
1420
316
8340
6504
2276
1476
660
8335
3894
9947
8088
379
9728
7635
3782
2699
7392
5985
7668
3843
5207
5561
996
519
4251
3598
3492
3750
1894
2446
4152
1239
1714
4987
7902
7836
9177
6138
1197
9955
6505
4495
4944
1935
4368
3739
2364
9265
8250
3908
6628
7189
3499
2324
7424
7075
6338
7016
2743
9768
1010
1849
5525
6127
9184
627
2661
102
3268
8258
2354
59
170
7406
3533
1551
3808
1092
4260
7570
7488
7085
4040
2634
8180
7715
4299
5586
9690
7869
1875
3671
6202
55
2946
7742
2530
2529
962
7799
582
5554
5988
9507
5155
3096
8237
6653
4250
7101
4489
7335
3962
1228
7840
3034
4885
4674
7884
33
2244
2367
4747
9693
5089
5335
5647
4060
9606
4333
9015
8738
4965
7939
3503
9946
6776
6190
1436
5636
4388
4788
2400
3012
1829
655
516
844
6902
462
6539
9557
5470
1454
3830
2275
4561
351
6064
6727
5399
8553
298
9361
5741
3230
467
1312
6822
4521
5447
2337
2778
2177
3941
6176
8031
8945
3423
3381
7637
2034
6602
1190
4354
2920
3008
2101
6128
4041
9192
4542
1195
9041
1154
1047
3891
6050
9525
9390
4929
1057
6162
5208
7139
494
4646
4607
6532
754
9112
6622
3667
2732
4337
1509
6696
571
9133
9775
6627
6086
9795
5582
3226
2880
8008
1019
3910
1531
5333
4105
4482
7918
1430
6894
5714
2301
7707
7543
8053
2796
9806
9583
3212
7747
485
4668
7584
9157
6486
3581
1253
1810
1668
2758
9410
1880
3384
7871
8910
4832
4717
6156
7244
2568
1461
1715
4902
8862
1354
6229
6499
6457
5371
7241
8569
5620
3880
8255
7639
5716
4294
4663
5130
8016
9082
1267
5775
9869
3904
3217
4002
607
3220
6277
163
9369
2133
6442
4505
9139
2157
1752
5226
891
8806
7276
4705
4130
7921
5976
3165
7824
2527
1759
604
5109
4196
883
8621
4184
7982
5450
1291
6373
5506
3993
8540
8648
7095
8440
716
9635
2717
5539
3590
8789
335
4229
2694
5157
1028
1532
5039
9796
7476
9807
4749
3550
1971
9922
7127
1688
9993
7652
5866
1653
746
6626
9923
1183
7813
1377
1699
5309
2462
945
9405
430
1803
9630
714
3025
9099
9052
9919
4888
3051
9956
8703
9805
9086
4211
5094
212
7389
872
2012
1755
9943
918
8038
8808
1208
7983
464
5617
7555
777
5905
4383
2434
7150
6726
1254
8684
4409
4376
3282
9502
1947
7215
512
9925
1994
9136
6418
8837
380
8118
5211
3054
2029
8752
4611
354
5443
2505
6228
2695
5100
7018
6818
8609
9349
7438
6834
4186
3620
5422
2522
5132
1630
2425
1408
4692
9893
8264
9428
300
4188
306
776
4301
4975
5484
1962
1125
8244
6575
2873
9520
1824
1194
8712
8911
9543
6318
2830
209
132
7505
2248
5990
1682
4930
5572
9483
1081
6011
7518
3614
2253
5724
8380
650
3437
1221
1887
4127
838
3330
4101
5418
6182
259
2911
2396
9705
7347
6268
7120
4356
3981
1791
5087
184
868
3440
7710
428
371
2007
9569
8327
8387
3930
6869
4667
2356
8716
6256
2626
7043
8834
9306
297
1998
860
2579
1276
4605
5260
1761
6044
1892
6643
8592
3307
8106
8792
52
7981
6778
4462
1388
2388
6861
1370
7944
8588
8501
549
7086
3430
5728
9512
5337
167
7782
3380
1309
2628
6424
5480
3948
5240
394
3419
8517
2721
79
112
3132
98
6844
3346
4329
4497
833
2691
8981
6674
974
5232
3290
8902
2303
7426
2532
1141
4278
4872
9452
6378
5487
3253
9822
6059
8122
1371
1424
7912
9222
2473
3805
2544
8695
4520
6252
7173
815
8714
1121
9364
4045
4757
2700
1023
4031
3153
4348
5507
6854
427
8266
4629
8212
336
3182
145
5262
6825
8082
8065
475
4555
6669
6839
8147
5463
3319
343
8121
2135
648
645
967
1176
2424
4813
6678
2049
4511
138
6695
9440
933
1881
2974
3814
8969
1562
7287
6860
2751
3825
5801
1464
9300
2067
7571
8731
3095
6455
149
6017
9744
3409
4216
9233
7305
4807
5812
7107
8717
1560
686
4264
7230
7272
1617
3421
6272
1301
8567
2958
4067
2491
5312
8762
5891
3489
1724
8755
3982
8222
4523
9091
4829
4039
2971
2768
4052
3032
9849
875
2221
1263
589
547
50
2330
9597
8618
985
4725
9459
5549
642
7395
2712
6767
6323
5244
4094
4029
7678
5027
6542
1303
3278
3255
7834
5995
7356
6636
904
3367
6027
8161
9111
5201
1988
3602
1750
7159
3543
5710
7204
1598
4164
3007
7507
3436
8316
4272
4430
9870
6000
5655
5390
4075
4989
6068
900
5844
2298
5340
7329
6916
8206
9129
2581
722
5439
3482
2989
2611
7805
8913
1524
6088
3744
2952
4133
8720
2197
1243
9695
4952
7734
3860
3048
5501
8805
5739
3826
7531
388
8842
9864
9674
6131
2137
3984
3871
2945
2724
4644
9809
2030
6828
6473
3285
5758
4382
3877
656
6387
8310
8452
9701
6419
5219
8383
9669
1361
7344
1896
9614
8254
7382
3591
1179
3577
7675
4402
8890
6020
3907
5341
5144
1575
2371
6702
740
1536
9387
2525
5612
9394
3450
3146
9615
9301
414
9035
8852
2386
384
9241
1974
1108
2655
5857
4956
8724
3490
4073
4598
5688
2165
1443
5431
6640
543
771
5662
69
4362
101
2155
5457
5677
9584
8091
5206
1313
4108
9586
9150
563
594
5644
3854
60
5481
9215
6921
5694
5465
7091
5297
372
7361
1707
3158
2666
9897
8957
2362
4008
25
8298
988
4099
956
2616
1938
3706
3653
9019
661
9782
2488
753
5245
9249
7704
9655
122
5651
881
4928
2863
7246
344
5174
1335
9395
6873
8297
2168
5273
2814
2697
5654
3458
5169
1401
7352
1797
1913
863
3383
4456
6515
9000
5022
2514
8238
6863
7901
8129
8188
1844
304
265
5360
2218
9175
2188
7098
4898
5264
3679
8407
9093
4908
6414
2885
5410
7059
2299
5076
5626
3932
5868
2834
1163
2081
7457
19
5458
930
224
2935
4351
5571
9742
4158
286
9653
6094
2222
5415
8938
4585
9871
5185
1147
6454
1184
7528
8146
91
8074
2335
3690
3208
3745
3902
602
8904
5906
3949
5543
329
4650
3517
5163
7130
6614
3030
8977
2808
2444
954
8829
4036
6983
197
845
4373
1505
4187
4454
6545
552
6210
7546
9537
8246
8195
559
208
2998
3675
2510
1553
1644
6013
6004
3747
3776
5032
806
8019
2170
191
2629
1529
6763
545
6633
1468
3621
9915
1049
5913
9735
6824
1784
2784
2624
1202
3856
4466
5790
3963
9754
5887
9766
6122
7795
4760
4558
4386
7294
9034
3456
1470
3170
7612
4701
4174
5861
9789
7201
1817
6798
7897
6735
6170
13
4847
7310
1272
8395
9981
497
4627
7703
3026
1620
937
6208
7279
8627
7948
2761
3869
6151
6425
5918
1605
9061
6743
1729
5015
652
321
699
1214
2923
3298
8307
4237
6173
2011
2960
6765
2448
7601
6270
7371
8260
639
7926
8484
1164
7119
3168
8044
3058
7302
9599
4900
525
1496
2229
4570
5242
4178
5661
1907
6283
1160
8437
5407
3185
2883
8615
9496
4019
6554
6732
8584
6533
7422
7291
2827
8506
9550
8302
2669
2824
3477
793
997
6161
32
8285
2435
4608
5936
1830
2803
8367
9143
1703
8860
2348
3569
1447
4883
9079
7745
3589
3867
7046
4532
530
156
6003
5354
6302
9656
4839
6527
1861
4782
8357
2311
4139
2487
171
735
1641
4053
1957
4777
1839
6214
7446
3835
3628
8970
9423
8139
4911
7539
9912
6206
9876
1042
6806
4238
4845
2150
910
5257
4347
106
6841
4107
2657
2738
5761
1323
9180
9780
1257
7911
5998
487
5874
6616
8465
4683
7750
228
3920
4340
8479
8998
7767
2702
1619
154
385
3516
748
7058
905
4583
887
2606
359
2641
5634
1539
353
8055
4460
6445
7163
7407
6101
413
7472
7072
2506
3811
8943
6994
4261
1658
3998
6815
4389
9008
7892
1843
8683
3723
8933
6165
2148
2122
1061
7644
1665
7855
2682
7497
386
5921
5903
1274
3258
2663
5007
1174
9848
9414
6398
1834
941
5468
9098
1981
2447
8574
9059
9624
4712
1336
420
5011
7191
3115
2220
6892
5917
5960
6707
258
9873
4022
8816
2265
5420
7271
8265
5396
8671
1909
5613
1133
6067
6943
4331
2770
4652
2128
9954
6703
2216
5351
9604
6694
3639
6261
5514
1732
3718
3859
114
3764
2451
4141
3950
7126
90
5520
2066
5149
3643
8903
8853
2767
3372
6529
8871
7129
4596
6607
666
1328
5102
7610
4422
2707
8822
4907
5023
1990
4714
3546
1848
3291
1738
7683
6823
1419
6812
8896
8203
176
7094
7794
9160
8022
253
9841
7181
3909
9565
6057
5228
4444
5042
3863
7
4536
7003
6178
3348
7605
301
7195
1602
9404
1918
6820
231
8191
4314
8324
129
4860
7736
566
3672
4915
2268
4088
931
4289
993
9081
5645
6600
6293
3887
1683
9644
8579
2890
6301
4976
749
2410
1498
3952
3659
3583
2500
4147
6830
5455
8317
8446
7549
8334
7815
7841
5673
6590
7649
4768
5154
877
9134
103
9247
1234
6244
8602
9396
296
2513
3109
9205
4327
1296
6785
2179
696
659
4349
4295
5110
1085
8680
3712
14
5442
3838
5690
7330
5823
2807
964
7384
7263
409
1858
2904
4420
8958
5752
3457
1029
3509
193
1504
6917
5212
1969
6871
1280
5237
7928
4181
2610
2714
6552
3627
8737
6097
7316
5826
1923
5159
1870
6747
4140
7761
3001
7235
9319
4660
1770
846
7498
3142
8886
8001
5012
3511
2967
6071
9018
3475
1889
1826
2718
1284
3063
1512
1341
1248
8160
4109
6909
7496
2230
1675
9384
7362
26
7887
581
1597
2519
3233
4001
834
2437
4034
1996
5438
2599
4830
5229
7479
4681
5871
3106
9949
9235
575
4287
5845
5180
5203
4225
886
6308
631
361
1885
8398
4069
7879
1511
6710
703
6264
5495
9230
9817
5310
1749
2008
7484
8035
3310
3060
6186
7739
2022
9154
1993
3803
811
2407
9647
8111
8170
2002
4852
707
8439
210
3429
986
1097
2609
4046
2341
5671
1742
165
3822
7411
289
8744
3960
8742
3922
370
7960
7673
3162
2688
8803
5916
2255
3387
4018
2432
5285
20
4102
375
5259
8922
1191
3171
1686
7604
5311
7307
7660
5090
6714
5721
4468
8430
7870
7134
7992
3164
5852
3023
6207
3086
3716
7891
4946
5121
5831
9311
7514
2737
1866
4057
8976
2333
441
5292
7766
8536
6464
5825
1679
8713
6731
1684
651
2457
9212
1122
3798
461
3772
8544
5290
5043
5658
2939
3801
2839
2838
5787
7835
4298
7247
9738
7788
3537
2277
7054
88
1546
9934
3239
7403
1136
3514
9733
2412
7292
9746
6026
9355
9771
7632
8052
7523
2378
1929
583
1640
5837
7831
8939
8288
1863
3141
3225
7232
2734
856
2054
7760
3574
6109
7327
3294
4827
7867
5827
9783
6392
7053
1395
5098
315
9466
3472
8893
8058
1086
3799
3544
888
6598
7764
3900
5550
3338
8612
5195
7609
8811
3159
1457
2162
9612
4077
7757
9012
1877
1900
7065
7226
2509
150
227
7883
5932
3110
4212
5816
93
800
450
531
8200
502
2872
5681
1171
4982
5858
4193
3560
6522
6034
2006
3333
6887
405
7115
1920
1264
9197
4551
7326
5056
6719
7758
1111
5204
1637
358
4704
3343
9072
4074
4243
3324
8654
5559
5938
8079
3603
6353
3616
4856
9638
3864
5412
578
7346
5733
7709
6478
5131
1364
5830
2134
4004
6153
2321
1985
7548
5970
5535
8575
5793
3851
9009
9024
183
7756
2205
9810
7818
8619
8199
8217
5383
8940
2347
3582
664
8523
312
5227
3931
4223
3033
3547
8986
2539
1452
9420
1556
6578
7348
7162
6001
5001
8138
6639
7228
2640
3317
9191
6427
5062
2922
278
2948
7908
6321
3548
617
6975
3601
3010
8688
3271
3888
5725
1418
2566
6143
2290
4159
3946
4922
323
6544
4513
909
2836
9280
4458
9571
4913
4392
9702
9677
4571
5189
7474
281
8701
6977
6687
608
4616
5649
7925
6231
6947
9921
5101
7000
9564
7724
4245
9138
5160
9248
2816
5808
7138
6287
2956
2195
1392
3493
7972
3350
8513
4609
4819
6362
7875
6091
6187
9691
4554
8734
7289
8282
5994
8582
9010
8100
7686
29
6908
2342
491
3292
4887
8813
8706
2912
8231
4947
1226
6062
6037
4233
5469
9777
5986
635
3374
8535
5361
4752
1606
6835
9643
5105
8185
5646
6375
3818
3301
6706
7608
7621
7021
1036
8232
2115
1390
9348
8745
5602
3088
7785
2932
2876
4263
7274
1917
9318
5274
3990
4097
4397
8980
4970
1629
6354
1517
1933
7874
4342
7527
8496
8885
7801
6431
4153
944
3824
8532
574
7500
7321
6649
1649
2745
4955
3136
2644
7015
8281
4341
7322
9573
5583
1007
934
1991
4450
533
8990
2
9305
7513
3119
7744
2875
5944
1353
9825
968
7033
4418
1261
2645
5896
402
5188
9633
7213
3017
1099
3762
9516
521
9662
2156
2818
6673
4132
4960
6926
6235
3046
6433
2196
7113
2720
1129
4279
4448
4414
8346
590
8125
8140
712
3649
5600
9664
2288
6415
8404
4886
6518
3117
2908
5864
9381
44
8344
1192
9762
4375
1362
2621
8493
1138
5920
1423
792
1790
7466
3071
6110
2489
9952
9909
6363
3850
741
7550
2864
1331
3531
9731
2117
6756
198
4562
2534
7040
8689
6597
6491
3422
5034
9824
2328
897
3438
4733
7670
5707
7169
1672
4059
9468
1189
3410
7250
9289
3280
4732
778
1269
38
1872
4072
1385
683
9773
7861
7566
9990
9621
644
2035
7492
5486
963
5479
4556
157
6226
1867
9391
5528
9126
6579
4622
3755
3487
9275
1056
5523
4048
2747
3674
10000
2685
7131
6781
2909
4879
2940
1308
3448
2312
4231
4265
7540
3339
8403
3484
7308
1397
8211
6002
6223
2295
1823
6371
6629
5720
3758
99
6517
5413
267
586
295
7680
2942
859
5609
1413
4595
5268
3143
481
1634
8514
3754
3219
8560
8964
6932
7991
7765
4868
326
1351
3210
2899
8997
6452
2927
5117
9046
1052
1026
2093
1015
6336
4419
2289
9866
5749
6588
6019
4377
6589
6015
9424
2731
9054
3089
4702
2152
1603
9101
803
3277
3609
6104
9689
2846
4781
1518
2503
1865
3885
7779
8649
8651
7417
432
8248
4831
9105
1114
2750
5370
8104
39
6970
2642
2452
7575
5544
8572
6275
3181
637
7324
2831
932
2136
9588
9978
7552
333
1621
3831
5194
2494
624
4487
9336
6493
2541
5832
510
612
4266
9966
3626
1943
9506
8492
393
4288
540
6470
5950
4822
8787
1904
3700
8085
2097
2111
4194
8080
6468
5723
9938
1543
9182
4049
1775
6245
9351
7074
5449
2760
5347
1185
3660
3624
4687
8908
5961
3325
1223
9490
2752
158
7989
5691
9992
5452
597
2126
5835
4318
7947
7051
6868
7752
3742
7962
6754
54
9799
318
7749
5472
9712
168
685
345
2357
5735
5757
9299
6230
6033
6098
3428
7030
3868
73
2281
8715
2180
6365
2131
4471
3056
8116
4688
9972
2987
7019
4129
7103
9071
994
5882
5624
1400
4873
8919
8418
5471
6341
7185
2887
6899
368
4224
7461
1318
628
3075
1828
9040
4815
6461
957
2441
7061
2656
2431
6225
5129
3184
4621
8163
192
2937
9994
620
4425
7122
7020
221
8707
7212
5476
3425
764
7622
6344
8855
8331
7564
9891
4793
9743
418
1818
2263
5239
6160
5045
64
7377
9243
3470
5490
213
5828
3407
8991
2792
2501
7114
7774
2350
6241
5699
9354
199
9880
2813
5771
3872
9969
7083
1302
7342
5601
7762
2857
2490
4013
4429
6397
3111
9063
6568
478
410
6154
8520
3611
8763
8538
439
2592
2708
4630
567
9820
9065
4017
3000
7574
8604
4432
2889
5623
5170
5953
2402
7485
3156
2381
842
3714
9485
3727
5697
6746
2819
215
3918
818
813
4213
5813
4964
1008
1781
5251
2928
3076
4539
7205
5923
623
5657
190
440
8531
6147
7965
7157
2687
5324
9908
7378
4149
9007
3265
2854
7954
5281
7530
728
8356
8561
8105
3704
2605
618
7534
3656
1946
3300
3476
2032
9415
9411
7687
9727
4876
8477
4696
9703
6655
2508
220
9540
7218
5344
9865
5192
9819
9206
9341
5639
6888
1625
4128
8660
1976
1093
2675
961
1357
7460
8073
7956
681
4514
9609
4442
4241
5276
9255
2073
4123
7563
7358
4203
2992
6664
7477
1890
7140
1792
7717
8677
3975
4610
4653
1327
1060
7301
5800
6876
518
7099
1050
9253
1730
2237
3584
1925
2042
9377
5474
6417
1173
1600
6792
1525
7634
4131
8840
1153
7509
3069
5719
6949
8175
7583
523
5319
3823
7234
6028
7955
9534
6988
4943
2965
8515
1150
508
7068
7106
6145
4512
2060
7650
1760
2209
8159
5378
6550
8884
2896
6306
3161
8670
4111
8007
1483
9801
5150
3442
7145
9698
4479
1622
2279
4535
3606
4998
3474
8162
9667
105
4673
5610
5395
8901
4826
9325
2119
4506
8338
2113
7701
3375
4302
5082
6646
908
7688
7587
7125
3741
6273
1579
4641
7216
4566
5216
2370
5080
4308
3919
6409
1225
5584
9393
3610
747
8655
1427
4765
8790
3536
6819
6311
4484
4032
5315
5879
2554
1702
4838
4936
8697
9165
9178
3232
8424
7985
3235
2497
2949
2921
9310
3884
8353
4411
4891
67
8817
8013
8878
6829
166
9196
6320
2762
2459
7078
7920
2730
9716
2190
593
4393
6952
8064
3959
1244
294
8120
5138
8171
5075
1812
568
1940
3055
1451
8782
254
7638
4576
511
9462
7822
5267
7249
1780
4549
7643
3791
9110
1764
445
1450
8095
8708
5320
1290
9917
7037
5247
8946
2261
9760
242
3923
483
131
701
6939
8548
7693
4780
8133
4934
7950
4191
6189
2785
4477
658
906
387
8223
2294
1581
2310
2344
5057
3539
1426
288
7914
5356
5
4162
9141
1804
7478
7188
8186
8385
2470
1064
5941
9980
768
6752
5446
6807
2765
7066
8342
9552
2041
1794
1286
951
6501
7387
8719
9328
7164
5890
9758
8458
763
202
1717
4884
7776
7842
5924
4378
2526
5393
2835
2674
3809
499
4050
1859
6209
8559
1480
4065
4374
1258
1077
2346
6647
9016
4160
6874
7973
30
1763
1124
7937
3400
7152
8972
4433
3768
4771
8747
5700
570
8537
8999
4694
8666
3572
5308
9968
7116
6744
7214
8176
2856
4893
7821
5529
1740
903
3433
2094
3797
3553
2057
162
2576
6637
3240
3222
5630
5919
3465
7640
151
5368
2130
663
7089
7676
1666
1888
9352
1110
3945
4054
6652
5000
8028
7257
4106
9852
77
8617
8936
8029
2667
8312
8295
6514
8510
1638
5566
1667
5401
7179
8183
4689
2160
7826
8429
5937
3579
8045
8157
3497
4137
1140
5380
3337
6786
9223
8597
9307
2280
7958
6690
7242
1578
1516
4405
9859
7594
1117
179
8320
6620
8152
2223
9737
4277
9629
5947
8094
4918
7349
5768
3564
6795
1521
3505
7716
6280
2187
8275
6850
3730
1209
8486
7520
5055
5153
3116
6613
4615
9161
8887
8725
915
4786
4957
9478
8305
8117
3558
9480
6586
7503
8780
7044
3014
9591
4874
2877
3731
1178
4795
6814
6025
7042
9900
4869
9074
9220
1745
5730
6992
3329
4169
5778
7642
3205
5249
9334
9340
5784
1494
8935
3356
3354
7586
6487
9131
5945
3795
7433
9676
9122
2368
6434
5838
9804
9878
3927
498
1678
6618
3568
8333
471
8443
8461
694
5355
9487
6364
282
1346
8521
7183
7458
458
5576
8859
2382
460
3284
8833
1627
169
5327
6497
4000
2045
2874
3819
9267
279
6052
1233
3849
7819
670
9195
2553
2355
1987
8765
3883
5794
7258
2369
4948
4138
6885
5081
6219
6587
6492
8663
6166
8573
517
4325
2404
4089
6085
2991
3806
2711
8877
8831
5386
5650
1462
7462
8978
7328
3248
2110
3272
5516
8289
5322
8596
187
704
6313
6679
1897
5434
3085
7144
1012
3102
5519
274
7657
2313
3828
976
4866
2025
3777
3708
812
9999
7556
7572
2900
6651
230
6951
1564
2551
9529
5522
8721
4967
7517
6061
3615
7667
4741
7233
4443
194
3275
5385
1356
4855
4599
433
89
9431
302
2725
7385
5205
4044
5680
1768
2632
5218
505
7974
266
3934
2572
1610
2468
9270
3857
629
5243
1660
9532
5524
3364
4062
3855
9721
1292
5046
8656
4446
2184
5542
7663
9403
1088
6129
3145
9219
5973
2340
5448
4150
9828
4320
8023
3378
2512
6680
207
1096
2604
4365
8215
4134
6867
7365
8545
466
591
9108
2600
8329
1145
3889
4997
1948
247
7798
1262
9308
5978
8735
6973
3286
3462
2652
195
9479
4168
8141
4682
8401
4391
5030
717
4300
9372
6346
9380
7282
9835
7266
9932
1277
128
263
8581
2231
755
1402
5365
1492
1182
938
6439
7084
2091
5293
1608
4525
3771
869
3172
2746
1352
5811
8427
5729
8576
9070
9335
1297
7600
5146
5769
6009
7027
1203
9417
9124
927
9488
9991
6139
2332
382
9611
3752
8273
7341
789
9928
3926
7864
2772
9447
7481
7132
6199
3648
7427
3967
9186
2107
7862
477
9910
3652
7893
605
1856
7039
2954
3394
3736
4173
6438
5870
4716
399
5433
9861
5876
8054
2888
7227
2492
3928
9503
403
5464
3178
9258
1322
8551
7197
2671
2801
4706
1648
8109
2071
6279
2719
2206
3155
7357
8233
6297
9829
5321
6236
5717
6203
7441
3586
9379
1942
936
9457
8358
8504
4201
4215
805
9772
6592
1188
3411
4744
9234
1165
1871
9482
2929
1018
8068
5635
1800
9451
4304
2612
9515
1407
1399
7239
657
9083
8580
1216
9068
8402
5770
9363
5052
9323
9548
1693
6950
5963
6551
6448
7838
4597
6426
9153
1488
1833
4820
3964
4210
3734
8194
3958
3566
4863
2845
5783
7755
7490
3079
5377
4208
6663
2309
3658
3810
9455
8475
5223
839
7825
4750
463
9888
8500
4828
87
5765
2417
2406
4560
97
9382
7177
1958
5785
9877
9577
3362
4988
4690
556
411
2338
8578
2748
9438
2422
2740
8242
4249
4012
9426
9907
4408
8462
5846
6524
1822
9872
6913
133
5981
6721
3138
1170
8894
613
5933
7283
6049
8623
6136
9026
28
3668
3355
7026
7628
81
914
3439
392
584
5033
4552
2543
8449
3002
6010
2650
4350
3575
7919
1632
8488
759
595
7353
8490
4427
3625
7797
8308
9808
5855
1771
8589
6347
5119
4973
674
528
5925
1383
5806
3267
3402
9617
8040
6142
6979
3585
9631
6329
8473
5213
6770
7397
4206
3293
6923
9594
9269
6152
6070
4677
7854
9684
1527
5103
6
331
3113
9748
3502
8259
742
2466
1937
3323
2283
7726
7561
141
6845
851
6441
5178
5363
1552
3313
7471
9944
1671
3147
6608
3973
4256
7832
7526
3573
3518
1734
5606
6413
8202
3186
2938
4763
6654
4544
337
1674
1657
9261
3746
828
5902
4643
8748
3619
3148
3989
3304
1151
6791
1266
700
9329
5445
5147
8432
4319
4217
3861
7372
3618
7104
3717
7399
5555
632
276
804
3015
7839
7748
3729
790
121
3997
3563
1025
8620
9881
1670
3525
5983
6330
2886
4903
3815
7790
9530
7309
3244
7669
3773
9162
9511
5104
229
939
7219
4151
5182
5288
9598
8243
4161
529
6944
8379
2486
1604
3308
9179
1815
8955
2862
3264
6132
7606
1537
7381
9948
4632
4179
6024
4095
6549
3556
7419
9939
4027
9637
1247
5426
5943
3288
7613
486
7135
8397
6603
3216
4491
3526
8127
3632
5991
6222
2461
9719
9697
7700
4117
435
9476
1259
8376
4338
303
5417
4848
9627
4452
63
5517
6243
9961
4661
7560
8930
7830
4146
3401
1912
2055
6014
1441
2292
4436
7454
4345
5181
5632
850
8543
3633
1626
6498
2660
2638
2914
49
6758
6421
4675
3689
9031
2366
7641
391
8433
9397
7293
6453
5152
4564
4227
9899
1485
6345
943
5475
8952
8468
8245
808
6675
7723
2010
143
4745
6296
4529
2560
7400
8110
7251
1030
4895
3187
7337
5611
3382
2537
5298
7580
4214
3873
6285
5820
5772
3094
2393
3555
7450
74
1289
4234
4858
1168
6912
1559
4028
5134
2499
2199
1685
6784
3749
5499
2516
2540
2129
6879
362
1293
8635
5798
7913
8733
9149
3238
7674
2224
6591
9155
1895
5005
569
6069
118
4085
7679
9951
8774
7300
2823
1934
226
4276
8442
5942
4476
1031
1024
1068
2176
252
9607
9791
4978
6031
2602
4754
9344
7333
4927
8821
9589
8444
3710
1236
6897
6708
8098
7199
8332
9224
4172
6246
1874
9406
539
2893
1711
3852
1387
636
2217
955
4746
3929
7007
2953
715
292
3201
5565
8377
7656
8830
6956
8949
8625
7532
3241
6348
6399
6681
4577
2365
7976
9767
5323
3473
6249
1882
366
616
58
4954
1368
6750
8311
2676
9734
8629
6604
5092
9720
8039
8603
1207
991
921
4387
9673
1279
9185
6240
7255
322
4601
1816
981
3767
3612
5679
83
9190
2774
6355
4401
2763
3895
4098
1152
6327
1360
8923
8865
7312
6215
5669
6496
7946
4440
6408
5050
1884
7589
9831
5877
4812
8691
7493
1811
9704
8323
8142
7217
8319
7100
1777
1718
935
6725
7429
3968
5533
9538
4806
330
5122
9581
6436
9163
6609
8799
4739
8739
4910
2064
9901
4006
7994
6611
8406
3005
3787
9650
4825
8227
6777
8253
2597
4323
6634
8838
6963
6075
1722
9259
1222
3150
9590
9193
7607
4726
2004
6278
4534
4115
2589
4657
1330
3580
9461
484
4959
8009
7034
5743
7544
3100
9941
1680
7538
2399
3939
1126
4366
8812
9102
7391
6996
3149
2783
2233
6881
3728
3202
2504
6416
1260
6940
2228
9237
2238
8349
6384
7149
4364
4925
6538
734
9678
1256
3459
7295
6978
7111
606
4093
5892
2098
3608
3444
9929
365
8051
3645
1027
5748
250
6117
782
293
277
8961
1584
852
4445
8003
7562
9204
299
8322
6048
2315
1432
726
9030
1158
7317
9786
895
1040
6954
8240
3837
1161
3576
8864
2140
2201
7171
5594
2727
3041
1573
9826
2204
473
6577
6723
832
2742
182
8555
6941
311
9671
6411
9905
1550
37
9434
3709
7895
6713
2331
2596
5093
854
1647
1903
6103
7440
2158
1374
8565
1723
9358
1499
1288
970
2739
4042
9339
2474
7599
7409
3664
6838
5704
5569
2903
7374
1167
2985
6583
9088
4037
3951
4284
7196
6159
7565
2058
982
5136
2559
2950
6993
562
5088
7156
5912
7047
7807
6310
5536
1508
2869
1533
1652
6007
9213
6126
6576
3638
3335
5270
4126
8599
8450
6969
3464
7277
3013
4637
6051
4441
3821
7339
31
5598
551
1477
1107
1961
4658
5674
2302
2202
9209
5382
4080
3670
2260
4804
965
1229
6030
4628
4360
5477
1201
6169
5865
3720
8445
1196
5608
8228
1241
958
798
9756
929
8096
7437
5073
5128
9706
9998
8235
5060
1663
1807
9330
4842
5911
668
3124
4116
1898
5618
592
6361
6741
4226
3874
7032
104
1944
4332
7029
4941
7148
725
5573
3062
3053
1970
1520
5957
9722
8863
3986
7511
821
3321
1798
4143
4424
1840
1787
2360
6211
7360
2146
6480
3896
8779
9383
7035
2562
5002
2518
8272
8530
4939
6794
1979
364
9526
1669
9471
1960
6911
3562
7194
1069
71
9227
1827
5836
5718
9027
673
6322
27
9409
5859
3347
8608
9432
3074
8341
5637
7768
2982
7464
6901
2595
2078
9430
7076
6802
7738
5989
9481
719
1373
124
6307
4849
6571
7866
9236
6564
7494
5225
4313
7413
6803
1491
5316
8937
5375
9519
757
244
1119
6095
3424
1425
416
6730
7624
5863
9042
3366
3646
4051
2567
4472
9683
9851
6221
7615
7082
9229
2052
7038
3781
1298
5004
9345
2398
4119
1541
8412
2905
5767
9518
7590
8622
6848
6077
4030
6528
327
4303
7402
17
3287
3759
2372
1325
8294
554
6089
7314
1713
4843
6889
2907
2352
7705
4639
7541
4991
7318
7728
6668
8303
5848
4084
3733
8924
2088
9587
5336
7691
305
3631
1978
2483
695
6041
7945
5791
731
7298
3732
4485
3820
6479
2038
9708
9628
1497
4400
5430
8394
36
3097
1493
2618
738
848
1624
1251
2549
9232
7153
5466
902
2686
2894
6665
1206
6356
1210
3090
1708
2852
6466
9449
1315
1011
9651
4983
8827
7576
6755
2867
2969
907
3037
268
42
148
1252
5166
743
4292
8086
9389
6631
2106
7412
6827
5590
6334
4931
9159
4258
6937
6720
1369
579
3256
1908
9823
1103
767
5504
4092
3571
446
6286
609
2973
1737
407
8017
6289
1396
1217
2020
86
1319
6459
5922
2705
3938
4438
9036
1238
3623
1169
940
1694
5078
3320
2866
4935
9104
8861
7297
4740
9225
6449
6928
2325
3504
6446
7443
1914
5085
9885
6982
9618
5894
710
1746
8413
6584
2918
2405
3761
3237
2182
8296
6546
4840
6630
8158
8971
1172
3532
4410
5096
6489
3800
4553
5684
576
847
8771
7236
822
4758
6359
7904
9844
1090
8371
647
107
3322
9494
4165
136
7209
745
7280
3845
9429
3024
893
5112
5222
1528
7852
4773
7963
2028
9312
7602
2897
8148
7210
4581
775
9217
8214
1051
8784
8030
1931
7889
4736
3790
3140
5915
2249
4636
2598
5035
8218
8786
1613
6212
3050
1041
3905
3879
4439
9107
7052
4950
2625
4490
2068
2232
188
2502
614
6054
6972
8482
7732
7155
7009
4361
8300
6700
5665
7260
7221
8770
6729
4343
5429
9064
8571
5280
4676
9453
9544
9739
7630
783
7090
200
4180
9547
11
1463
6367
164
2659
6146
9298
865
6458
6686
9845
9675
8524
8929
1075
7408
8280
8414
6547
3083
4339
1271
1329
377
3650
1997
6760
7646
4669
9287
3269
6580
4474
12
1482
5809
8389
2684
978
1442
5489
5740
7487
7079
3696
5317
8932
5562
4522
4519
3283
4810
1218
41
8657
8339
3406
5948
7845
248
5428
120
1205
1832
947
1831
8453
1945
2809
474
2587
2420
2014
3756
125
1733
5404
5389
4501
5423
3223
1237
9096
6660
2944
9524
2979
1659
3461
2469
706
5454
8718
7940
744
5625
5553
5834
2047
3466
3434
6904
7243
7789
1793
3702
8519
9960
4986
4803
6303
3415
9002
7929
9672
2677
9290
2363
160
8256
6023
2511
6959
2247
9983
5667
9294
5184
96
5231
6962
3073
946
2051
9006
6082
4306
8018
8973
3262
7849
7953
9711
4594
2061
2418
8912
5048
436
564
4582
2902
7311
6920
3261
307
2570
4645
3273
4945
7410
5221
2810
5483
5575
1422
7827
7336
374
7483
501
7182
3125
3833
3316
761
3099
1571
1927
7620
2963
8431
7501
1106
9649
6444
4953
3735
1774
7275
3486
8835
2141
7023
2046
117
9118
2458
1950
4867
4504
9130
8283
2114
1109
7595
7713
2293
751
2050
4992
1506
5930
6934
6092
8897
1878
1348
5367
8382
1588
5510
7008
3637
524
4680
6121
6581
4833
9021
5427
2710
4816
6342
7573
5615
3163
8814
5156
984
8872
9350
9158
7708
7778
864
7582
1180
2471
867
8795
1820
3021
1211
5513
3613
6513
6641
2024
223
8876
3342
1431
5643
6772
5878
8757
1776
1076
7158
9017
8454
2079
4709
8686
9935
5467
1731
1378
9038
621
4857
7851
8179
4937
8315
2693
7809
8119
6029
557
4655
2627
6621
4247
1692
9412
4584
7225
2729
690
8905
2993
4670
7366
9439
736
442
5547
2374
4671
2334
1478
4724
922
1548
5296
8230
5974
2395
5364
5841
7092
2383
9077
9421
6099
396
7486
2930
1677
824
3842
8502
5750
2264
8221
3234
8405
3935
708
2242
9047
9060
4974
2419
2159
7146
2139
9050
4415
4221
795
6796
8662
899
6383
1300
4183
8131
8041
7579
4993
7432
5531
2756
9521
9005
8190
3600
8849
4578
4698
2848
5135
1273
9473
8419
5179
9986
4192
8562
4633
8804
826
6896
7071
9256
6737
8966
3078
9894
95
8164
9568
7878
5619
6961
130
3128
9252
2536
4735
3175
9950
9367
830
3893
6507
1523
8516
4593
9343
4613
8089
5969
1698
2121
7557
7681
6130
6543
1412
3388
8854
3760
5779
1048
5850
2227
5668
678
9787
9240
7968
2001
5521
5496
4600
6810
8210
6764
1854
6081
5781
9470
3468
7013
7850
4015
5927
3353
4635
4811
3460
8987
7418
7910
9442
443
4005
5271
5860
3740
5031
8667
4761
987
9207
3385
3527
3726
1992
3836
5908
1561
9486
7689
5379
2147
3676
206
3916
6645
5656
2379
8984
6789
4399
251
8198
448
1
6423
3435
2713
5727
3630
3694
5425
6771
7265
9779
6056
4890
8268
2820
4244
6047
786
4480
146
7380
4112
4493
7769
5746
6032
8892
6193
3557
4177
346
6282
802
538
5777
6200
1275
2564
376
1326
8350
2829
9729
66
1268
9595
7401
9460
5815
2318
8685
8476
4026
5951
3467
9314
5338
8321
465
9140
8370
272
9575
6474
2409
9710
8156
4728
3644
5436
6559
7421
2637
555
9914
8292
4540
9601
6040
100
3538
4070
3642
3783
8866
7449
5177
1650
5760
92
4841
7005
68
4814
989
6237
6360
9402
9045
5387
7296
7661
924
1381
7853
4938
1456
8487
6809
7262
7626
4729
1795
6734
5369
3416
682
1294
5789
3789
7559
6113
4568
2234
3943
8826
9144
6395
5366
6749
7554
8463
1359
7741
4246
9142
4573
3064
1187
4547
3858
9375
6254
7224
2797
7535
8069
6705
7777
6831
603
4796
8917
8252
1332
4861
1344
6475
5747
532
3901
8209
952
8665
1514
9386
2931
542
5255
871
4589
9750
825
3231
3195
8668
3221
7714
6560
3913
6337
4198
9694
5526
2181
861
225
9962
4699
5773
495
6148
6405
9089
18
7254
9208
8975
390
9982
9106
781
153
5086
9911
8365
6718
7653
3686
3386
1455
5604
4166
8632
4559
1453
9264
1316
6118
7702
7369
3072
7588
5348
9622
917
9610
8607
4817
4695
4942
6112
4507
7986
3899
6826
1181
1813
3956
256
5880
8844
6585
5291
2154
9170
5014
5272
8071
2262
7792
8392
3722
7430
6263
6317
7627
6534
8286
9580
4518
8330
1473
6328
879
8287
1082
8197
9189
9713
8249
6108
9640
7930
2436
8204
6274
236
721
9895
4510
5722
7264
8226
7775
1080
4326
147
9745
9882
8075
1232
2472
7269
1847
1043
6929
2790
8846
3933
8187
5873
9680
222
6998
1921
6389
1339
1155
3087
4972
4662
4543
6036
1204
3528
1554
9014
9551
1324
8108
8478
7952
9274
8150
4742
7482
7423
1224
7880
1662
3418
5886
7350
7161
1299
6443
6451
3377
6115
1421
5037
2287
6116
233
8497
7863
4428
9004
4563
1100
7028
3281
4470
2736
6447
709
496
959
8026
9201
1955
2481
7463
7545
8661
4730
8390
2296
5018
1157
9164
4756
9541
47
8201
6555
8374
1735
7198
1631
9830
2438
1753
9546
9066
5346
1609
406
9401
7045
4079
2542
7966
5939
1199
2099
1972
8410
3876
9508
3751
2072
9454
8994
7894
3067
6884
3715
588
8154
6432
3019
1281
8956
9458
4980
6930
4851
1063
2577
3309
4063
2959
2373
1535
3130
264
5414
5143
794
6119
2096
831
447
3091
3169
8060
4083
3848
4901
9028
1466
7618
9523
641
9242
654
765
9658
1355
6259
9613
4548
4792
1612
5591
774
1743
2397
8776
3249
9642
1930
2210
2696
3134
4691
6852
7521
1146
3126
1317
3685
178
2548
5755
7512
5008
5461
7542
6717
2358
6762
7558
7261
6456
1593
5040
9632
9495
240
4503
1558
6191
4618
5692
8420
6573
9945
7394
4541
314
3417
8182
5331
8093
9531
7977
5997
1587
4524
9724
8472
1862
9973
810
9765
7763
7938
3966
4334
8155
2571
5013
6368
4010
1000
9920
7915
8172
9281
1837
9025
7143
8875
1471
9332
4135
5940
5753
7900
480
9513
2442
8918
5021
8409
5025
5884
7816
3699
1467
2403
7048
5392
9504
1175
6985
3403
1681
3276
5459
1651
750
3770
5843
2464
3242
9846
1857
4416
4920
509
2036
7967
9120
2653
8508
4421
6617
5888
319
926
1366
5776
2575
6693
4176
5064
6292
4120
6281
2258
320
3937
4603
9648
2780
6021
1905
5353
7629
5279
4723
7553
8505
1643
4672
8059
5440
2246
6521
7178
2855
8359
9284
216
6595
8483
5907
5252
2297
1864
9988
8525
9246
7223
4894
1873
8325
7036
135
8318
7470
3373
1756
1033
1697
7743
8934
9137
2326
4434
9020
2753
7655
6866
1549
630
6670
4789
7288
9368
2815
3992
5689
398
9839
9776
360
6488
3683
4919
373
4962
9078
9419
5437
1490
324
873
5038
8002
8777
1835
1139
9147
8304
9636
7692
7898
9884
269
1899
5068
1162
1337
5151
9686
8078
787
4407
1953
127
9469
6506
2339
9491
6955
3016
3183
7623
1891
4909
6740
9665
479
172
1846
5047
8083
6709
6811
3882
6374
5675
6500
152
6759
4254
3213
7390
2782
9803
9268
7877
5901
882
862
2811
9051
4257
3554
8455
6688
3289
8643
1513
2144
5164
123
7080
7547
8257
3695
520
7416
8614
2207
8276
6849
5869
3594
8709
7773
5198
2445
3961
4312
6372
7428
5580
3303
5819
5552
35
5992
1739
5631
8012
1037
5641
3259
1304
5685
2142
2095
6198
6999
6569
9221
6232
6403
9634
9321
7453
8828
6520
7340
5124
5220
23
9474
1758
9254
2308
4770
8824
6167
7097
1860
5036
3101
4528
8626
737
8723
2507
5314
9492
878
1305
3028
2990
8512
6953
1959
8522
8153
6163
6976
9570
8899
5909
4823
4951
1249
7121
5125
8529
2662
7808
5628
3057
7025
8077
8948
5054
8464
3471
697
2955
9445
3545
3912
5638
2005
2879
4170
9582
2493
1156
6855
8710
7917
5441
855
8845
4346
9874
3839
4494
8000
2603
8314
3765
7537
5233
1570
6463
260
7888
5497
1446
1754
2173
2786
5854
913
2822
3144
111
2485
8115
62
2329
8426
2203
3634
7718
3655
7331
3784
1417
1676
6460
6106
2557
2314
350
9517
1448
8729
2475
4862
3004
5967
4751
4296
9556
4995
3622
8566
8847
339
7123
8489
2593
2450
9283
8261
6195
7142
8585
2394
1020
4090
8881
9080
3570
9388
3506
9166
5567
6035
5862
4638
9853
4875
9527
5564
1283
456
5167
2614
8900
6742
9879
3263
8220
526
8630
4321
5934
2336
6927
6257
2934
4764
9838
6748
5904
7964
8269
5971
8415
2552
9924
2966
2429
7828
5763
1144
7727
8857
8480
4100
5595
9188
5107
7995
4499
2704
6450
3561
2083
1295
6087
5672
1747
7890
5968
2870
8423
9416
40
8112
4880
548
6196
9707
4136
1841
615
2668
1778
5357
7865
8982
4121
8564
3352
1177
5456
6565
4317
6837
7057
8841
4259
9868
43
5702
6875
6821
2583
6179
9645
5330
4502
5849
3483
6022
2781
8343
7253
6168
3369
565
9827
1902
4797
5241
1691
2517
9528
5931
8759
3446
9931
9435
5996
8793
6247
1590
1062
2531
7174
1924
8181
7435
9152
7063
1574
4209
6066
6483
6635
325
3251
5400
6325
9603
5705
9316
3983
2039
2048
6184
5759
2690
8633
9553
3154
6410
7510
3245
4305
973
8539
7024
8399
585
9374
785
4406
7102
9202
669
34
1198
4086
1003
5898
2984
3617
8711
1736
949
537
600
3215
5118
5509
5217
925
3009
3988
3103
5127
3447
7751
6658
2349
2183
7857
309
9718
1058
5258
3897
8225
4087
1074
2865
218
5742
7690
189
2267
835
1949
4557
9100
3365
8528
840
2375
4697
5839
8123
6751
7885
1989
5137
7997
2009
1783
9501
2070
9763
2692
7285
72
3701
2881
3680
6107
7712
9798
7516
9984
9887
9605
8020
7206
729
2178
3494
3687
1941
3191
6125
155
1936
3647
7303
3969
3080
3135
9023
8251
6536
4021
1700
8601
8411
6699
3866
1384
6291
3152
718
8135
6858
80
4199
8823
9087
6671
3846
1115
142
3379
4785
3123
7971
7659
6787
338
332
7343
5084
5283
5302
5123
6260
2943
9497
9755
6227
4118
3345
5804
2103
2757
7569
6135
9056
1821
415
7273
4207
2591
2496
5799
6984
7519
1926
3592
8503
1465
1334
6073
9688
2273
1772
7846
2460
5782
1429
6477
9536
3775
1510
5230
7207
1500
7993
6898
6144
2149
9373
816
8046
4465
6933
341
9277
3426
9231
6472
6986
3441
4459
5734
2305
4614
4189
4538
7060
8640
573
5058
8467
8485
1966
3523
8421
8836
8775
6840
7800
1250
6859
5391
4390
8638
6540
9465
6369
7943
9867
6462
1501
2272
8839
2252
468
1104
3677
6440
1134
4222
724
5786
159
8144
9448
837
4776
7784
9011
8760
4437
57
8870
2672
6262
3334
1757
4372
3157
7619
5003
2076
1636
4775
4270
1786
9639
6324
2143
2586
4738
2647
5006
6667
3738
3393
4648
9171
7975
7506
3599
6698
2390
431
469
1825
1728
2456
5698
175
3247
4122
4979
6657
8746
7786
5133
4197
3881
1599
7128
201
7988
4285
4232
5653
5250
5621
6893
9837
5097
2649
1039
1689
1148
577
8583
1386
823
1131
2454
1044
5253
8130
4451
8113
5019
8927
5885
5541
4297
3189
3127
8534
7783
3332
1655
7905
1120
4185
5540
8361
2251
2664
4071
1458
4269
2799
874
6666
422
8047
8753
1748
975
8558
2978
8888
84
3341
3508
5980
3112
9585
1744
9875
7231
2166
1006
1004
4835
8014
455
2995
6074
649
2915
5659
9666
2723
9715
6997
4508
9959
8102
1628
9700
6676
9183
9663
8639
1375
9749
4056
4679
4912
8290
9148
6906
677
4517
3035
2214
7625
6924
4882
7278
1806
7903
6697
4649
4837
6333
6511
3173
6401
507
9646
2479
3176
8042
5670
3911
3898
9682
9286
5979
9003
4574
5762
4103
4917
3507
4114
4809
513
1503
1411
4587
2832
6295
3769
6672
7810
412
9679
7592
457
3203
3118
2947
8137
6905
291
8499
5196
2565
7375
898
4195
8213
2026
7050
1585
7829
1928
7108
2453
6903
4802
2433
9370
889
5652
6314
9709
4881
2443
2023
8704
9226
8408
1526
8766
453
6385
5265
6298
7719
9976
553
4307
5451
6495
3779
6864
2648
3678
2787
1089
3721
8099
5478
8889
6012
5329
7978
1502
1347
1852
8921
3542
5326
8675
5964
444
8278
6519
9592
3408
4836
3641
9843
2274
4461
1285
6570
4449
5833
1855
8636
9371
7222
7847
355
3965
8616
3748
6494
1398
4878
2884
9815
2635
5059
2631
3802
1405
9499
8810
6093
3479
1565
1123
6120
4125
2455
3188
7154
9626
4784
7844
3955
3029
5069
884
1967
711
9296
9967
853
3485
6217
7529
9936
434
6880
3214
730
3114
4014
6060
8369
8882
9856
4253
7383
8368
6712
3813
3520
6205
791
7456
7069
6662
4309
8916
4933
6813
6476
489
1555
6175
7677
3947
5444
3785
2384
8768
3703
4200
796
6018
3151
9896
8107
4218
9146
950
6140
2377
6691
3996
7665
9493
1487
7666
4167
470
675
4800
3691
534
9652
7386
6181
3065
801
3812
347
1916
817
9616
6832
3693
3737
7439
7737
1350
2498
3829
9563
5570
5388
7873
5049
6995
4854
8802
5537
3296
8942
3796
1440
2284
6593
8090
7671
1101
5568
3360
8679
6561
1964
3924
1132
1701
2524
2077
5822
7011
4623
5342
9313
8696
829
8072
3488
8416
536
1445
9687
6925
3698
8783
4654
2327
2898
3549
503
2100
8807
8425
7193
1372
3192
5099
9535
2615
3139
3003
7248
9057
3921
2999
4924
2239
6382
8037
3351
6305
8547
7858
4274
687
6914
7933
9408
204
2917
9245
2476
2243
2563
4255
5020
7922
9279
3629
890
8004
6053
5928
8417
8595
476
870
3651
2380
8577
8542
4219
598
4220
3669
6192
284
9736
1601
3252
493
4718
7793
9979
4686
4163
2521
2980
2427
7923
1785
4720
2271
3405
3305
7804
2125
7489
8224
7720
2245
9730
8867
4846
3312
772
7951
2977
8644
911
404
1449
4624
1519
4509
7696
308
6981
3513
9356
5306
2391
6931
9347
7942
6711
270
7465
9661
3663
4275
4369
5176
819
6233
3302
7735
7886
3559
8931
3254
429
1982
7648
7012
4453
9073
9964
9933
9392
8963
4727
4684
7931
544
1741
5305
916
2679
7334
9326
8076
6782
7987
8063
7781
4262
7393
8494
1135
9567
6376
5751
6304
5803
9203
6076
8773
3039
3413
9916
1363
2556
9342
5142
7935
2031
5334
2550
7002
7415
2651
7581
1240
9554
9855
4783
2535
4748
6895
7647
2910
3865
1005
9288
5269
892
1968
7431
9834
1788
6171
5299
9860
4359
4708
1406
1113
4759
2027
1654
271
8800
5248
6877
8010
3957
8749
8673
65
541
5462
3530
2192
9039
8732
8850
5381
9818
4023
3878
7124
6788
7833
1802
9940
8526
6224
5453
8549
4267
3890
6512
8498
9814
8081
2353
4550
4859
8951
419
3944
2118
8309
6907
2588
9774
4310
2254
5587
1893
1726
181
5737
732
2016
2804
2015
6258
9331
9770
6422
6485
8481
1906
3788
6174
9757
7281
7578
7452
3190
7711
8474
3697
4155
4715
1045
2059
8470
4403
9596
6216
2089
885
3318
2124
9176
7504
4620
9032
5409
1721
780
5640
255
1022
2043
9863
2053
9266
6299
8126
9602
2171
3043
1343
3541
7881
1073
9761
705
4371
8791
2269
3463
3167
3763
2847
6201
5987
1779
1712
640
7924
8471
6971
3011
8907
4586
5140
2208
9117
1149
4990
5676
5234
6960
6084
3725
9953
8950
977
1725
2555
1376
2962
3228
3681
6177
3480
2964
9850
6615
6624
9572
4769
8301
4381
492
8895
966
8788
7186
7899
2401
5071
7848
5810
5732
7598
3501
8132
7957
5895
5556
7444
558
1087
8611
979
9114
8005
7252
2916
2361
1095
8097
2769
9085
8992
4961
7203
6870
7796
4398
2241
9965
4693
7192
3399
6851
6105
6958
8550
1245
16
1035
9963
6728
9997
2620
7856
1709
2580
923
7522
4282
4531
5362
2878
1922
2018
4025
2777
8769
8594
2219
8151
8959
8491
2821
219
378
6467
4011
8241
2164
3052
9360
7959
9862
2120
5881
4805
2467
6039
1212
857
7980
5756
8400
6394
4384
7733
5304
3999
9425
8070
9840
6535
3129
2546
1986
4971
2440
5402
9097
8664
1980
9903
5999
506
2528
7345
9037
2200
7118
4271
9958
4985
5897
3120
3122
788
7184
6935
9250
5111
8435
1034
4239
6689
7172
8983
9427
6801
8820
9128
9542
1836
8509
2924
1227
408
3266
8915
1886
7141
6722
4865
7672
6510
8375
8925
4850
3991
7445
9539
8460
22
953
4058
3133
691
7175
9681
5498
6250
9145
2715
4290
2040
693
6966
2972
7398
2163
3066
8128
8134
4355
6102
2594
1592
8690
6294
1646
8193
10
3420
6204
9293
417
2892
5261
8891
8527
363
7664
1130
4631
6883
684
8727
4142
5962
9333
46
8700
5713
82
2613
7208
7117
8818
9977
6340
9555
3044
1143
2636
275
9272
8819
6046
8659
8274
646
3906
3218
6774
9857
7934
2345
1193
1393
6390
4475
9560
6650
5202
9890
352
2840
8434
2584
9475
1078
3994
9833
5532
9692
5929
1690
784
514
6948
6391
4526
7491
6234
7499
9975
490
9251
2970
4113
4478
8196
8554
9793
8205
2236
4916
2213
1389
9778
3832
6420
5792
7596
5300
8011
2601
3297
4656
727
2191
8438
7170
8993
5706
4124
2151
3587
1094
733
3500
2343
9816
249
7721
2480
1270
8928
2465
9437
5982
9337
4700
3522
3792
9741
9574
6008
144
8351
8974
4096
6768
6482
1751
6331
7731
2428
9714
7105
6150
2941
4799
482
2075
1720
6058
5686
4055
1342
9029
5796
6910
9752
919
4567
8843
7746
2968
7837
4877
1486
4380
6180
5493
2082
3340
9836
9759
5889
6435
8049
8740
5744
9398
356
6393
8165
1230
779
2817
6357
5703
5246
5275
4818
3105
6882
2426
2389
5376
9116
7603
1850
9257
452
8348
1484
1999
4721
7961
4486
5788
7320
9214
6404
280
4236
4447
3853
1321
4024
8557
134
4344
7109
1438
572
2709
2322
5345
9623
671
6582
8606
6379
5607
8456
2108
7240
5952
2482
5500
6605
273
8061
6946
7081
8372
7448
5814
7376
3892
7338
4737
672
1038
5642
9407
1507
4969
8756
3336
665
3827
8672
8796
4834
2019
2087
9058
8084
2123
610
4774
4235
4047
6945
7695
1963
9625
6267
1282
6619
1547
5851
9069
2741
4367
6386
8730
3098
6922
5091
2701
1013
6738
1358
4423
6124
5256
328
3018
7299
3250
1495
9813
7041
2104
9084
2633
7313
4625
8809
2286
8495
4779
3193
3936
8801
4626
9443
8600
2802
1845
8166
4154
437
8262
9062
843
4
8393
2538
8355
7364
6266
6063
1538
8868
4353
7363
9092
5589
6677
5215
5966
8678
4413
8653
8347
6968
6797
9127
7031
2477
9456
8848
2235
4527
2017
8024
723
6335
1727
2871
3979
2800
4242
9211
6523
421
5024
4145
4710
283
21
3917
5829
8874
3491
5044
1404
6574
8518
2726
2138
5867
2933
1200
5663
6502
5325
9282
5210
2680
3534
6284
8761
2806
4311
515
2300
2670
9049
6265
8692
9297
8364
2574
2630
2654
998
8699
3588
109
5352
1607
1410
7515
9378
4798
8381
1367
7682
3236
2735
4322
8229
8613
5972
3654
6773
9578
4358
2988
2063
8145
5946
3972
6315
1159
3565
3049
1137
3597
3084
3976
6990
7616
7984
8306
8741
7787
1046
9533
6847
2167
1434
6080
6853
7088
4801
5926
1444
3207
6857
5683
2951
6865
5731
1566
2478
4394
7502
7860
797
7133
4579
5502
8352
9167
8605
1876
6481
239
7467
3743
5435
7525
3512
8034
5664
4853
2392
4565
9769
5492
9346
5328
1710
287
4963
2986
8267
5993
3227
1084
8883
6183
9075
5853
5605
8642
7508
4175
3519
9974
4328
94
626
6967
3596
896
1380
6936
5190
4897
1951
3443
4707
1072
7740
8674
7843
6134
2304
9194
1435
5263
3174
6380
1977
9200
680
3724
5120
6412
4572
6503
78
880
9172
7290
2698
3371
7970
2523
7306
2755
4743
3844
7780
756
8687
2744
8598
9498
9216
3327
4335
6370
7200
9576
4545
1066
7267
1345
4787
1568
423
5711
5209
3567
6733
214
3870
8610
4791
5278
5051
4711
1481
1645
8208
1102
5560
6606
9362
5162
5508
8036
438
3200
3061
51
3452
5666
1231
8384
1540
1055
4315
980
1433
2413
7817
4666
4033
4268
2706
6123
5545
2037
6942
4602
8448
5578
3496
3449
8271
6484
9422
7969
2376
1769
9103
1705
2639
2658
9802
9244
9987
3038
8593
948
1382
8637
5682
6319
5592
6490
5077
8909
6255
5191
6682
1956
9654
2749
3786
1563
8337
7323
3914
3707
5183
8354
2250
4426
2194
766
6783
8556
8263
1569
8168
1460
1687
3059
5295
395
9558
2716
6248
9156
8234
9322
4619
1016
5224
769
2919
3036
7073
4248
7614
1534
1394
5764
5141
990
235
7010
5307
3107
4905
3757
8189
6793
6566
5405
3412
2408
2185
2080
611
8177
7055
7567
2306
7455
2779
599
7772
5599
7651
5286
2569
3432
5910
9115
7617
3688
9918
6242
7268
7325
4824
6572
2387
2608
1618
9723
9055
4324
5975
6516
1635
4647
1333
622
449
9985
7370
9812
1340
587
5063
1053
367
2545
7536
3370
4498
1910
7882
3635
8947
5106
3431
5678
2681
4940
3404
3978
185
1901
8546
7168
6213
1932
5284
7699
6043
8781
3396
3427
2240
7820
3953
4395
2323
70
334
7996
6509
4612
9353
4899
6065
9173
3971
1522
6842
1623
8989
7237
2828
1952
7631
3391
9505
1474
4469
1287
6349
9357
6188
4580
3665
2926
9450
8363
8798
4455
9151
8207
7017
901
2957
7286
2850
5914
2074
3070
5935
8851
3020
4003
5548
1983
6817
8178
3359
5416
4396
290
4546
2415
5108
8270
1001
5818
9132
6400
6437
2319
667
8507
9608
8985
920
7753
8750
4352
2590
2161
3206
3027
177
2981
2891
8
7812
3875
5373
115
7597
5708
4533
662
3108
1071
2256
4204
5303
4762
1883
522
6808
9883
7087
1716
9210
3636
2411
6918
2449
3196
5186
5067
8328
7906
243
4043
9753
1805
7077
8025
4772
5687
6396
7147
5139
4281
3682
7859
8669
6683
1673
7480
1704
752
3328
7729
8541
3661
5660
5289
4515
6006
3903
3454
9489
7056
7414
760
1166
9315
3398
2861
9549
3995
9811
6339
4156
1065
8441
2225
3593
2065
8722
1594
9500
6238
2689
5384
9113
8216
8459
6276
6251
342
285
85
488
2558
6079
7093
2728
2439
9260
6766
4171
3395
6612
7949
8587
3306
2484
3376
4066
3529
6638
2775
1437
8174
7368
6601
2090
2084
9906
2132
7811
8996
7872
4404
6644
5802
7354
6964
3198
7802
3274
3604
4007
8979
3042
8815
2788
2733
1809
9174
8736
3766
3197
6856
5010
3607
1142
4966
9732
827
4651
5965
7754
9800
1091
7803
6218
4794
3093
8428
5603
1014
4457
3521
8103
2145
676
2851
4496
8291
3209
1808
2172
15
2996
8920
5113
7551
550
9751
6548
6358
6753
8239
1098
3705
6312
8758
6919
7187
9996
3445
196
7166
2414
619
2623
3713
313
999
186
4590
5339
8570
5318
9198
6309
4182
7823
3841
3481
9579
3684
2003
9359
6562
5534
7697
5408
7936
4417
3390
8754
1311
9892
237
173
1070
5041
5485
7447
8641
2843
2805
2211
245
4713
8726
5518
5488
6833
9858
6761
7396
1583
9477
5282
9
9239
8794
5588
1782
180
1475
9668
4678
3987
3940
7259
8965
6381
1009
6111
110
6915
2773
5460
4703
1975
3246
2573
9295
7319
679
6900
9044
1544
5899
4078
5956
2901
1127
2798
7180
8785
1220
7585
1428
7110
2665
5235
9399
6042
8898
9262
6790
9620
5842
8043
1915
4205
139
2021
5577
5840
6352
1215
4808
7469
2906
7654
7791
8032
8728
349
6757
4932
5026
6799
7475
1054
7694
6471
5145
76
4230
1869
1586
137
9484
2895
8124
5028
9385
2259
6991
257
5726
8652
2789
4357
4734
6316
9013
7304
5165
4889
643
3104
7524
6185
2189
4064
6563
9725
5551
6269
3314
9125
9522
7351
1235
4923
5171
3299
5712
7806
6530
3535
9898
799
8658
8962
2430
5616
6567
6715
5883
1515
5949
8360
1545
9276
4977
6288
161
6804
4435
1310
238
2520
7211
8743
3807
6271
3361
3662
739
4228
9001
9109
1911
3177
3068
7404
5372
8645
9792
3886
4617
1661
1814
580
1973
6158
4190
3977
9696
3
4467
9913
4463
2102
