10000
8141
340
2118
2480
5867
1357
5176
4849
6171
7617
3717
2514
77
2354
8287
1351
7109
4623
6927
5918
7147
9026
5486
6546
9424
982
4600
7412
5407
1655
8364
2130
8643
6953
1973
4811
8496
2958
3580
9585
1143
2267
776
1914
2149
4066
8298
6045
7901
2530
5946
1851
3463
1654
2767
8410
5039
9678
8596
9135
1362
1588
7959
7684
382
8181
60
4124
4614
8046
4386
6696
4612
5877
5732
1701
7793
428
7082
5372
3226
7587
6190
5319
1536
6998
6199
7065
5535
5057
3421
5120
2
5587
2322
5443
2691
4391
2594
3367
6289
5537
2867
8146
8428
5276
620
4243
4978
1882
3175
4095
9539
544
1975
7077
3734
4045
6605
7284
6504
9477
901
2309
2012
8483
2329
914
7963
5154
8615
594
1102
6801
7208
1894
9445
8644
9732
3361
4607
8910
7791
7703
4722
1273
571
2080
4977
2124
1703
3976
9530
4442
4044
8472
3069
1504
2152
304
4525
6975
4629
1650
3835
8712
6093
2978
1156
9401
607
9907
7755
6075
6471
911
7368
6778
9092
4757
1364
7806
9055
1440
9683
7714
3413
2336
505
4360
9956
790
973
7710
7336
1545
4158
3890
5681
5358
7697
8675
5317
5900
9383
643
9073
7890
9273
2447
174
6037
5953
9547
430
8438
145
4028
5179
2995
7045
674
7411
2779
4251
5261
333
3420
1600
2766
9681
2345
4278
8846
7821
762
3688
576
1780
9370
9254
8084
6864
292
8340
8777
8133
7465
2625
6759
4168
9202
7387
6742
2094
6111
6985
7950
7012
9270
2191
3533
2225
8536
2216
4384
4098
4004
5863
4803
3505
5252
9085
6644
5204
9305
9981
5145
8291
2244
2276
475
8733
697
7833
1688
1435
7064
3838
7888
3655
1877
6923
2344
4936
6181
7917
3841
8951
4105
2983
8689
16
7174
3354
3229
6212
2065
3530
8604
1009
5968
8189
5304
699
7347
6335
6159
151
2923
7252
6419
2117
7281
2841
6500
1525
88
2596
2525
7371
7532
4697
3152
8830
1025
2482
5006
8094
3866
9925
3620
5620
5201
6424
4731
8862
4502
2877
7835
9161
4121
7244
5803
6232
3916
9709
8378
7929
5642
7402
6779
9752
8991
6749
8082
691
2674
2141
278
7553
7175
5415
8403
6980
2023
4777
3555
8755
7772
319
5385
7872
4985
4640
8516
4641
341
1864
4701
8389
1214
5565
980
852
518
7944
1739
9221
3314
2168
8073
686
5335
6291
9814
2764
735
8885
782
2654
3062
7971
4876
9694
8841
5402
9271
9144
4674
9707
6950
4901
6800
1956
935
860
9023
601
7811
1642
8616
4365
5574
6944
8424
2353
181
3272
1766
694
2902
5742
6099
9534
8008
1839
1627
8118
8715
9307
281
7486
1074
7007
5644
3524
5552
1283
1202
9419
8517
1666
1557
8620
9097
8337
2620
8969
9819
7911
9295
3521
1292
9350
6438
404
4482
2953
9228
4939
3914
8761
2113
8978
3201
2711
3803
5116
7191
1177
8108
3601
3020
7055
5548
9450
6642
8759
6515
4385
1443
4891
266
36
2888
6735
6931
5190
9501
2084
1952
1520
3056
1170
3441
2517
349
5629
7783
4377
5165
8132
9641
7629
6196
4880
593
876
1015
9935
5175
5731
167
3787
8099
199
1984
3147
4027
4955
4549
1342
4261
9822
4526
7770
2946
8913
2055
8967
3067
650
4671
4204
4760
7672
8290
8163
8335
6
1089
6068
3775
4732
988
7115
7233
7919
6625
1844
7957
4239
1206
6568
3159
4483
2159
7423
1568
7910
6904
6474
3331
3502
3658
6435
9963
5909
667
3636
8164
7278
6066
2701
9992
2600
4305
8729
8766
4914
9021
9205
2254
1044
4405
6053
794
1043
8512
8745
8265
3379
1895
8056
6280
6787
4932
4462
1120
2387
2131
440
4967
6840
5875
1863
3450
6541
4562
1729
7400
4929
2728
8060
6895
8688
5826
3875
5975
7641
3060
4057
9740
3199
5892
19
5053
647
8528
1860
4808
251
5004
7955
1136
4107
64
8271
6792
2880
7582
8650
7059
5656
4535
6754
3192
7584
8442
9403
7011
5510
6532
2864
7351
8909
6357
2413
3462
8134
566
2302
5447
9883
2325
5432
5806
5488
6940
7547
7425
4309
2002
8161
422
4864
3888
6664
5534
4949
8219
8385
7596
538
9355
9133
3758
7035
5558
1811
4964
2884
4403
5046
5755
9183
8637
3278
3181
1724
1679
6364
7482
8828
6026
7096
5550
3330
2444
5379
118
6027
8524
3003
8754
4489
1942
5155
7171
457
4248
8110
2827
4572
3545
1411
7242
7979
4493
18
9526
175
6879
2765
2282
3693
7726
3648
8116
6914
6242
1929
2366
6565
7577
8061
6388
4715
2466
5195
6154
7374
6241
2505
9697
7741
1806
3126
6140
3882
3677
7435
8180
2657
1714
1496
4112
6221
4234
4242
8525
2959
217
664
5843
3161
9066
5910
9137
2147
6355
1676
8508
9578
3444
9448
9809
9006
5102
663
3966
7372
5744
8805
3173
9982
3004
9889
3944
6411
1663
2843
5606
9363
1204
213
1801
3595
1719
7010
3236
5662
7259
5318
4815
581
244
6906
4000
5485
2034
9909
1021
814
4737
6197
7044
5941
9420
8803
9897
9020
3919
4313
622
3153
7925
5692
4888
1947
219
4788
8918
3442
3142
2725
8374
6339
2670
2449
734
2067
877
913
9451
4890
4821
1622
7357
7966
8518
7419
8047
6893
3868
6505
5107
4324
6351
9644
1272
2890
8895
9054
9991
7023
537
3086
6695
462
6870
5927
6142
909
2158
3222
7276
4868
4787
5958
291
9059
2416
1604
3556
830
3008
9303
9315
5541
906
8255
9849
4436
872
7735
2602
7004
1510
8771
4761
3540
6247
2185
6182
3985
7164
584
9276
9364
6191
9724
981
3790
7375
3508
111
6874
9759
6949
2901
4368
7565
1827
4470
1813
8485
2792
738
3860
598
4113
6581
7618
9744
8764
481
2352
9356
1112
3573
6281
9496
9692
3281
9688
7563
1982
2562
990
1301
3310
3319
119
3119
586
9278
3345
9421
3189
228
4018
1387
1108
4129
7527
8231
5083
3754
7439
5618
1723
4297
4919
4858
4824
629
5989
6835
4869
4916
2351
3993
7429
4733
8297
4413
2544
9669
726
326
8272
6394
970
4743
2598
5517
4663
4804
8537
8336
1841
1611
1601
803
8866
4236
4836
5578
6538
4982
3136
9412
3167
9965
1546
4564
7445
915
8883
3702
4702
7444
3179
2539
5817
2567
6010
7790
6228
1341
8727
4102
9338
9430
3965
1478
4440
3837
8383
7975
3293
6676
8787
7526
864
5137
2545
8019
1058
2808
7636
238
3490
681
2435
702
6106
8995
492
9868
2601
805
4417
5568
176
2367
2475
983
5531
6808
3079
488
670
364
3618
2384
8093
2099
1314
5425
9261
9334
3750
9576
3852
9758
540
4903
979
2179
9462
9568
140
294
413
5266
9763
7533
6865
8142
6908
2260
3553
4307
1284
3950
8488
4899
215
5937
1241
7196
4176
3656
7353
2163
6549
2022
3638
2441
4861
3404
1727
5829
6120
2274
4724
5793
9580
5600
1491
3375
1787
6938
325
6219
5043
2361
7551
8989
8280
3664
188
1332
714
2692
8875
6866
5737
6110
6620
2420
5831
3670
5687
5572
757
8106
6185
6907
2586
802
4689
7899
3842
2078
7604
5903
6537
5560
2535
4976
2731
4678
2162
5506
5881
9151
2898
6128
4363
1219
3593
6395
5530
8172
8241
2019
456
7968
9587
7124
7188
2486
158
8301
7046
5187
7855
5633
5477
8756
9232
7494
4520
6976
6717
2940
3995
5481
5219
5654
684
9038
6437
8692
6654
4708
3657
6683
7938
9698
7396
7969
4091
8946
6648
1661
5082
4920
1145
8145
7180
386
9208
8915
4794
6320
7690
4355
8140
2818
4832
9730
8466
7255
7823
1868
887
9306
1826
7939
9908
6348
5615
7639
6905
2656
7159
2227
4624
3699
9659
3589
8892
773
5405
4460
128
408
2148
1986
5285
2552
2881
9684
5398
3304
951
6520
2287
1761
5575
474
1307
811
9958
1776
3448
1175
7836
8481
2188
5380
2343
2373
169
3385
5526
7913
9820
5772
4084
5470
3731
5016
6512
4379
6667
7931
7382
343
5542
2614
1518
7974
1712
4303
3558
7558
9238
5344
9816
9107
7845
7418
2835
336
9032
9867
9892
4941
2269
9184
4584
165
2689
7829
9719
831
8676
1760
2975
3729
2900
2312
5981
7960
7286
7343
2935
2026
1236
3284
9813
3412
5414
3263
5638
5661
5738
4088
371
9365
9290
5602
5649
7506
3081
6050
2390
1423
5928
1507
6092
1637
2869
4160
5579
4793
7580
7330
989
6655
6065
5719
7442
7183
9487
7873
5445
1174
1919
4807
3550
3443
9804
7599
8054
6265
1050
1244
9369
4956
3123
5571
963
3740
2010
5693
9831
1252
248
2171
4013
8288
9472
5460
1509
3324
1538
8760
3590
2250
3280
66
2340
6392
4527
4263
7193
9322
5956
4544
2837
7999
1783
7597
1049
7084
2910
9308
9104
8322
6775
6236
3876
1422
9638
7236
1983
2723
1380
5183
8545
6694
8020
5054
8870
3026
7903
2042
4551
8436
7179
3972
5887
4668
9787
5854
2357
1337
1033
9175
828
5748
8944
5212
9989
5883
1280
3334
4655
375
6979
3357
5015
1107
5647
3778
9915
1142
205
5697
7238
4122
8564
8323
936
3475
2445
1323
2523
9800
5128
4120
666
4197
7091
6765
4477
4193
7914
8028
2750
1230
6802
4401
5098
4975
7408
2046
9821
4802
8461
7732
821
4508
6234
7322
8059
6677
4813
5426
6376
1027
4153
5328
7215
275
9966
7345
8561
447
3430
4314
1459
2930
9484
7897
1453
7135
4038
4537
892
7606
6661
6592
8489
8166
1674
992
5214
2814
9010
6731
6329
8970
553
8395
2579
7637
8198
5100
6851
2752
8343
272
5794
9569
8655
2703
225
6384
3426
1823
5235
8785
141
7314
1605
1022
7611
4776
9933
4029
6476
2164
8384
8303
3080
5373
5819
1103
7062
91
1294
5378
5259
9984
7424
8274
6790
9779
3410
8267
918
7475
8826
9640
903
25
9760
8300
5207
104
102
1139
7998
5263
3584
6555
7166
5753
526
7069
9508
8897
816
752
5087
677
7588
2000
8983
9651
3864
6253
7189
2468
9789
8998
7689
9241
890
6451
8669
4940
672
1410
1289
6989
9643
4744
8393
1493
2918
7912
1987
9913
2848
5882
7869
1227
3011
1745
6354
1624
366
3614
3501
4585
2069
483
1163
2944
4518
1105
8611
7039
8906
4484
9554
614
4237
4367
1325
1250
1817
4022
4709
534
8790
6771
315
2268
6317
2467
2138
2854
9939
3713
6350
7926
3409
4637
5725
533
9612
7893
6452
5859
9118
9215
6366
6331
1521
2391
1183
7241
2178
1896
7800
4337
1401
7468
7763
107
5673
5775
9371
3009
4980
6422
1229
7843
7798
3788
552
9280
5696
332
4085
1420
3948
6145
3358
6884
8002
9328
9301
3992
8284
9466
6582
5866
2485
3824
1071
4504
8350
6252
9670
4451
549
1116
2173
5833
5158
1686
1626
4719
1969
5739
5376
455
7946
3588
9145
1375
69
5524
4231
6617
7063
5497
3805
1081
6365
4427
8607
4713
8492
8903
6399
1073
7943
6087
1425
7001
2135
1275
8986
9497
9213
7601
3198
8038
8590
6995
8270
1788
7819
2739
1274
3194
9614
5168
1409
6833
9503
6880
2839
197
3536
1554
8807
4969
3165
9928
570
4854
7309
6113
9243
5688
8433
1966
3493
5906
172
5514
930
3781
2914
2678
6643
6464
4512
2104
6941
5147
314
6788
1795
1356
3823
3815
3624
1644
7432
9542
819
4404
6308
9090
3348
9002
2684
6246
1020
2284
5969
8612
732
8873
2813
1636
4539
8954
5334
1911
9710
7453
2376
920
9843
6248
3124
5823
4458
3896
3143
4785
3644
5672
9922
7106
6658
2189
6195
20
1024
2122
4738
2237
5868
9231
1548
2151
9743
528
6070
8167
6693
4298
5030
1429
4779
2414
923
179
4873
6732
6040
1062
9415
2662
1682
4666
4816
3360
6401
3674
5874
3915
1358
5023
8630
2167
2909
2392
1711
4938
555
9009
8386
1390
9324
1737
3465
1944
8749
7471
9351
1958
206
6756
164
153
7
5540
3233
3114
9229
453
8066
4762
9194
5743
6489
1469
3377
2404
6524
2170
54
2333
1417
9277
5060
3407
2479
3294
1647
5901
2677
7973
9718
1553
4291
6891
7127
3850
9072
4771
7706
9920
8022
2359
9559
894
4043
7886
8136
7290
9204
7237
8531
7984
2772
3038
624
7723
3503
5959
5871
9198
8570
7376
628
5888
2386
7867
1208
1876
1132
5281
4180
1350
436
3705
3785
9601
7066
5851
2181
2305
1449
3816
3094
9655
7540
3246
7126
4972
5047
6730
5564
9988
7746
766
9417
3794
4516
3756
7745
2228
6718
9827
44
9036
7448
2832
9065
2628
8251
3313
1452
2553
1534
9089
3720
1176
1007
7385
6967
8017
137
3150
4140
1189
7718
8243
9850
737
799
6079
80
2415
8572
2045
1910
342
2627
5864
201
3445
7634
6499
316
8599
5332
4259
8619
9443
1583
3437
833
8763
2646
6316
8273
5641
6858
5788
7222
3600
4409
7915
1946
4783
3561
2218
7799
3650
6176
1781
4503
3840
7460
2041
1134
8152
2249
2123
1454
4429
4381
3059
4851
5781
891
8276
7462
1185
7655
2697
5825
5799
655
5237
4082
3309
8691
194
7358
9062
6134
9851
5714
2768
3021
6837
1316
2086
3566
8029
7491
8835
8920
3797
2558
3285
9776
2709
754
1428
9214
1328
5734
1564
5253
8767
391
318
2788
3707
1867
4751
1590
9511
1972
9043
2894
2719
6616
7756
4422
1488
7936
6818
7665
3099
493
429
9553
3109
8668
6591
99
9121
652
2522
3042
65
7997
9507
8783
4511
1121
7344
7226
3279
9875
4185
7377
8816
9835
8919
3701
715
7837
4223
6955
4801
6306
6102
519
7306
1866
9123
1683
8415
9893
3070
435
463
6043
7560
6728
2038
3415
3474
4898
9997
8663
9617
5800
1160
7730
373
6573
5226
1011
7283
8797
3626
3478
9818
669
2417
1652
9772
6450
3225
448
1891
2093
1938
4191
9621
7561
9101
6782
8282
1573
4423
934
6492
3913
6301
7499
6002
9768
6104
4399
163
6172
7443
7956
2653
1497
1012
4070
8902
2649
8585
5294
1331
9195
6785
875
8050
1695
5093
832
1640
9702
6577
6270
9971
5462
9414
3270
7652
3395
756
7497
5061
8091
6807
4973
7141
1092
7981
7009
9626
3939
8739
7941
5585
222
3487
6478
3981
5473
3482
4721
8079
2393
438
9314
7509
6319
4881
4990
3920
2066
39
9934
4583
2905
1917
7546
7615
8711
8837
5503
4187
9247
7399
59
5032
7071
6686
3169
4333
1678
8240
9081
5955
6909
736
6543
8468
2730
3897
5997
3881
9047
8636
4981
9440
5090
3520
587
1216
9160
7224
8187
6868
5387
97
4685
2204
1246
9387
3704
8090
9130
8338
73
5957
5961
6936
9531
8773
3166
5556
3171
4186
9471
5624
4247
1698
3703
5221
1101
2745
6743
8551
1705
4157
8007
1285
6387
3999
5668
5326
7356
3436
5950
6553
9745
1424
9068
9929
7831
8911
3312
8096
6559
541
7502
7930
7953
7068
4402
7163
1531
651
6836
2324
4604
849
1167
1586
5758
9325
6009
866
7789
4283
5371
9722
6034
4016
4319
7814
4814
8279
2631
6536
8473
5583
7251
491
9320
1989
5607
6983
1680
5295
2636
5089
9206
3301
5364
1448
5951
8852
8565
6640
2647
3066
1977
5952
2713
9050
3938
7051
5327
2976
6812
839
1122
9990
9395
4515
7142
8670
1436
3406
5308
7025
7773
6724
1822
7777
6680
4444
6218
5713
3325
5683
922
8175
5559
2494
4221
3297
6669
357
6338
5167
6318
1441
3015
4216
3389
8372
9954
4452
302
242
4067
3917
8925
869
701
6161
1404
9918
4230
2676
6425
5260
7686
9336
2681
4430
2406
6547
2861
105
4218
7292
8033
9182
8810
5915
4020
6964
7612
8159
7993
1606
8200
2915
9536
5417
8661
9166
2219
596
5446
1812
4974
6856
4334
7653
5931
356
5073
7227
338
9836
8223
3541
2551
3736
6609
6898
5151
4348
9385
1533
1392
2092
93
6272
3609
7922
719
8456
2143
7256
9903
1037
4473
4431
6737
807
7176
129
9398
3528
7776
5330
5152
2214
8404
2795
512
3177
9340
9810
6059
1726
5310
465
648
9527
9309
5397
2184
4037
2855
7995
6249
9905
5095
5782
4021
9044
1407
7138
8325
4064
2412
6202
2608
6723
2200
6493
6926
9148
5058
282
9057
4681
9637
5663
4196
6302
3424
5337
9607
820
654
1489
3568
1638
106
359
5658
5869
9537
3543
1223
148
1191
1526
7458
9969
3077
1951
2524
3666
9627
6215
4007
6342
2781
3065
3721
6454
3905
613
1427
5436
1201
676
3529
1517
2203
6245
9406
7948
4578
1962
1131
8705
6373
6755
9597
6327
5194
1053
589
6513
6947
5452
9052
6881
6902
9754
401
8959
1038
4343
8411
9762
7326
127
8117
7223
5785
3273
6821
9970
9201
7702
7904
3848
8499
7234
8819
7209
5914
1995
3755
7134
2407
101
7083
2924
3419
8714
9257
2741
2564
6328
277
6509
4040
4165
6490
5300
313
5123
260
2948
6791
7681
4558
5538
9235
9695
9548
3957
3252
3961
9574
4375
9667
9541
856
103
1502
9799
9704
2753
5315
4419
4479
5071
5458
8746
8026
3959
8627
1878
9360
8233
1129
5231
3386
6703
6370
5593
6416
6522
8856
5020
1750
1193
4220
2977
2025
3567
1818
5258
3516
9456
7891
3251
7337
2356
9482
4723
1094
5189
7101
5518
3253
6601
6473
8961
5519
7595
9390
7792
817
7092
7985
6583
987
9658
7406
3416
1857
1232
5203
5938
7528
1519
4301
1765
8717
2201
7727
6554
1530
8549
8339
8818
8869
5136
4720
7160
269
2967
5081
8877
6942
4676
46
2355
3262
9167
4467
6216
3110
9223
71
8575
5091
9242
8130
1916
6121
8735
7221
5523
4997
8786
841
8005
4183
5810
5142
8208
1924
6352
8292
9063
1741
2663
3885
939
3719
5902
9798
4848
3338
1379
6850
9199
1159
7865
226
134
4892
6961
4552
6377
3698
7289
31
548
270
592
8266
6175
5301
9735
7642
644
3689
1153
4605
6935
1746
8429
6322
5163
7493
9639
2913
3894
1904
5343
3378
4758
4857
786
3587
146
2951
7722
3180
7041
370
1412
4354
2048
3381
2403
6733
2532
9436
9983
6062
3117
7312
9001
3388
3197
7878
1265
3632
653
8864
9566
6630
5998
4745
5677
2831
2793
3144
5790
2031
3446
86
4773
556
9222
6498
2110
7416
5704
8221
5428
7622
9869
3645
6628
8486
1466
7378
565
9600
2705
9522
1612
3116
4137
2226
8532
1137
8747
2398
9186
5341
1537
4553
9008
7197
3952
7657
9256
7279
2974
1856
7841
2640
5430
6222
5809
4330
8349
6760
1832
8128
8738
2688
1064
3936
7230
6710
7318
7986
4725
442
7951
1258
8546
2426
5467
3012
7459
5752
1119
8016
6073
1772
8001
7987
5987
3113
1880
7355
5265
8896
9555
6163
3141
8861
4900
4812
4325
9337
5893
8732
9103
5830
9832
8724
631
9837
8397
8212
7052
4406
8304
7463
678
9293
8720
740
6700
1943
703
7759
420
6859
1295
5553
9283
3382
5816
8388
6200
2458
6929
7340
1147
5730
1846
7817
9961
4942
3800
6444
2432
685
9210
9154
4480
8324
6834
532
6225
826
5832
9237
1169
6563
7539
4993
602
5280
6707
5459
5382
3912
2740
3307
3853
3408
6962
1738
7976
9233
8232
9096
8849
4159
3676
3669
626
8973
4703
6458
3616
1700
9444
115
9158
3869
490
8178
9794
259
7455
1322
276
1516
3877
8788
8602
3691
7369
8470
7107
3499
5153
5404
2258
5940
9240
8293
635
6209
3473
3507
8004
1861
2306
9040
5834
6873
2675
4688
2786
5908
8435
1755
795
4001
579
2817
707
8521
8968
2477
750
8576
1681
8331
9473
8215
9518
6255
6612
4306
8702
6091
2507
1320
2782
7725
5347
7607
4753
5282
7098
2347
5992
6486
7937
9015
6993
2030
467
6638
4118
3628
5248
7663
6566
9268
7972
9469
5307
1648
6081
2105
1875
688
7139
6857
3893
1980
2630
4953
1083
6596
284
1796
6455
7074
1339
2925
6151
4755
2572
7328
55
4162
1066
5463
4012
90
2036
1988
7603
879
154
8308
8985
5818
8887
8081
3832
4208
2448
8127
9947
6466
5359
5759
2003
3586
899
7537
353
6000
120
3249
9633
1758
8352
9181
6032
3085
5919
3299
4335
5709
9225
123
7830
9178
5348
7466
4513
3254
8781
2304
7349
3643
9236
8838
1017
1296
7795
9048
7719
5623
3372
2103
8069
8497
1365
3934
3
6064
1209
6126
2054
5857
5509
9661
6133
9866
1732
4448
4361
9341
6168
8617
8283
6752
8535
611
965
3255
9446
8772
716
3289
6988
9708
3652
6613
5922
6337
9672
3286
3494
7404
3762
9852
8460
1498
8487
5590
4132
4327
7850
7030
5591
4135
306
3274
6990
996
7214
6849
1831
320
4856
8122
4205
6598
5413
7884
7302
1008
7691
809
2506
3359
7087
2707
9246
9128
3311
4889
4749
6410
7288
6607
6443
8305
5508
458
9812
5983
5907
9668
5657
8921
5880
402
7557
9552
2362
3918
3599
6207
986
1913
7778
9329
1055
8249
931
159
2618
6284
5994
7567
4412
1870
67
9622
6614
7018
7210
1508
2180
3710
9260
8295
3725
1308
8898
8158
5740
4167
1291
7265
1909
9177
2489
5694
6494
6825
1790
5666
5895
5220
5245
7216
5934
6226
4841
8015
616
5722
2206
8321
7156
1340
804
9690
5453
9567
4349
7002
421
8722
8762
5520
9656
5149
9629
8475
9590
6530
279
8649
4875
5181
3836
444
4839
764
6838
7480
9491
7571
3807
310
1617
9865
6414
1359
8294
6294
7619
5965
450
896
2887
8154
9470
9285
1689
4835
7049
4800
660
4759
8568
9757
6637
2433
4393
8168
8581
3935
2215
3671
609
2515
2079
943
8242
1237
2759
4506
2465
5837
5735
8741
9332
2597
8177
5360
9049
5749
9549
195
9116
5049
9318
9705
5455
4119
1465
2754
7262
4931
1300
3633
9645
6334
2085
5745
9964
7992
6845
3711
7647
262
5092
8058
6344
1262
3712
9379
910
9665
3651
245
5476
5622
2121
6853
3489
7729
3844
7393
3044
2851
8629
1088
1264
96
2547
7895
7341
921
1188
7980
8065
9435
1450
514
2956
2770
1346
6529
5924
5411
5132
7589
3217
9624
9075
9209
3531
3932
3810
2846
9502
9134
161
551
3506
6036
6285
4672
1931
9657
2271
862
3356
6423
6233
1560
6336
1312
6875
9264
6158
2283
5828
1778
9583
636
8277
9823
6393
9712
9646
8556
6333
4253
5765
7834
8775
5796
5186
415
961
1847
2037
6575
6970
9099
1238
4730
8176
5419
8984
3039
4486
6090
3504
8078
2101
2645
9413
4255
3870
2230
4287
439
2762
8664
3140
7231
3107
836
9139
1575
3929
8195
3491
7548
6783
7484
1240
7388
9302
1808
8353
7430
3549
7249
7994
859
7632
5320
5547
4213
7858
6888
4189
4425
9041
3879
698
6712
8234
8156
3046
2929
4328
1277
8346
1968
2006
6639
3365
4661
2083
8584
7620
9591
4279
5706
1922
3709
5603
3625
2952
6957
6303
3773
250
8501
9250
331
1785
8113
9726
8562
2321
7038
2642
1196
3811
9784
8822
722
4735
3440
1338
2611
6148
5504
5019
4069
6986
8085
1048
5595
6231
4051
4693
3028
23
2363
2687
718
4093
5577
1505
5256
6143
6293
5200
8687
1135
3318
1415
8854
6894
5388
2559
633
2088
8211
6925
6169
3847
9088
5628
6150
2439
9131
6057
5886
9082
6855
5813
1479
9249
6615
3241
6152
3678
1468
3630
7253
1960
8087
2326
2939
4052
9561
1907
7487
3675
4341
380
6899
1687
5808
8974
8356
1959
9540
2990
35
3539
7145
2585
4061
1019
9259
4853
927
7275
2906
6013
1707
5173
2076
8976
8367
4490
713
9817
2483
2134
1730
5011
760
4142
5812
3163
1042
7682
8425
627
11
5824
4207
7625
2132
4986
7947
2797
4179
2729
9162
4930
3393
564
3954
8645
8659
5101
7395
2207
8023
9434
5390
1057
1593
5894
9031
4541
4192
6083
2868
7485
6297
1580
3454
5292
8963
4492
5539
3687
7295
1702
2224
3884
8820
9840
6634
3532
7511
5717
8063
5478
8048
2469
9150
1222
1954
1487
4865
6323
9080
4353
3075
6449
8315
1937
2512
4615
7808
7373
3102
9676
5275
6277
5240
7239
2318
2213
4071
5202
3779
495
8997
5314
2637
9373
4729
8936
7708
5911
27
925
6678
572
10000
7962
7970
7757
7782
125
4994
7521
6843
327
4664
8865
5993
81
7852
6892
6456
1733
3220
3763
4194
1571
690
9882
1771
4569
2177
8402
7157
7119
5804
1802
3160
7437
4034
9475
6082
2017
7120
3073
1742
8083
8313
4039
2755
4079
6741
2534
7760
600
6313
8188
8330
9777
531
3577
8268
3640
5431
4031
6310
704
6446
8543
7842
7415
942
3887
6254
9402
361
2838
3968
445
4373
1773
1764
1859
432
9333
9058
7248
2673
7261
8491
6984
784
3288
5297
9948
9689
1389
6714
1852
6055
6823
3585
2658
9468
5162
311
6550
2926
5469
9652
1311
4372
4716
9778
5589
5783
5701
1921
2639
345
6670
451
3023
8827
3883
5274
7205
1515
9699
8100
489
9673
8577
2221
8045
4127
6525
6012
390
1735
3492
1963
4677
7982
3317
5684
6966
9873
5613
573
1061
2668
7405
8380
8147
3931
709
4561
9146
787
2496
6548
1040
7389
3346
5393
2933
7967
4593
2947
40
5723
1634
1609
1329
4388
3149
3302
4106
2166
8307
5780
8097
5349
7397
286
5720
4594
4532
3052
3439
6789
3049
4421
3121
2934
5036
8648
2720
1835
4586
2378
5480
515
6813
5299
3332
798
5815
6745
3292
1299
8057
8074
6227
8160
2756
1668
4533
135
9227
6539
3783
8853
7034
5408
4296
8328
536
6501
8972
2805
9949
9282
2655
7658
9287
8332
7744
9510
6459
9418
2603
8252
8966
5466
8801
8010
3977
6497
2402
5437
5232
2826
6822
3862
9968
53
2165
8540
7031
1388
6146
3017
5367
3930
1336
9653
904
202
3433
3955
3872
7300
9593
6022
2644
630
6332
2683
8296
1257
1199
8138
4202
4359
1594
8778
3193
460
7883
7920
5357
6618
516
5913
5025
9126
8207
8979
5876
5601
3496
9016
8213
1255
5213
4056
5323
7854
1138
800
6379
1899
8039
2931
6381
388
6557
4995
1720
6969
3468
4896
7447
1923
1855
4613
7605
6170
218
1728
9122
1665
3414
8431
1234
4707
3570
8169
7923
5106
2828
8112
2452
2648
6562
3072
2777
7583
6758
5711
1957
7165
330
6135
7849
1335
6912
6237
874
5926
1109
7566
5814
1368
9596
9124
177
6645
2773
7240
3949
4620
4536
4764
3557
9945
6690
6647
1144
4339
9354
2431
4592
7933
926
152
2998
4362
3760
2369
8041
3759
9102
5852
1717
8354
7698
1249
2760
2789
3846
5400
7721
3432
4827
1123
9962
3303
367
2194
7472
9258
1940
3145
1562
8947
6507
1805
2607
871
5392
6900
3216
2704
2587
5659
4645
117
224
6385
6162
7203
1210
4232
9924
2573
4522
8453
2885
1814
6432
8736
9521
3174
8812
263
9764
5699
5494
524
6266
6517
4257
7570
6672
3214
2686
2954
3795
9476
1014
4913
1872
114
4665
2474
3535
3061
2205
8105
1430
8696
4568
3373
6744
7481
8808
8641
5109
7918
501
9170
4805
4378
3747
7410
1054
8850
8737
8012
4006
1290
1935
5682
1898
3661
1070
6702
9786
6627
1620
6462
7847
1408
6453
8988
3271
2052
9384
4424
5055
472
9024
8560
3953
3282
8042
4432
6116
9109
3268
1456
3071
3565
466
3560
7285
2107
4005
8439
765
8952
6721
4633
878
2921
496
58
8713
5471
9766
329
513
6475
2429
4266
2331
2014
1431
6663
3087
8417
9579
261
2521
9011
94
5988
1076
1110
2150
7668
8603
1675
6729
9083
6330
7861
2652
7105
5368
3431
6412
8707
5271
5288
5702
4014
477
9771
5366
3627
9428
6518
4642
2554
470
547
258
3223
7515
9098
3735
5210
9346
2257
812
6029
8162
2550
8934
3082
2542
7407
3476
7036
3210
4382
4141
7699
1162
7818
7907
1154
3096
5122
7767
8945
7187
2436
4686
5651
7354
8520
2018
9581
3469
3996
2893
9628
6213
9176
5490
8665
4842
1369
2727
9885
2381
7921
1930
8043
6263
2301
5736
4351
4690
6358
898
385
960
1793
2035
3260
9978
1865
4050
1005
4227
1602
3322
2912
8804
2238
2278
3425
8958
6224
1130
4394
5111
2273
7152
8049
4772
7803
5342
376
348
5787
1391
8309
3817
7734
4937
6776
299
7524
907
1451
2955
6719
3988
8792
8618
8471
4838
9713
9765
6256
5776
5293
6576
1455
6514
6798
657
5990
9932
1613
9489
6887
2396
9381
1926
4885
2001
4271
4026
4010
2694
289
8679
8420
949
6021
7687
2115
9941
5626
1833
3195
5786
4933
7787
6445
7413
4262
6436
3399
5855
978
2476
9977
1266
7614
2332
3340
4696
2903
8677
6876
6766
13
5113
8593
7738
75
3363
7508
4570
9987
1928
241
6315
9512
4055
70
2459
9439
8358
3084
6421
9891
1419
3551
2989
1574
2661
3202
1293
2706
9677
3031
4988
4691
1398
1567
7088
2098
3682
5104
4171
7742
7669
2471
2160
9556
397
873
3777
3694
5698
605
410
9071
9155
5395
8153
3582
6261
1243
6852
2068
8126
7674
1215
4524
9917
7058
2500
4238
2316
9953
3812
9392
9562
2809
2196
334
9437
8257
1671
9244
3321
8871
1830
9037
2911
7820
7352
9438
3749
8103
6606
4198
6595
2664
2125
8857
6804
3090
3464
8708
8246
6016
4739
1767
4852
265
5313
7510
7311
4628
1709
5664
6144
6626
2708
464
6465
350
2209
1961
9029
7329
2050
1845
8202
471
1052
7016
7932
7900
4625
3604
3518
8067
659
4959
9605
8157
8171
6107
8938
9467
2015
2812
8555
9217
8185
1393
3910
8239
919
4058
4273
170
387
781
4695
6417
7192
7168
4246
3083
966
937
3946
256
1887
1439
9323
4347
6375
5246
7927
5935
416
1059
6398
508
2682
3394
7303
6483
4308
6131
4190
4450
7488
6201
6415
4847
9481
9864
3032
5394
8401
6060
3323
8725
8748
2470
9105
2299
2595
6910
801
9330
7807
8914
5795
9598
3834
882
1474
4698
8949
9174
662
9795
7489
3376
2405
1915
2109
9386
7102
9018
4161
4062
2669
641
2563
8851
2024
3190
3221
12
5119
7559
5420
3924
4810
3264
558
842
2928
7887
9919
2328
4887
3247
2492
6460
8706
2073
1383
7516
7591
3350
6564
9046
5302
3983
2493
4727
211
2087
4019
268
1633
2763
5822
6770
7185
8730
2095
9856
3947
5827
4830
3597
5268
7229
7743
7928
290
8569
3362
2137
392
8829
9342
5222
4559
6088
1003
8480
8566
9582
7797
5721
9769
7338
1444
1179
2667
5554
5921
9077
9312
7600
971
7086
1231
9584
1941
8752
2575
7296
7440
9742
8441
2715
5041
7060
4400
4371
1706
6089
178
6711
8583
9737
8281
5849
7812
4636
4741
1251
902
441
2153
4714
9923
6238
3891
1662
2198
7441
3158
8051
6918
1591
7751
9649
9946
4550
8878
929
5671
2245
8534
2938
8929
6077
6506
8817
2650
2693
6692
6244
2790
2234
3095
777
130
9087
6684
6378
4174
5277
9463
880
6480
2438
3963
881
3013
8990
6314
7090
603
5289
8533
5474
7103
1635
6117
1254
6999
3941
4437
6871
1542
344
1080
5980
2091
5945
3091
5042
834
625
7225
7151
8348
1528
1483
4075
6867
5148
3809
9520
7478
4025
1281
4464
9234
3472
300
3619
8256
7739
5422
1945
7902
4840
2247
4392
5416
3053
9339
7876
995
5650
3111
1632
9362
8419
6816
446
8027
7505
4182
6508
8794
5172
4653
5468
7826
3120
7965
3047
1085
1540
8390
6997
9453
2140
2985
746
4601
2504
4048
3886
8522
9441
6602
5733
5679
9860
4649
6004
7132
29
7562
661
5401
3156
1501
5377
5110
9172
85
2380
5421
3470
844
770
2197
3481
4428
2157
1906
3434
5970
6651
4369
8210
8259
8933
6799
8889
3396
6671
9053
7671
1399
7896
6574
8151
9192
8458
509
4096
4041
1900
8912
3339
8302
5616
5500
749
3347
8478
3391
4447
6211
6286
3456
3261
8306
6796
4580
9884
4948
954
2108
3172
9084
7664
4274
4494
4907
223
3741
5068
1998
9396
6939
4252
6597
4917
3353
89
283
2298
6300
8529
4796
9027
1382
8695
8371
1782
4834
3819
5873
2039
3909
8018
7050
8150
1824
243
49
8519
7667
900
1247
4588
4076
1734
6054
792
8024
4072
6579
1551
7724
5821
8806
4766
4128
2033
6441
1789
3135
8751
8186
8573
3895
7291
1527
8230
7235
6067
7859
4203
9397
9493
4311
2335
5279
6178
2253
4125
2202
2307
3761
3979
3397
1999
8625
3316
7161
308
4603
1373
1039
2609
3851
6223
9353
4684
7866
3368
6971
2495
7609
6239
9399
6738
1722
5383
9292
994
4475
4086
6698
7112
6420
1965
187
4950
5670
9331
8622
9575
9736
8719
1077
9143
3746
1370
6031
7651
2053
4181
7905
3461
2277
6920
1477
610
4408
5160
3182
5370
1854
7645
8721
8993
8088
6768
8891
9666
2799
7113
8941
8680
6740
1779
3295
8426
61
2775
7857
8092
2641
5943
7581
3154
6815
79
5339
7037
7365
4951
897
3855
8718
5164
9296
6046
5062
720
2395
7613
3978
2852
9442
8443
5655
6720
2830
247
4144
337
5797
9486
9457
1457
638
7498
6413
9163
1656
7579
7080
796
2702
297
956
5185
888
4548
5561
4276
9478
393
5511
6363
2907
1260
7623
3057
6275
8227
2942
83
6109
4357
2651
8513
8999
9663
8811
1840
5917
8731
1036
4517
5636
3695
17
9211
3791
5439
1151
8077
2979
2374
1873
2615
9304
7111
640
6095
7254
9595
5384
6428
3967
9100
4617
7660
3186
4792
2787
9625
6153
8606
3639
288
4675
6115
5369
6814
2803
9671
7988
1117
7809
5434
9603
829
253
56
6382
7198
2270
1306
9999
8672
3774
3594
9495
4332
3732
7243
6072
2192
5112
8578
3384
2536
4954
8609
8879
2659
1495
9203
3542
9618
4177
7685
2961
5801
7136
8437
5356
3858
4855
1884
232
8932
2516
5543
7503
4151
4166
8366
6854
8666
8031
8285
5267
8391
2811
1512
771
5778
6268
7114
8527
3927
7882
8960
1651
8931
4049
1639
4799
4155
9245
4376
9200
4318
8874
9459
2829
155
7155
1245
4844
6590
198
8355
3617
3411
5483
4529
2275
5381
6205
7654
2190
1563
7129
6020
8174
7451
3380
9703
1653
9942
8482
5050
4911
2418
87
9156
9461
2176
7269
8863
1279
221
7089
2548
9407
9858
8975
3014
6189
8768
5762
1032
3854
5763
3726
149
3562
3390
9274
2427
3234
116
9488
1494
7043
4065
4523
3611
1345
8859
1326
4449
9281
6208
8684
7042
7720
6933
8698
3034
9916
1667
1211
2423
4315
2293
1437
5784
4212
4081
7717
273
7363
2043
8375
2061
5507
405
7748
3933
3822
2421
2526
2236
4902
6750
7538
6340
7692
2074
768
6008
8089
1084
3178
4290
6534
3231
33
7331
6220
7099
2623
815
1697
2981
5009
932
2399
5139
4528
8686
5001
9611
1016
4322
7158
1482
4918
5097
855
2807
671
9509
4970
139
711
22
8264
8515
4775
9532
9608
7273
3239
4694
68
4219
1297
9870
5215
8318
2112
3306
1616
2428
5610
1664
1685
3647
9716
461
6948
8068
8881
7076
1731
7019
3962
5690
5569
5456
1883
6071
1608
7182
1803
4077
5498
2156
7420
3058
1173
2478
2372
8701
7862
8907
417
8795
7523
2040
1559
6481
7280
1344
2986
4843
1287
3989
8950
1918
838
7768
6403
3889
6773
4692
7964
5947
2294
8651
1800
8639
136
6751
9630
2279
4080
9793
4659
4496
1752
4281
4284
9492
9938
132
2845
1426
9224
9650
133
2638
1384
7875
2850
4734
7747
522
9358
695
1079
1645
608
2633
3994
9
1063
434
6264
5454
9275
5979
3820
4543
2892
1184
5686
4267
6772
7128
3497
2453
1544
2860
6309
5031
9854
9367
3871
6806
5985
3122
3093
9159
7573
6594
506
4850
4201
3769
3337
1804
5350
2994
4874
3498
5150
6074
9196
6681
4886
5546
5311
8538
6048
4465
7294
8694
2464
8269
5156
9226
679
2743
6345
3479
791
5205
2531
8053
9761
8814
1197
9926
1182
767
4346
377
7456
9647
3137
9319
183
8633
2348
3370
8656
3563
7006
585
7149
683
301
4240
5365
4647
7860
2541
2992
5513
2187
687
6250
1181
1470
9297
7181
487
1248
4173
8539
1360
5197
4017
1485
680
231
717
1213
1820
5944
3333
9431
6795
6709
8922
2005
6138
8137
8170
1330
6542
9544
6408
6430
5251
5005
3315
1539
8654
2749
7348
8260
8671
4143
2761
9571
6560
5013
8595
9898
6288
5872
1226
4627
6901
5528
3374
759
7433
5573
5645
4590
1095
8494
4507
9844
4566
7247
4114
5115
5080
4660
3519
1555
6839
7477
9748
7874
4599
8052
7977
7694
7909
7715
4747
4565
2129
5685
6987
2264
8362
476
1334
7367
5250
1302
6811
8463
1067
4097
2964
389
8030
5884
4083
4996
1367
7704
9483
4971
92
1259
8465
6996
7598
1414
4468
4435
8114
5340
825
6262
7705
2330
962
9129
8469
950
8119
5178
6946
8765
32
2437
808
3118
6886
7470
8490
419
379
2751
7028
2718
7673
2303
9613
8965
2714
6439
6147
4648
9515
255
9563
7529
4643
9000
9706
9733
2346
4926
5257
8459
5838
321
9741
6346
1513
1660
2446
1797
112
8450
3349
7473
9069
6878
1643
5516
3423
5619
7786
8101
6472
563
5078
1794
9003
7072
425
1397
4656
1592
9619
3526
4188
8876
8547
7851
4345
7297
7167
4928
4626
2796
730
2927
3940
7206
3148
3138
4299
8855
5751
9902
5243
5217
2317
4059
9179
4209
7131
3554
9599
948
6112
4024
8076
6819
1704
545
8098
3753
8872
52
2629
8723
5708
7711
62
8642
6184
4823
4312
8796
2966
6921
2295
84
2358
2555
8289
8408
517
5676
323
1850
8880
7568
7996
9701
9359
1288
9972
6298
3329
1578
7675
9157
6192
407
2102
8115
2511
1190
5549
1445
4879
7186
4226
3911
2009
1286
7624
4046
7075
9447
7078
5604
8062
7391
6965
3621
539
5489
4754
3211
1629
618
9995
5774
1434
3685
1464
1649
705
1263
530
9115
7015
847
1834
9056
4445
7272
511
8678
884
7504
7949
7785
4138
7578
2169
239
7319
2842
3743
369
9874
8744
6704
5484
3901
4820
3681
7212
6705
3417
486
1744
3030
4575
7202
692
3305
590
1587
335
7027
4576
3256
6668
3267
4679
1152
138
9717
6477
4602
2622
4837
3125
6551
8652
6610
5594
4632
6183
3228
9519
4910
5018
6793
5536
9288
3343
8451
9147
6734
4860
2982
9426
1927
8610
4148
7877
968
9811
3603
4294
1004
6166
8382
2058
6794
4472
574
4073
6005
9654
2501
9060
1992
6033
4344
1792
7100
1006
6426
8623
2847
1471
5805
4358
5166
6279
5451
208
6803
3662
6174
5669
8102
9110
5592
7258
6404
6367
6461
8416
5121
6097
8155
1403
9738
6260
4750
4894
4622
6945
324
1035
2090
5820
7592
4947
1114
4780
6584
8605
1164
4557
4414
3991
1347
3045
8190
6641
3534
4704
3825
1269
1333
5597
4110
9674
6130
5942
3607
6608
2844
5361
9631
3801
9606
1756
3904
9117
8957
991
1523
7323
2457
3018
5533
5254
6063
6992
1363
9880
9248
9682
1416
8131
3151
9833
2582
639
4241
1065
1319
6809
9728
4597
998
9564
1481
2576
9573
8381
3328
5570
5448
4032
8657
2612
5029
7894
6434
4268
2338
6586
7093
6405
6165
3767
4581
1716
7067
3613
8044
7201
7749
6636
1225
7512
2233
4169
8867
5038
1532
2259
2866
8
8464
4818
2388
5773
5632
3219
3054
5126
6937
6675
1584
1582
2936
3130
9007
1099
2195
778
2577
9775
967
4867
1615
4845
6485
7350
8646
3157
6896
5986
9051
9877
4364
82
5584
8601
3771
2592
8320
9272
233
985
3326
3654
7839
6526
209
3922
2300
5695
9846
8125
6746
975
9951
2872
8407
9326
5879
3615
2822
8222
4269
3298
7590
6963
3690
6015
5889
7696
3383
7531
2484
1267
41
3575
4579
4819
3579
4534
5424
4925
1141
5627
2920
6540
1118
5224
9960
5291
3751
2785
1047
72
3878
4789
5608
6786
355
8250
9380
588
1743
850
3232
406
7983
6629
7029
3027
6890
15
583
4439
6897
4457
3686
3802
1748
293
5242
9079
427
1589
568
1630
2281
7315
6885
8329
9711
2710
8589
6496
6349
4530
3344
7054
3799
1028
8728
5396
3371
6869
6210
4912
5747
9687
1155
3258
2047
1446
2231
5108
5640
3215
9755
5134
8474
9267
9218
634
6124
2584
4206
203
7218
5848
9686
1395
1619
6623
9896
7934
7364
5581
3176
6056
8432
4682
1090
7334
6689
9335
9826
4574
9792
4501
1677
47
4563
1829
3668
3184
3155
1821
5614
7177
5010
595
8681
5792
1413
4767
3571
689
1126
7304
1543
1220
2262
4250
1352
6624
4389
5064
8992
2858
6369
6528
1492
5609
9746
3511
3784
6502
8667
4111
5336
2239
1871
378
4998
775
6882
8980
9119
6959
4826
527
8095
5435
6930
3692
1751
1200
157
1710
51
6774
4509
1056
5899
623
1366
4126
1463
3772
5305
9070
7616
7816
6903
2919
4609
5678
6259
6179
7662
525
252
7828
8791
8319
2032
2724
48
5916
1418
2896
6842
229
3213
1547
818
2593
3459
9546
122
1522
1596
2193
5012
6206
6406
9642
2016
400
4897
6469
3460
4154
1093
6463
5199
1349
4658
6014
4310
4130
8782
9142
2999
5074
9120
7728
5059
4573
4778
9064
2875
6374
3097
8214
7556
5761
5375
9940
8557
8726
1974
3486
6047
4228
4711
9910
8299
473
2454
9721
5003
7122
2075
3200
7940
8253
5196
5157
5499
2538
2145
7554
2883
6585
9464
2897
2211
6051
6204
8032
1566
2879
6276
3552
5209
6805
7630
2020
4871
3591
6129
4454
9454
5345
1897
3830
1970
5033
7853
1862
1981
3078
6968
3218
9343
8640
7989
4172
9013
1819
4944
7769
7184
8558
1192
5133
1659
7633
7840
9005
3984
7621
6157
6006
5617
7013
8430
4989
257
7844
2223
2816
6061
753
7961
7282
4908
6011
3635
7040
3722
8454
4275
2802
50
1082
4497
3804
774
6491
7733
1205
3572
4608
3300
4547
1406
4338
3457
8939
7079
8784
1990
4471
9408
3821
1098
2800
5977
4798
3649
3987
7061
3596
9045
7522
2721
264
3512
5444
317
6305
2498
4554
4582
7575
3745
1078
5891
1128
615
8700
2617
5598
2968
3680
3005
2849
9078
8422
8406
8847
1140
409
1699
433
6784
1849
1825
5440
5461
8971
3576
1235
789
5885
4542
2726
2876
2509
2462
2917
2732
5022
4833
5779
2665
9485
1577
5227
9349
7394
2695
3196
3782
755
4152
1581
7753
4538
2599
196
5324
5065
5146
1786
6631
6229
4736
3401
649
5724
236
6521
2106
3569
5211
779
8446
7945
4133
9857
4740
347
3715
43
1221
3248
126
7707
4466
7431
4178
6847
5423
5766
4943
9372
9943
561
2071
9025
7380
9460
8183
6359
7464
621
6699
7263
1150
758
1321
5184
5496
3857
4264
1166
4884
6304
8086
1511
9770
2619
3105
6679
4340
9168
7361
5700
3973
2013
7143
7794
57
6533
933
4366
9035
4170
10
529
8942
7398
4002
9930
7053
1837
6326
497
7519
6368
8582
6830
1955
1026
6932
7555
8409
6402
4265
1476
645
1271
7454
7301
976
4756
8467
3849
2339
500
8900
3937
1997
4184
5912
6913
4488
733
5703
8981
1374
4877
5052
5014
637
2497
6544
3733
9623
706
9685
2742
9985
5576
8638
9788
5502
5963
2671
2904
7695
3242
9093
5599
4254
3076
7081
1100
7270
7199
5865
9731
4963
5707
7274
835
6981
2949
4631
606
2349
8511
271
8860
5127
9138
4673
8000
3926
8901
1614
9952
2519
3923
5974
6928
5850
4146
2291
2027
8220
9086
8848
4256
7250
3480
3245
6688
3250
5322
1809
5853
8683
14
2666
1759
9660
7327
6844
9900
1964
8036
5674
6431
4591
9662
6257
9753
4304
9357
5925
1268
4485
4336
8192
3269
857
1195
3714
9345
944
9361
9906
7313
4983
6267
6797
7544
8370
7121
8493
9284
234
3296
3865
5306
2296
7545
7608
3483
6619
2698
7610
1149
1355
2409
7308
78
7501
9455
4047
4123
5870
7656
4545
2783
8824
7370
230
5984
2028
5406
3606
675
761
9790
8075
8204
8917
2836
2473
1317
7640
883
3833
3224
7048
8247
6024
8421
2941
8148
3982
5791
3813
5303
4030
4101
2116
6341
9872
3925
5716
8440
1198
5374
6030
7346
3355
3900
7495
5247
5835
4635
8507
1473
2424
452
3438
6044
5075
3203
9841
216
9691
8011
3010
235
2313
742
3471
8014
1460
6139
2566
1561
9828
2440
8314
7810
3466
3455
2685
2613
6360
4706
3663
246
8310
6761
2984
1472
2242
9781
6273
3088
7204
8631
1000
5954
3168
9887
562
1858
7688
9931
3500
7342
5278
7736
1996
1194
8120
8510
788
3100
4770
5898
6665
2840
7712
5117
8149
5094
9727
1976
582
5216
3320
4094
2488
150
5096
6096
6977
4752
4616
810
2081
4610
2114
214
4104
4946
4374
7207
5238
9299
3244
6659
2791
5580
5465
5228
977
1458
8823
9394
1885
9153
7550
3839
2383
9959
1565
4654
5045
9095
7277
298
354
1480
8842
3002
1354
2186
7024
4074
6177
7824
4
3867
8055
1013
9376
4748
4893
8236
166
969
7646
1086
6389
2943
4342
168
9993
1692
9783
9602
184
7467
220
7775
9808
5286
5960
2057
9538
1836
7713
3684
9565
5044
9279
1030
502
4935
4650
4618
5767
4782
7194
1096
4797
3467
3341
3706
2442
1784
3892
9410
599
5270
8196
5143
1552
3183
6860
8523
8197
7116
8327
5024
727
7026
7449
3405
6230
1343
8368
5680
5331
5472
9533
9253
3537
5861
8926
5551
5932
889
9300
3744
2798
2487
6726
6132
6571
3752
9862
9782
2451
8809
6863
2319
5
7073
9348
3040
1550
8899
6188
7450
9185
8594
3697
9498
1618
2537
1385
9076
3016
1985
307
916
312
8530
7552
3623
822
2510
4784
2111
2285
4960
3903
4829
2916
7496
2089
7541
4621
7693
7822
6470
7335
9773
6531
5512
2546
5811
1691
2246
4272
1442
1068
6347
9974
4211
2624
9432
4210
1305
8740
7676
5689
479
9715
3899
6722
4033
9879
5482
3191
5192
6589
9317
6951
1524
2100
7881
984
3206
1736
3956
3880
5631
7438
3642
4577
9114
8699
1303
1433
8104
1874
6599
7574
1749
5566
394
6558
2337
2778
7644
7813
5896
3364
76
1161
2419
542
2643
1798
8613
2571
6018
3770
6487
4011
9830
4883
3908
1447
6701
7677
6764
7401
7648
5450
5229
4878
5399
2735
6372
5193
4035
5412
1133
2776
4317
2120
3398
9855
6427
2821
8559
6282
2604
9525
3873
9797
5298
7638
2139
6292
8927
5750
5978
6160
8396
9193
9255
993
4718
494
287
997
3792
557
7838
2680
449
3789
6503
958
1171
5105
2286
1125
7754
5878
8799
4199
8013
1270
6570
2744
5316
8660
2368
510
9294
5076
3074
2292
9230
569
3335
745
2154
1967
6861
4224
8831
396
7474
5269
6448
6753
6214
6767
4139
182
2044
1315
7022
6243
6674
7137
7245
5964
423
5634
3128
5971
8035
8776
4149
9720
7871
2878
8843
9696
5188
7805
712
3738
1097
4042
7627
7446
4968
8674
9594
399
1203
2736
5515
207
5718
5789
2410
9425
8769
124
9452
9847
5760
9239
7316
9734
9886
7427
7144
9165
2932
5936
3024
846
4806
5475
3768
4546
9572
9433
8405
1768
1467
469
9289
8579
8750
9785
1556
6713
1810
2097
1091
2963
3402
5114
8445
1631
5234
4945
4407
2155
6739
1903
1421
2528
4999
6621
4699
3207
5756
3133
5457
5522
9375
1023
6510
2634
7332
3608
2077
3659
9839
928
1658
6069
6960
2502
8080
5493
4453
9557
7518
3106
8373
1879
5612
8344
3115
5085
8916
9017
2700
6757
3665
7908
6824
2606
9805
4087
9589
7906
3243
2960
3403
642
854
4054
7679
2455
5860
200
9636
26
7762
309
7924
2590
339
7219
3291
1438
7542
8658
9378
358
4822
1212
1327
5769
5856
4872
5239
1815
7003
5026
1276
3418
4495
2780
1113
9802
3485
4646
1791
3672
1936
5962
3240
6484
5842
521
4225
9347
865
8360
4163
426
8734
2853
9680
468
1282
9207
8886
1708
3387
8693
8479
8412
1486
8225
8591
6872
6187
2265
3238
9616
8194
1462
1010
9550
2161
9113
8793
550
8505
9635
806
9136
5099
9998
1908
7172
9393
74
4090
3974
5890
418
7032
523
1461
6325
3131
5611
2560
8580
7500
9944
7057
42
498
658
7094
5389
5625
9506
5637
3718
3997
8908
8278
9620
5249
100
6356
6482
3828
6049
6479
3515
9675
4214
8821
4790
2261
8184
131
560
98
5262
9543
3874
8006
3708
5272
7020
6660
8662
1217
9615
4742
9427
5999
395
2962
8840
8955
946
6076
9588
7117
8858
1075
8600
2973
403
328
843
6078
3592
5017
7779
840
3845
1046
8550
4957
4556
8182
9723
3134
4923
8834
4455
4103
9825
1500
6820
478
6780
1597
2557
3843
8742
8685
5545
1950
6418
4474
1400
7602
4461
5691
3351
6001
7758
4446
9465
6311
8567
8040
4300
8394
5646
8987
4418
9479
1669
6193
6119
4961
6578
4906
3036
5563
2856
2533
2463
4433
6588
824
437
938
4644
8476
6656
4370
6662
4289
6164
5807
7815
6829
3602
9570
7576
7731
6173
9551
1310
1072
4078
360
3605
3266
2922
7469
5726
2889
3517
1920
7771
5103
6817
5273
3564
9191
7507
7362
459
8316
1673
9012
837
7513
4909
6440
4521
4463
5639
3187
999
7436
1905
4882
2997
4825
4905
4293
5354
2993
1376
953
7359
2315
8825
6632
2128
7047
7133
6283
1018
3610
2004
2280
7643
4443
5754
9815
1060
9352
3631
8996
3089
2146
1684
1432
4415
6251
5007
2865
4795
2784
8209
5491
8928
2182
7333
4434
5362
5836
7628
9061
6353
5144
2070
7879
4606
4662
5862
3043
9904
2064
4904
4100
3352
823
5070
7386
6952
858
3488
9382
5653
1843
2882
3739
945
8592
3092
4481
1115
8334
5846
7381
5051
5897
6917
3716
700
3108
6136
1405
9994
3724
4915
7169
1001
7990
5505
2543
8774
1842
7856
1799
8124
2199
1377
3050
4350
7585
9975
9979
863
7021
2060
9861
2635
3230
8034
2350
1541
2823
1939
4728
1224
3951
4285
7162
5710
2397
9980
6003
3422
546
6380
5667
2183
6569
7217
3548
2252
5000
7118
3907
8326
4323
2371
9996
9524
3960
5035
8365
4145
8423
7213
6274
9863
3861
8427
3906
4768
748
8571
7403
1506
1378
3971
8449
721
3162
5562
535
9112
6846
8503
414
5839
2490
6685
2029
110
5729
5728
845
2660
121
4987
8894
2133
7750
6114
9967
1623
4670
9714
3287
2232
4958
3051
3998
9490
597
1207
9881
7490
193
7414
4015
3765
1045
5338
3112
5972
9187
4416
4717
6828
2891
1853
619
6217
7880
8614
9845
4280
3237
9141
6635
8351
9266
7211
1353
7752
9876
5244
744
2815
2255
2747
1890
9265
8037
7317
4638
693
9480
2565
8345
3612
8129
280
38
1641
7863
9936
6934
7764
9806
3308
8940
6924
2591
7461
9973
3283
723
1621
3814
30
7784
2733
6495
8312
4680
6467
5973
1371
741
9391
9901
3447
8509
6736
9389
578
4397
6390
3646
4992
3019
5088
2379
2425
2969
5077
7709
2957
8070
3033
1503
2810
8635
4595
947
7650
5635
3942
8597
3227
8377
8238
4292
5705
2310
591
6666
6769
9344
5605
454
9664
3641
9429
6673
3798
6488
2561
7870
1348
7535
7678
7108
4786
9042
5976
9871
9422
4329
7954
2824
1034
4639
2965
2503
5479
2072
5442
482
3188
6519
2540
2243
8021
3484
4441
9091
37
6706
3723
9577
3629
3428
5056
237
6017
9912
4245
156
7530
4195
8414
9558
5008
7095
431
5582
7661
4952
710
8217
5588
1948
5084
7422
7864
895
7716
1475
4060
8716
9604
8226
4514
1514
769
2870
6041
424
8399
5034
5129
1628
3164
957
2690
2174
8948
5159
6396
3400
6122
3451
9890
4710
1490
6777
8813
7765
559
1041
4009
5355
9310
6118
7426
7298
7543
5764
2774
1690
2021
9894
9269
9173
1953
2908
6235
9311
8379
2712
8943
1396
1529
7260
5353
2771
346
8962
7125
8398
113
5768
7228
1672
5027
7701
7220
2144
8563
1763
7417
7631
1925
8363
6982
210
8634
274
2529
4380
6039
8682
2311
8923
383
6025
6203
5487
5386
731
5225
2327
7305
7740
2863
2971
3829
5161
6058
1848
2401
504
7670
7774
185
2411
7033
4598
6094
384
6535
3477
5352
6561
5802
9750
5991
9416
8498
6042
1585
3204
5182
7517
7761
8262
6762
3683
507
7827
7299
9400
3583
2434
7140
5296
908
1978
6603
6086
2569
8526
5069
9125
9474
3185
6098
4774
3827
604
3098
2857
5403
3578
8311
4316
4846
6433
1313
3366
5858
4092
668
5840
4233
4587
3945
9291
3429
499
5021
1893
2632
2716
9405
8542
9504
3000
1881
7780
296
4469
5982
7325
227
2314
7384
8347
3806
5427
3006
9321
5966
8977
3796
9976
7287
1979
885
34
3104
3064
3856
3786
751
2241
5845
7525
5131
4356
3522
7846
5648
6994
1168
160
8956
1172
959
5037
9921
886
2794
9505
7457
5770
5309
6442
7014
7104
6141
5630
6101
8757
3452
1901
2251
5521
2499
9188
4286
7110
2996
4217
8369
6646
3327
8071
2460
2605
3902
3696
1579
8376
8868
372
411
3449
2389
5040
2806
8477
5086
24
729
4611
1971
4491
8500
2748
9111
1598
2220
1595
9171
2874
2696
3514
95
2508
8628
3538
665
9824
5067
365
2570
8844
8457
780
8201
9927
6587
3764
4859
4619
9189
7801
4567
1499
6716
6123
5283
5586
2127
9500
9140
2556
7000
8953
6296
9955
4500
9950
2991
3369
9842
8798
5198
3527
7310
5028
3523
4589
2616
45
5933
1186
2394
2937
8107
4260
351
6580
484
9749
7952
7200
6127
5777
8193
8064
1318
5191
8341
1029
2769
8753
9895
8361
1774
4634
412
3679
1124
7868
9316
6708
9374
2980
6763
612
2375
8495
1757
4136
5544
8109
8893
2082
941
3265
7666
4934
443
4352
7434
3029
2734
2491
5409
7942
6826
8779
6137
9747
6038
6295
143
1256
186
2820
6023
3969
4438
2970
5066
9878
6108
8173
7321
5287
1762
8780
4712
4053
827
5206
2738
4519
1646
9756
725
848
4398
9957
4200
374
3667
7392
7154
3509
4395
6958
7178
8245
3007
4895
6447
7360
673
7123
1
554
322
6516
632
2899
4683
8890
6810
5798
2323
8588
2007
1165
3748
9780
8462
4222
6652
8904
2527
8548
2871
8832
7594
503
2621
4828
1933
739
6691
1278
3776
8964
4922
646
5177
1558
4763
4667
2056
7788
8248
3048
8704
5905
972
1402
6919
9648
3928
952
2289
8554
851
212
9216
8626
381
1993
2408
363
5002
6527
7766
5048
8111
3653
1535
8653
4870
6080
4831
2988
5996
6572
4510
7659
7626
6545
763
8598
4531
9127
3235
2461
1228
8703
4411
180
7680
6593
8333
9592
4258
8317
7848
6156
5138
6052
2288
3742
5847
2819
2240
724
9853
6299
171
2757
5621
4288
7264
8237
8697
8884
6362
5930
8758
4099
2051
8418
2987
6407
1747
3277
5174
2737
8586
9190
192
9219
2290
6649
2699
5346
708
4499
2589
2580
485
2518
3525
7802
7085
4229
3342
2672
8228
2610
5141
303
3257
2256
5741
3898
8930
1603
5557
1721
5140
63
1381
1361
5236
9700
797
2126
9449
1949
1777
5135
4277
4410
4134
2801
1242
5495
4156
6943
7586
1869
6725
7898
861
8003
4282
940
2308
5757
7892
4927
4991
7492
6100
9751
1607
9767
1051
3037
7593
9212
9560
5596
4150
6978
7428
4866
2062
520
4555
3129
3574
8072
3146
3205
6883
2011
4984
2583
2049
7266
4036
1753
1261
2520
8982
2210
8123
4476
1106
5321
2873
189
2513
656
4456
5169
577
2320
3730
917
6600
6468
1570
8587
1178
8244
8261
6715
1994
1157
5746
4540
4115
1127
8286
6198
5351
5233
9514
2679
254
1888
1696
6697
8504
8621
4478
4765
4498
1180
5433
191
7804
8413
5525
3275
9034
9791
2549
5208
3990
7514
5072
4063
3392
8448
3209
6149
4596
5124
3808
7476
1769
2263
4560
543
108
368
4302
893
747
3727
9834
6827
8139
2142
2248
9409
9014
9679
6567
480
2217
5118
2945
28
8387
8710
1670
7483
5532
2722
4396
3964
7832
5264
2341
6397
398
4705
5464
3970
9586
3453
5841
6258
8206
8224
9169
853
2834
9803
5920
9528
7737
4147
4669
9829
3022
6956
5727
2588
1912
3737
912
9067
7257
6269
362
9028
8608
7232
4862
3757
3259
9610
6194
9106
4781
4109
7008
1816
2568
3660
3863
5715
4817
3055
3103
3544
7534
5290
8845
2364
1610
144
9774
1394
7958
3700
6085
964
7409
9513
6889
1838
7452
9197
6324
6287
8452
8205
7383
162
6035
5923
6972
7173
7635
2443
7781
4652
8514
3673
1031
4249
6155
352
3559
3980
9019
2825
7796
1740
5171
7366
682
4651
1599
2096
6511
2972
9838
3170
6186
1725
2895
6841
6653
5665
1484
9888
1625
1087
8815
8275
5492
4630
6650
7271
5948
6290
2472
8025
8632
5929
1324
3818
4068
3958
1754
4487
5230
4459
7889
8447
9499
9252
285
7421
7246
3212
9377
5329
6084
8392
5223
5391
3598
567
1111
2950
4089
7320
905
870
7700
2229
1569
8191
8743
249
6748
1386
6622
3581
2365
3427
3495
575
9152
9693
3290
8444
2717
1148
9725
3975
4244
2450
3336
3826
5904
6973
204
4108
2370
4326
7390
3458
8544
5218
240
9796
2377
1233
8502
1889
6007
3637
6343
5949
9404
4979
2272
9368
6028
8574
7170
2297
4962
3063
173
7572
1991
1069
1002
8165
1932
2859
8690
8935
7649
2886
1309
3276
8121
7148
8994
9529
9327
147
6974
8924
7825
2208
6278
4117
3831
1902
5130
4769
5418
743
5312
6991
4321
2385
924
1694
9609
8709
4175
9937
5125
7146
7307
5441
4023
8258
5501
3546
2833
1187
6747
1104
8400
5429
7564
8342
3943
2758
9545
696
3068
2222
2422
6633
4003
5180
1576
4700
7268
2400
813
1715
2212
8199
867
9033
9262
3435
4164
4863
9108
8800
5675
1934
955
8888
2175
9313
5241
4966
4270
2235
2382
7267
4687
7683
6657
4390
4965
6552
6954
9298
6125
8506
6361
1713
9729
5527
9899
8144
7293
8218
4116
3986
4726
6916
5363
1239
6321
6240
4921
9801
1775
9074
2059
6391
7978
772
9220
7536
6103
9022
6556
4571
1657
9739
2862
3127
4295
8263
7339
6682
5995
2172
267
868
5255
2063
6386
4809
9914
9516
7195
3101
7056
2481
4426
5771
8135
7130
9164
7991
295
3634
3510
1892
6400
5660
2578
8203
580
8143
8770
5063
5325
8836
9494
142
8882
305
8905
3139
9911
1253
6831
8673
9366
9634
9030
3208
1718
6523
3780
9848
6862
5567
7379
2581
6457
7885
8235
6611
6019
5939
6371
2456
7005
8216
1304
9411
9251
4215
6312
1693
7549
9859
6727
9132
8802
8624
785
7935
6781
4331
5079
8839
7479
6604
9149
3793
3728
8229
2574
3622
5844
6105
5643
3132
109
9458
8359
9180
617
2342
1572
3547
8434
2360
2266
7097
8357
1218
2008
8937
3035
7153
783
2430
4746
4505
8789
4420
8552
8179
6180
728
1549
9388
9263
3859
9423
1770
6922
4320
9632
6271
8541
6832
4131
9517
3921
5652
7324
3766
5712
5449
8553
9094
9004
3025
2119
4008
1372
1146
8455
5410
1158
9286
1807
6911
7070
2334
8484
5529
6877
7916
9523
1298
4235
8254
5333
6383
2746
1828
5438
974
5967
7569
4383
7190
3001
6307
3513
4791
5170
6915
2136
8009
8647
4657
6167
5284
21
1886
7520
2804
9807
6687
6429
4387
7150
9986
9535
8833
6848
2626
793
7017
190
5555
6409
4924
3041
9039
