10000
178
8292
9593
9353
4625
1788
2009
703
2813
2961
8230
376
5044
6809
1015
7026
6408
5697
6211
5147
8892
4323
4640
6196
502
976
6599
8013
3803
8735
8158
1477
3495
5434
1161
1643
2465
267
4276
7707
7494
4405
933
8738
2225
3779
307
5696
2919
9297
1830
5461
6087
5180
7133
5464
1069
4424
822
5873
8755
5107
9771
4231
996
2722
7743
5148
8827
2540
4010
9633
4704
380
2100
1755
4476
2946
7399
6010
1326
4586
6753
1736
7884
893
3406
5149
1591
7588
5911
9172
6275
6429
6222
4522
8078
6802
2101
7769
3425
988
3817
4491
1451
419
592
8605
7773
8937
3121
5849
118
3708
6029
9001
6
9961
25
2766
5271
5692
7250
6057
6631
7129
2512
1800
7370
5683
6628
9231
8901
9943
1942
6189
2844
9500
3635
7879
8734
2040
7946
5890
9400
8242
9377
8167
4979
7509
4280
8694
9957
1849
4320
8343
2262
5165
7247
4570
7078
5150
1628
8533
8089
5522
1645
6457
1819
5539
3363
2675
3320
4724
7271
6387
2972
7170
6351
3517
3411
7689
4581
8943
9119
5636
6153
7561
5174
2373
708
2444
3695
6922
5737
2297
8965
2419
5228
3873
6545
885
7345
9169
9455
3693
3794
8666
9804
7971
3866
4585
6559
4920
9553
4494
2630
5609
9579
4353
6672
6434
9463
843
6750
9026
8752
6258
7617
2054
2193
9996
9993
8972
9095
1162
7745
6455
2771
881
3719
4235
4783
1444
8458
1463
6906
3828
7130
4757
5626
1234
7346
5716
1935
8503
4148
3922
1711
1167
8246
4607
8805
9478
6144
3888
6936
3972
9795
5182
725
7720
1767
3889
6642
3730
8525
8530
6128
8108
8544
9885
9254
7225
8955
552
5140
1397
2500
1678
246
2304
4714
4038
2879
3609
8000
1299
1134
4138
8245
3
5159
491
4196
1694
2114
1294
1672
4165
2120
6151
6450
8079
4756
7270
9149
2908
7634
8993
2665
1814
966
2959
3057
8285
5119
8946
677
8511
9829
728
6463
3062
5908
6013
1290
5755
8229
4119
7520
9784
6645
3973
7369
6950
1184
9084
8846
2112
9929
7454
1351
8215
5869
9460
9936
8119
9811
4555
5506
5598
3851
1414
4369
6554
4443
2945
9597
1169
3565
1572
8438
8197
7109
6244
7146
7699
130
3060
3286
3541
9243
5867
4932
4480
6042
8969
3032
4339
4630
9964
5217
3755
2442
5471
9573
4807
7371
4497
7914
7041
9135
5932
4063
1499
4484
9486
4674
4049
1417
3791
2930
5856
7462
600
673
2368
2243
7261
9566
4896
8149
2636
1729
7522
6073
6039
578
2189
3241
5841
7264
2642
5073
8348
8754
60
9859
1546
5682
6702
3473
6826
4619
4153
1253
6535
6385
1238
133
449
9178
4311
607
1149
876
4479
6884
464
7476
7010
8862
9925
5978
3421
5420
5555
1271
8380
1075
2177
9931
5953
3563
1739
3617
4797
8773
2644
2822
4644
4854
3546
5830
3587
2982
3475
754
1674
3216
9216
5684
9037
9096
7327
8011
6531
1128
863
7461
4917
350
6549
2496
7023
9168
5816
4350
1412
9318
621
1795
8414
7710
5428
1686
3759
9643
3163
3138
3209
7286
9616
7599
7729
1441
1142
9544
9860
8077
1173
5453
9605
8602
1260
9588
9147
7716
6532
3840
7610
1192
2786
4547
5558
8309
1358
2002
2376
2116
7212
9635
4583
9333
9126
6605
4769
8389
217
6763
7900
8444
6547
1903
9786
7987
3789
7907
2680
2866
4588
948
3040
7179
5138
2533
7456
6493
4559
2014
4378
9187
9766
6790
5479
3958
9285
7453
7382
3168
8098
2832
348
8629
7524
7372
3463
1317
1140
564
1685
6132
8750
9629
7822
6513
7037
7206
1419
9866
9645
9378
1391
4070
8384
1007
531
4659
9283
8931
1190
1123
9835
6553
6120
9584
8939
1416
458
2323
5478
4708
9267
5043
7467
4284
9101
4556
1182
7510
370
3358
4600
5604
1617
5607
9979
2720
3831
4539
5663
4179
4706
6284
1718
1316
2327
9609
9036
1640
336
9282
8814
5041
903
1601
8869
2064
1026
4337
6180
6048
829
4171
9002
8106
4688
5952
8888
4694
1204
6611
3334
6342
9542
3748
7708
6313
2828
4272
4782
6680
3618
2975
2948
5332
6940
213
5942
4431
2099
9473
205
6414
8355
4485
7410
7256
939
9464
7175
7253
8217
7211
9939
5852
9402
269
4859
2226
2260
9301
9407
898
9724
6041
5010
2037
7459
6870
5605
9225
1276
9246
2861
4994
7115
6182
7865
5424
1201
6746
4715
9142
1144
6318
8048
6207
9722
7564
6187
5912
5068
7349
7514
6016
5185
7098
4212
9458
1231
1220
7687
355
5004
8541
3349
1982
6565
7818
7886
1320
6971
1508
7894
2353
5394
9129
4860
8445
6520
5465
8838
5729
4106
7200
6947
7013
896
8949
61
9395
7197
5882
8632
8966
4962
8718
1081
8385
2814
7282
5966
2715
4645
7096
4546
3506
1792
7959
1318
2865
4632
3447
6818
5246
3738
2600
5021
9769
857
1821
6206
8769
630
2312
4773
1809
5486
5752
8651
6337
8613
5407
5902
5757
4290
5116
5751
9027
4088
6376
9919
827
1254
9620
5785
575
8451
6412
1624
6283
9857
3175
2654
3556
4227
6067
9793
4077
2462
3530
9709
8528
888
1217
3883
1135
7089
5565
7840
86
7331
4732
6443
5164
3465
8844
5831
5652
8670
9975
1058
3039
3145
6519
548
7387
2625
4754
2924
1183
7231
1321
7190
4741
9305
7759
6747
2035
9680
4072
1084
9303
636
2570
3173
9920
7523
7120
3977
5532
9908
6560
803
5623
4654
9365
7655
4643
1014
8367
4955
3346
8272
2134
8555
2184
4551
4120
3734
1367
4055
7571
5226
3434
9978
2916
9526
8159
3848
3063
9372
5090
4498
8041
6046
824
2011
3949
1487
7939
1257
3111
922
7658
1005
6221
9471
7103
2073
3370
5303
5517
3832
5746
6090
9699
7423
3144
4273
457
3141
7088
2958
2258
8439
4441
8453
2488
4752
7552
6656
1892
7237
1094
4947
8160
576
6472
6647
9868
5508
3031
7543
1971
4269
4279
7531
3725
6812
3650
221
1187
5738
9910
3435
7856
1076
3196
8982
290
6484
2704
5630
9659
7966
1751
9592
740
7052
4158
9596
9193
487
3862
8570
3606
4199
5894
4475
3915
6592
4615
751
3965
4848
9540
6527
6390
5234
3136
461
1048
7215
8689
7014
6163
6166
7717
4044
1336
6928
4656
8112
8085
3486
5356
5016
4054
6442
6116
2759
1772
8328
5371
4638
7834
2267
7244
6356
9144
5002
7392
7072
1618
7876
5947
6170
1286
6833
3681
955
5105
9944
7025
9863
3103
8784
7726
6122
8893
447
9482
3844
8958
5557
444
6820
8069
2474
9340
2909
3739
2448
9768
8466
9429
5247
6671
6507
9594
4258
5419
5734
1840
5946
4816
2043
5668
7779
8692
7679
8860
9256
8812
9900
2693
5898
7009
5853
6086
8919
6954
2595
2834
9259
1939
570
8273
163
4274
8495
9321
1726
8210
6768
8885
2888
8454
7394
1605
7218
7255
9538
9689
878
9373
9988
1334
4888
1036
5458
6157
2296
3621
9416
5488
5758
7351
8788
7612
2831
5561
2171
3907
2289
7059
8050
5093
7882
2717
9098
2026
504
9732
7499
388
678
2331
2689
7002
2905
6072
4099
2805
7235
2979
4761
5968
5936
1000
2242
2942
9586
4252
4118
8876
5955
4404
620
6398
9179
7386
4173
8981
8175
6379
2885
8592
4122
4887
1962
5171
4254
6977
1261
6167
9418
9535
7221
334
3575
7278
3443
6944
1486
3068
9417
9404
5326
7393
5313
6272
5736
9990
7619
4186
5232
3953
7273
1586
793
2192
8200
21
8136
2747
1970
1735
2573
6665
1839
7418
4862
6770
5837
1239
7860
8188
5810
3686
6795
8358
1078
9755
733
4567
4141
198
4716
9476
393
8904
501
4139
1158
3099
4225
5547
4166
7439
9749
6690
2127
5267
5935
4941
1219
8777
4294
4502
4397
9726
2431
5676
7152
209
7359
852
511
7534
4357
1661
2668
8280
4720
2762
9316
5708
6861
2703
3955
2521
3839
8408
5807
2513
3149
1471
3125
2402
5791
280
3631
7051
5320
5566
4908
2623
1951
5742
9240
8484
7472
8251
1181
9636
1408
1869
760
1857
5425
472
8715
9385
1459
1386
2962
2527
3740
4102
9985
1895
7757
3747
4662
1790
8496
6539
6673
671
7305
9130
4963
8040
2677
3382
6154
3098
8690
5343
8567
3726
8650
2336
7756
6523
9591
7168
5433
538
2659
1732
8529
2024
1077
1100
9384
7555
8686
1401
6962
3221
2530
3284
7160
1622
4891
5573
27
634
9048
3933
2938
5788
7512
4079
3166
5155
2229
407
1791
2621
7184
2309
4190
8936
8039
201
315
4262
8148
9443
640
5600
8378
920
9199
6617
2380
7234
9412
8513
8517
4255
7306
9319
5496
6329
2931
6411
1106
4636
144
2218
9203
1539
9770
9017
9337
2734
2031
4169
517
6174
347
1966
7725
4981
7832
3566
6426
2118
1332
9477
826
4036
6685
1470
6186
9781
6615
4943
5542
4512
440
7701
3459
7149
3479
273
9814
2437
7468
651
2178
2176
6113
1764
9621
6407
4473
556
6945
6579
2878
1170
6022
9727
3274
4730
3963
2572
3906
9583
707
2591
3567
7337
1107
2025
9716
699
506
9237
7294
3353
6285
4308
8313
7391
4762
4198
6996
5984
1621
1125
8963
5790
6368
5152
5629
2015
5887
9830
3021
8647
4690
8807
5963
1933
7224
4729
3721
3741
6105
8720
6366
2132
2491
3037
9239
7332
4132
4907
8091
2964
9704
8260
3176
1280
6214
6693
2485
6541
7984
3329
2608
9603
3722
5754
6689
8346
639
6509
4053
5987
7695
5470
6372
1944
7777
4871
3474
2055
4922
2760
7389
8419
272
2507
4009
2666
2743
7852
2017
6602
1744
505
2287
6030
5596
9207
2199
8879
3224
6676
5928
7480
8157
5102
9009
7853
7348
2516
4699
8502
4971
4446
5373
374
6482
6054
3528
3782
6528
7972
7044
5919
8374
4826
4110
6923
9695
1985
7432
4128
7836
6491
5205
4341
82
6989
4851
3481
3914
8565
7593
4389
9357
9783
8909
8287
5475
1500
8447
7895
5679
7824
1210
5724
120
9481
2992
9068
1051
4091
8201
2770
3943
1392
8429
8902
9454
1983
1564
8037
6501
6621
2599
9115
1750
2200
8376
4778
4338
1394
5029
8067
9824
326
1906
8514
3583
9782
8957
8233
2545
8697
3088
7628
3006
591
6405
6967
4904
8584
3669
2070
3333
279
2995
6393
4403
1714
1164
4965
1700
738
1377
8778
1897
3257
3043
5265
9010
9024
5921
657
3126
3872
6413
3766
433
8837
1054
3381
9813
1300
5986
9888
486
63
3996
7114
7526
1615
4285
7397
3451
1584
8456
904
6851
2555
973
6858
1446
4313
4265
5794
4858
5289
7609
1178
5163
171
7430
9413
2729
4023
702
6118
7106
8398
155
5728
891
5707
7457
6546
2039
9667
8655
5889
2486
7868
9742
8580
1510
5411
8806
5680
8942
7450
9181
6136
6131
2344
8302
1163
6696
4014
9987
9097
4836
1023
8974
2320
9008
2991
1070
5951
514
5766
2058
1357
414
8320
1188
4019
963
5007
3790
373
5712
928
3413
5398
6974
3247
7265
6911
6193
2589
128
7144
3306
2181
6315
6303
1400
3391
7081
9057
6595
30
1172
3073
6682
260
7569
7801
4006
1353
4524
9025
4844
2139
9162
5967
9799
9817
7367
3426
3042
5490
4065
243
3627
690
2716
6698
1452
4417
4525
4952
8603
5910
7448
8162
364
7001
357
5448
1836
8776
68
6980
3211
9421
2117
946
7296
3267
4532
2072
2205
6070
140
7034
2381
9871
6494
9697
9984
7899
1267
7174
3409
4620
6433
9892
5543
3777
2848
4229
9257
394
3728
5166
2549
3198
5379
6803
2949
4598
8462
404
5009
5574
2480
6369
3850
9983
3313
9206
7068
1282
4616
6274
5485
4517
7567
9082
4828
1474
1731
2892
6838
7904
5083
859
7076
5797
5725
9438
1010
8675
9167
8269
9922
2345
6490
2196
2311
1837
9137
3954
5690
6220
7360
5950
8141
6409
7340
8811
8256
1742
1263
7161
3256
1122
6164
6533
1889
7618
2432
2406
1403
8298
7652
9692
9729
1850
9388
9707
1730
1322
9878
6708
2937
8723
5992
5304
2767
3661
9921
1762
7347
6127
8342
282
478
2343
1934
4042
9853
8236
9209
1461
317
7487
7666
1673
9847
3456
8785
6891
3798
3162
230
7381
6416
1342
9408
5172
666
4902
2143
6233
1965
3379
8791
2562
8701
2284
7413
6733
686
779
3826
1549
682
7417
9567
4434
2027
8817
5938
5316
9273
1740
3253
9041
1311
9028
8677
3019
438
2067
7502
2932
3070
245
5186
1632
4155
9284
9045
693
7167
3054
4681
6052
1693
6540
3559
5862
8614
1241
8223
694
6100
5505
6555
8835
2522
5051
9124
8168
7471
8231
9391
7866
3746
8922
6248
8924
887
2394
2012
3492
9245
8702
2635
381
3118
6165
2742
6739
9873
4663
499
164
4025
5096
8101
5019
9288
3573
4750
4499
3553
7870
8213
1050
9280
1152
3886
3289
6292
9466
5639
4322
4520
5593
1516
2647
8864
1211
5526
7411
8639
1196
7402
2526
8161
8801
344
3345
2660
3723
4071
3980
4399
6079
6015
8853
7289
674
6470
1725
9962
7064
2350
9260
2858
2631
2804
5238
5288
3038
3898
8165
8600
6133
7586
5444
6471
2580
5628
7259
7451
7746
3179
1131
3913
5653
2723
8698
3712
5133
2408
2
709
9445
2797
9941
3000
3625
3180
804
9387
9151
4687
9992
5681
7248
8696
126
3369
5541
2565
100
5482
2918
1852
1884
3283
7862
2871
2836
3586
9132
5023
8642
7299
2996
4870
1251
2681
3297
2603
2307
937
5918
5080
814
9081
2074
602
8185
7335
882
1580
5863
2007
9641
6378
7204
8951
2511
6904
2674
181
810
2016
5160
67
8944
999
141
4017
7158
3623
755
8014
8721
6525
953
1359
2104
9935
8330
189
692
4238
5030
3484
785
7173
6397
3140
8036
541
2293
2893
9638
9425
6185
7846
3542
6663
9188
6866
6502
7684
6026
3869
6596
520
342
8998
3233
766
2065
6731
6551
8762
8794
6576
9741
2174
9499
5581
795
103
6037
5515
9675
6349
1385
1562
7796
1616
8740
6208
2714
4838
4847
7083
8064
3017
6216
6871
7664
1798
2175
558
1526
5965
7839
3511
6066
9571
9914
6424
4092
2518
3437
4004
3852
2896
8894
4808
5787
9423
741
5529
3155
7388
6040
3812
2246
5115
8707
6328
9348
6435
8658
4711
950
5876
1779
4396
3786
1776
4665
7384
247
8566
5241
2212
6652
6566
2372
4344
7236
2454
8871
3235
7485
6674
622
4469
3849
3667
7977
1816
3113
1527
3529
9012
1712
7848
5390
1825
1033
5748
7435
4127
7443
5211
9496
7802
7643
4188
3083
4676
1747
148
5283
2701
363
5443
7792
7889
159
240
5035
9440
8711
3822
6587
8682
3960
8547
1242
2198
3248
1067
2047
8276
8332
9896
8105
2697
1919
6448
4765
9564
5054
6862
8450
4162
8476
3287
5514
7887
1059
4002
5439
2094
1255
5773
1247
3745
6209
8059
3023
8731
1080
638
7911
6324
8121
648
1518
5957
1639
3562
6741
4406
1139
2083
917
1797
861
7678
9537
2317
5632
3678
5969
1012
5330
2921
7495
724
5719
1784
50
5110
3058
9235
6135
8118
8183
9515
1566
8152
8082
4204
5169
6737
5162
2646
2506
24
6097
2724
6061
8713
3936
6938
3178
6302
6946
5617
5878
758
6121
4793
5560
4944
9912
5520
9676
1093
3396
4597
6388
5017
7988
1778
7071
3787
3246
8283
5891
8381
1025
832
6589
156
2038
2987
5412
2167
9447
6210
1660
6320
2068
8024
2563
8153
1103
8940
270
7050
4875
5927
2669
5055
5994
7189
7031
672
8329
7063
7734
1009
7209
286
396
7934
3988
7199
6461
9062
7519
35
7809
5101
5274
6793
7214
2816
7873
7141
7991
3189
3302
2688
4459
5088
7603
8761
7262
6664
4624
5072
858
2237
1651
9329
8674
5000
9665
5868
6787
5759
6140
2131
1202
4621
2071
1421
8150
3215
8979
5187
1442
2649
6843
9264
5575
661
6624
9642
1542
7913
6850
587
473
3420
7905
574
8243
3398
3045
9287
1709
1716
1248
5745
3469
8759
8133
9658
6098
4673
7677
2514
7308
2915
8470
7541
7458
968
7241
7283
8299
9393
867
2827
5940
981
7694
1608
1340
5523
6107
4561
9851
3271
6467
2255
9069
7004
1623
137
4456
9253
1145
4348
986
6227
6853
6438
2367
9224
8080
6437
9258
9368
5097
5199
8184
1235
5892
9108
8066
6709
5176
1803
8536
8297
9508
1561
6791
9874
3202
7016
4713
6142
7919
6729
7804
5369
8956
5804
9141
8538
6236
5687
3985
1761
4103
3557
5989
4745
4999
3127
4928
8109
3388
6198
1061
3845
6610
3843
8433
2319
6231
9719
4383
3690
6224
2849
9159
1938
6905
9536
5239
6935
927
5396
3389
5050
5013
5437
1863
4705
7918
266
2129
4668
6453
3373
7825
2571
6401
7624
9576
113
6558
38
2269
7738
2910
3796
4412
9791
8693
1677
2913
8549
2736
8743
897
6804
9157
3348
3498
5436
8353
7810
9104
5337
5126
9952
1426
8845
8364
4045
8875
6767
597
8663
2702
5039
9802
8126
185
7137
1413
7111
4549
8625
615
9436
54
8947
1175
9426
6504
983
8211
1769
8209
4966
6059
3801
413
5306
6149
9883
2477
3312
9764
9328
8829
9079
2783
653
865
1410
9294
385
5943
2082
628
7584
2216
4987
66
2753
781
4253
7820
9684
2123
7355
92
2273
48
3090
6259
8487
5340
4439
10
8317
8070
2561
7649
8134
9186
6578
5104
5253
4792
1501
6957
5382
632
3079
4837
7835
5154
9608
212
3458
5092
2162
681
2449
2107
9351
5850
9767
52
3044
6262
7481
9434
4267
6148
2013
5545
3934
9180
7686
9512
4997
4384
3882
7880
4557
3272
2650
6872
872
4770
3540
8607
5317
9933
5276
6830
2228
2536
3049
5702
7931
1206
7021
553
4482
5294
3833
9428
5576
6488
7046
8938
8959
3605
5772
5913
7912
199
8003
99
2602
7447
2706
4787
1214
4178
8644
862
8249
154
4518
3827
3007
838
6806
7193
6365
1333
416
7671
4321
4319
8422
1699
2852
4129
1893
5129
6420
9250
5998
7542
4415
3374
3343
6194
5281
7219
875
6255
9869
5806
6781
2583
9607
926
8858
3793
45
918
5990
4259
8550
3012
9128
7776
3356
9980
8275
8464
4903
6720
3047
6898
8986
72
8206
1575
7377
8886
8497
8540
5145
8747
7794
6510
4465
8054
1159
3930
8426
333
7767
8760
9022
3146
9511
263
1727
9446
70
1445
1914
700
4755
8100
1115
5314
3147
5802
5018
8290
1130
5384
2911
2582
3505
2334
1096
4582
7863
2978
83
990
7496
9734
2833
2586
9034
3364
1872
2673
6952
1022
2732
3299
202
4759
7741
9033
3942
3649
7429
3847
2003
3135
4304
1165
7639
2433
7595
5513
7683
6053
720
9043
7626
9803
6508
1295
7176
3223
3116
3545
4926
8848
6322
6168
6744
6878
915
7245
305
4746
2678
9317
1281
6582
7751
1424
3328
3951
1977
9154
8618
4822
6969
5118
589
9166
1396
1355
1885
4428
1189
3128
9042
2349
3165
9327
5643
6517
3926
9063
3131
5339
1496
8143
3322
8075
7688
7651
8182
8833
5789
1912
521
4692
4112
6805
136
8583
656
8808
2524
1670
5131
9690
4890
8636
8665
406
6096
2105
36
4817
8186
854
5662
3260
583
200
5997
6074
9125
4824
4371
5378
6399
430
7962
4938
2430
8881
791
5823
5327
5977
6877
6956
169
7697
8193
534
1641
2857
4216
1364
4318
8563
6882
4649
6548
4576
8638
4130
283
1827
2342
3081
8561
5645
9367
5290
4377
5236
5386
6021
2300
2022
9205
1259
7548
2170
9613
7637
9265
8151
3591
9602
1138
46
1834
424
5305
7640
1338
3279
5338
3236
5879
6312
856
6431
4355
8154
2904
6775
4695
2445
2426
806
7929
3589
9401
7553
2551
4356
3200
339
5196
7474
7740
4779
6505
5011
4418
5028
6651
5213
4813
1328
1052
8427
7924
5767
2566
4137
2140
3423
2221
4605
7851
8219
9600
1656
1662
3277
5468
3613
5871
9646
8063
853
4295
8291
7601
9232
4142
9309
5318
4864
5022
7758
8392
451
1805
8630
391
2998
6260
8441
7952
2325
6683
2777
627
1579
8825
4829
3332
7033
9394
6179
4978
5204
711
2182
2818
7073
7177
9977
6299
1754
4387
1203
736
5208
3976
1330
2534
7623
316
251
6091
1218
47
1085
6084
6723
2277
9313
1303
241
2251
7916
8289
1806
4503
4573
5580
5263
7992
8656
3548
6301
608
889
8913
599
4039
7317
9345
1035
5740
7673
4683
9073
1393
8662
6382
3634
9040
7755
2598
2853
5418
1402
6594
6181
9270
1473
8006
9968
2763
9937
2544
1996
3122
6570
1723
3461
5827
4335
5844
9465
8129
2057
2634
442
4991
8420
3525
7105
2135
7135
6817
4301
6078
7374
8559
8897
2248
9552
7915
5191
9494
9293
3555
58
5961
8023
4297
2130
848
9251
9970
1945
748
2607
5885
7691
5964
4927
9848
8558
2180
6823
2781
7195
7812
9561
7061
261
8742
2578
1973
314
3337
3119
1020
3244
7364
8488
1021
9289
8199
938
1029
2917
5809
6234
2523
7861
4413
2286
9926
4
4827
7815
679
196
9106
3929
9850
1409
237
8015
5086
362
5616
6959
3855
7742
9913
4174
1465
4051
5733
8099
9230
6160
9487
3809
6703
3507
567
6573
7864
8978
7690
7385
6722
4801
7849
1439
8908
1524
910
3981
5592
4900
1453
6483
6251
560
8312
9381
2679
7470
9433
4083
9529
8029
3597
9156
8906
5432
1105
2847
8324
7709
319
2640
6958
8878
7310
6649
368
8756
8467
7782
6639
4786
1291
2369
2215
2790
3892
4393
4501
6865
1494
6759
7490
9474
6939
1550
5385
4309
3107
4758
874
4455
7482
8303
3939
1116
7850
2856
3151
4647
6308
170
5909
9934
4310
7576
9080
3024
2253
8226
7681
3164
7761
7965
4089
4606
6267
7246
6686
8446
7990
9623
1993
3539
6427
8926
6836
6607
6601
9064
4945
3035
226
6571
2643
9488
2873
772
757
7302
1719
1720
3581
7492
8535
3368
192
659
5122
7766
7698
6716
5829
5551
2393
9672
860
1074
3269
8120
5032
6112
3714
7003
7985
5328
980
6965
2220
6634
4881
5870
4390
2604
9906
8263
6718
4868
8672
8815
6886
7469
73
4433
9862
5775
4068
8144
7994
3429
3645
6625
1915
2498
5988
1030
5814
6257
8826
9072
3204
9236
6694
174
3670
1532
2401
6801
6171
6033
3600
2612
3445
5387
496
2503
2684
8225
5825
5111
4832
7967
8616
8436
1245
8930
7615
4825
6646
8375
7941
691
6691
49
1422
1498
3986
6370
4324
1774
3477
7855
6000
2238
4707
1989
8612
7763
7185
2606
4628
6278
3154
2125
7155
9228
289
9794
4435
3416
8237
1250
41
9493
3480
1171
3666
9292
8383
4738
9202
4940
2629
6918
4157
6653
5601
3805
3100
5747
580
5177
5864
9687
6863
9662
7139
8268
7165
1347
8610
7980
397
7363
9532
5413
3350
7817
9274
8314
87
3392
6492
9071
4639
9362
5219
8574
8927
6677
5786
2410
5973
3430
1346
4058
3294
7949
2754
9792
3584
1865
3624
801
5251
7342
7715
7091
1749
281
1638
7518
4780
8710
104
4426
1132
4879
7334
7838
8379
3022
6983
327
3139
1931
2980
8590
173
5917
1314
2235
8921
5916
2214
232
4328
210
7999
6825
8095
2169
8163
9197
2900
8499
139
3258
6203
1998
951
8334
1064
727
7275
4796
2280
744
3291
8062
1954
1515
2773
312
254
107
9545
7030
5012
8244
8145
9712
2548
6914
4774
5256
1583
2141
3601
208
8941
851
5510
3602
1838
5
9076
5958
9152
3699
3466
9198
9649
8765
8505
4906
1354
8267
2441
8992
3226
9341
3646
1948
4298
6276
6138
6622
6161
2733
3752
4194
4893
4351
2121
6352
2290
8255
8683
4154
1663
4197
5641
5516
6743
2079
5666
7329
9688
2443
3994
1121
8571
7483
2819
9061
9706
5275
1308
498
4140
6816
1862
4540
5884
6933
2483
1344
2671
3197
9252
8714
264
9153
1669
1092
8493
3910
4241
9323
3230
9497
5843
9772
127
6152
2601
4288
5233
5563
4278
6518
7070
9971
6134
5678
5915
6638
7463
9826
5709
2638
5834
4898
4020
4489
7719
4685
6319
8840
9332
3342
3378
820
8506
4486
4185
6190
7771
3085
3201
8202
2299
5981
6930
4723
7178
3383
3016
4818
3300
816
9627
2778
7293
1180
5237
9805
4026
5828
9441
836
8870
5203
3020
1826
6814
2765
7675
2812
7875
7166
8679
3231
6497
5840
4658
6798
5190
4363
8667
3282
2399
3264
9634
7768
5655
2086
6264
964
255
3432
1383
1244
2626
7506
9308
411
5818
6515
2403
110
454
5252
9437
4207
2422
6917
4961
9475
1089
6295
4553
1627
4924
790
7292
7210
2784
4454
5109
4915
9995
9300
4911
9213
5540
4013
9798
7172
9677
4151
6577
3995
7781
1904
9449
5584
349
4939
1493
3355
9031
3401
2156
8554
8139
3674
5069
4078
420
1464
3133
8836
4076
3305
3186
7060
507
7436
6421
9870
2510
4330
9093
8388
4579
6432
8749
4679
4568
6679
6752
7705
5477
4423
3192
5409
1950
7358
9619
8553
3009
6839
6968
8308
2624
2796
3323
1032
5472
6844
2690
2288
847
6111
3636
7752
905
1603
819
17
5079
1738
2870
2090
135
1406
2061
9060
5242
4057
5299
633
3921
1489
6109
9757
4760
329
7019
8228
3837
1481
1037
9756
3036
8296
5920
7842
6990
4410
6684
1228
5763
6321
8399
4536
1555
8524
3948
3142
9074
1689
5562
6261
2075
1905
7583
1256
331
6888
3724
6715
914
8809
4650
4069
4633
3410
3694
9148
180
5240
6860
2579
9483
3169
1793
2471
9760
2923
2187
947
7188
8368
8508
923
9546
5342
3925
577
3632
8532
3026
6894
4195
7784
1102
1937
9698
6924
3861
6269
5015
2163
5135
109
5399
2657
3452
1900
7650
8171
2881
8413
5370
5567
7164
5673
5099
7040
562
2428
9720
7431
2062
160
8232
105
7484
8044
1722
1233
8500
382
6184
869
3570
3240
9524
6831
949
375
8518
1899
8191
384
9190
9510
1907
238
4343
6336
389
6377
3335
3577
6213
2292
2960
4883
1331
5423
1544
4998
5389
5659
5832
9174
6446
5438
9877
7315
2829
9352
6465
211
3115
3263
203
652
291
9335
1310
5359
9809
222
9354
4749
5619
1789
7297
7182
5813
2730
4700
1485
9779
6920
5701
7963
386
1981
784
4511
6176
7602
4577
6738
3838
2295
1746
8339
6669
4059
956
4100
8722
1240
2554
2092
4613
5730
5146
2078
5415
2585
296
5695
3412
978
886
8405
2953
7491
7478
1796
2392
8349
7412
1667
6400
1968
526
9569
8335
358
809
8521
2469
8117
9023
5125
8880
5156
2470
5524
685
2322
2034
6929
1979
5142
5113
119
323
7316
2645
6827
4299
9842
5974
6254
4840
3276
5509
1535
4483
5287
6137
4653
3720
2219
4293
431
1635
8009
1011
6574
429
6760
1399
9589
7153
8259
3799
3508
7927
6080
1509
6129
7961
7749
8910
8560
3692
1733
1379
3648
9120
6880
8857
1222
7645
6075
8526
4726
7128
5880
8254
8198
2416
5739
6425
6350
8575
9685
7937
3610
3093
9821
4117
4814
2306
1275
5502
4680
3205
6949
5499
9
9495
9522
6362
4550
8688
7547
1475
9973
475
5536
4548
3846
9155
6581
5726
6626
4533
9089
4727
3520
6561
465
7711
1846
8026
6289
6986
1858
7390
4910
9785
6317
1415
8562
4894
8140
8170
3265
3784
5925
1147
1802
7843
2119
4073
9604
5838
8018
8366
1168
557
2794
8843
2056
5962
6985
984
6287
268
2390
8523
3321
3237
5215
278
9671
7018
3132
5324
8005
3515
4563
561
9721
4336
1969
400
9489
1868
4874
3783
1482
3417
153
6469
1585
8522
2922
9816
7827
5046
7322
5633
4899
4108
1783
4736
641
252
2883
8340
1940
132
6226
7807
8900
8619
8804
6125
6200
5983
6496
4678
220
8920
9838
7159
7239
2478
405
3494
8130
8818
8504
175
1540
2955
1780
4386
4345
4919
2546
5771
8751
7338
1647
9302
2157
1594
59
7086
3806
2397
3210
7644
2676
2313
8874
5198
8481
1429
4286
4302
7724
3367
4306
6648
5440
8227
3352
2185
8359
2508
2988
8557
9462
7343
8031
4326
5293
8987
7993
1343
6250
6106
4776
310
5847
2033
4380
7017
957
8546
3533
8396
9212
2371
1815
7027
9196
2810
4830
4946
5985
3967
6934
1812
8727
6766
1705
2329
9547
4646
5372
8336
6584
1631
1237
3637
7893
7361
1381
6338
7657
9208
2188
5487
6384
1505
1883
7143
4882
3662
1230
5462
5589
6867
2335
3685
522
5045
5776
4409
6291
5821
2450
500
3027
2411
2048
9976
4537
7268
783
4693
37
1339
9528
4250
6764
8657
1063
1013
2758
6987
122
9171
1448
8395
19
258
6451
6857
193
9117
1073
89
7577
9947
1374
6290
8620
4617
123
2698
3491
9325
7750
8661
613
8393
9505
5173
5094
4349
8646
4552
9110
6229
4027
6637
6916
1612
2386
7844
6065
7460
6462
479
3527
4449
823
5530
5353
9310
4121
769
9139
9359
4905
78
2278
5718
20
8051
143
8611
3191
8999
5038
5476
5571
3143
3011
8076
8907
5685
4047
2528
9774
4468
3612
4067
6459
1637
5602
9834
9039
4710
5157
5058
3881
1127
5489
3439
7249
7867
5631
5224
3500
7565
3159
7455
428
1208
2613
3576
5066
3468
4916
5235
4739
1288
1785
1043
2686
6991
1898
5285
4977
3278
5363
8990
8772
9304
4175
701
3512
6172
590
8660
3769
5158
1150
3148
7186
9090
1666
4048
6654
284
7722
4610
2484
5583
4514
635
4474
7731
8027
5881
5194
8090
3399
346
4737
7682
3134
8962
2274
5450
6655
5872
2211
8737
3450
6237
6846
125
9886
7267
6294
1047
4000
3167
7226
2550
6386
2670
4035
9932
409
2769
8047
8850
3932
7529
1297
739
8017
3923
8741
3005
8146
5034
8770
6326
5897
3441
6445
5858
33
2137
8634
8746
4460
8401
9470
3261
1724
5939
2709
7775
5640
9815
7806
124
9247
387
768
4744
5874
2882
6474
6486
7074
4949
7000
7020
7696
3092
5335
2745
7754
6841
2774
2788
5703
9176
8190
462
3842
4669
8460
1664
2860
2552
4541
4488
2303
3493
5781
275
9950
1683
2843
1984
1871
5667
276
5214
3453
8252
9419
9504
9490
8985
1908
4675
9411
6014
1200
2183
4398
1867
3002
9519
2854
2315
5031
4075
1293
488
3732
5744
5660
3490
8016
1833
9286
665
6788
1633
5346
1186
9737
2230
1097
2775
5350
7243
7049
7422
6640
7421
1876
9116
9530
7028
474
3679
4239
7909
9502
9383
6270
4667
8854
7036
2081
6363
9011
3735
8498
6728
7008
7545
3877
6452
6742
799
6115
698
8758
4510
6204
7373
5774
244
8007
7582
3767
3795
6813
2382
1688
6670
676
6117
8659
913
3550
6310
6023
7398
7489
1568
6598
8104
9491
849
6819
1199
4452
9349
7778
9088
6644
747
4892
8081
1425
6874
3603
2060
8948
3288
8512
7087
9311
3296
9974
5261
9775
5711
7828
5650
5153
8594
9409
6895
5036
2354
167
3716
9003
1543
2111
778
4869
6477
9266
6331
6364
166
8585
5761
9204
9226
909
2887
4388
1844
1160
1999
4772
7145
4495
8852
4566
5613
3604
1129
3707
3340
5535
3156
3061
9989
6247
5393
2967
3709
586
8971
6035
9215
6963
6239
1436
2929
3841
8125
9787
5223
8113
4841
3751
4329
5161
3895
5401
971
4242
5362
9678
2761
5511
6192
427
3308
3816
7464
4805
3218
8599
9146
8767
5296
5117
7857
1
797
8798
330
3737
1176
5056
830
6881
1943
788
723
6102
8432
8072
3010
835
5817
2154
1404
3560
6978
4218
5060
7869
9442
8138
8391
9655
8482
8757
1765
9856
3254
6050
5665
5064
4845
3532
5466
7140
399
8868
877
8266
5175
365
483
4391
5404
1658
7948
2907
6808
9789
6530
7368
4152
9516
4642
2840
2360
2837
3564
4853
9006
6460
2869
2529
6774
9281
1112
5585
5344
3048
5391
7151
3984
7589
2966
8975
2098
3025
8673
1646
9379
2330
8271
64
8935
4176
5594
1894
796
742
4575
3647
550
6456
2694
2481
654
9778
7611
2936
4105
9102
8483
713
1522
2699
7570
4850
753
3773
248
9306
69
1365
9195
6845
418
4220
6242
6856
834
9733
3761
6675
8973
5120
4519
3655
658
3076
4833
8318
5595
7670
9053
3800
8849
1407
9560
1680
5528
2475
8669
2232
8717
5075
9469
1801
1315
216
2298
2006
3385
2236
3182
6419
2109
5903
7748
2752
2103
8373
1704
3835
1099
8595
8400
2110
8404
5798
9800
215
1507
3448
5136
3871
3743
5218
9163
8096
2628
7427
5062
8891
8997
5128
2206
1554
697
7258
4364
293
4974
8654
1920
2950
5024
1986
6552
1707
9632
6235
4266
2191
4972
9415
4180
1559
3497
7229
1620
5183
6311
7113
2593
4964
542
868
5348
8790
3331
265
7854
5627
4980
508
8337
2725
5377
2672
6201
8356
4111
5905
9054
5674
2737
3630
1466
7964
4191
7131
5945
5688
2168
7094
3405
4731
3611
8286
2186
4011
3455
7092
5778
8073
5875
722
1734
1114
4307
8442
6544
1807
8338
2795
5469
5334
604
9790
7654
7575
5057
2622
3770
5888
6373
8928
3608
1607
6268
2084
6897
5672
6162
9276
5130
482
4951
2877
1886
4590
1177
3742
7760
3580
4672
6542
1008
4985
1921
7007
5548
6178
9390
8821
612
2227
492
9881
2928
7525
6032
390
884
88
8371
970
2172
2088
7238
5975
1929
8983
618
5455
2594
43
8480
9891
4496
57
7953
1207
1808
3095
2705
1855
5597
2957
4342
9788
176
7668
4889
8633
3029
6852
6191
1195
5336
4655
8763
1480
5347
3172
1675
5209
5322
8135
625
2000
129
4001
9686
2145
5693
7847
2281
8581
2418
5333
4603
7119
6586
9219
5422
2150
5192
2337
4135
5924
7452
9808
1752
5549
6992
7928
2789
7257
6330
6036
8325
9736
911
5568
565
2897
1576
5686
2052
4471
4037
4440
466
4935
1748
1947
7207
383
3978
3102
7029
9986
2559
2803
8449
417
8042
6786
3108
8437
596
762
2247
9492
4395
4925
7902
480
4143
9217
2817
2952
3620
5770
6454
9631
6495
8122
6417
873
3894
3704
6778
7653
7517
1870
8977
81
1787
5341
9844
1420
8641
5221
4314
2713
7511
2901
3804
4753
5321
8097
56
4283
372
9430
8771
7350
6632
8687
257
7274
40
6837
750
6885
544
3582
9773
9371
6293
9960
1953
7404
2234
4095
8173
807
9901
183
5193
1083
5606
1268
2282
9013
3774
4472
7973
3292
572
1166
5991
6034
7556
3771
4771
3310
1775
7845
8952
6643
6503
5527
1197
4677
3270
7313
8155
8341
2557
1609
5040
3387
9963
6526
5512
7885
6374
9928
7136
3897
9105
7045
2352
7303
8403
3171
936
1961
6603
1770
4149
3013
9457
439
3438
5170
7997
8591
8147
6575
8061
5826
1759
6347
6305
3968
929
6588
624
2458
3969
7314
3574
8083
7419
7321
5368
1491
80
3537
1352
9398
9753
7420
2272
6976
6913
4856
6538
3813
97
79
1002
4982
3918
7408
563
8725
8192
5698
218
489
8645
9543
4794
4359
28
660
1684
7667
7808
4291
8205
3464
9414
7622
1304
6077
8114
9182
8
5836
2656
3808
9271
2128
871
3595
8431
304
3950
4872
7554
7108
5250
5025
5637
313
7629
1307
39
8601
9262
9911
5705
916
901
714
6358
6772
4684
2610
8008
3680
726
2030
6564
4734
298
8111
467
6629
7124
7625
6238
9055
6423
4116
6707
9997
3884
378
2855
4107
6339
8515
1859
7203
9740
4005
4990
5646
9533
7917
4538
6085
7263
7328
8363
7406
8055
484
5896
9867
9531
518
259
2142
7958
5216
6002
9238
2898
2520
9640
1835
2164
3344
1610
3696
2066
4232
3982
1829
4430
5008
7702
4849
8895
8030
9751
717
5298
3427
242
6159
6304
2620
8086
3485
5904
3802
4360
4156
3460
1567
1133
5452
5491
5410
8116
1843
3457
3051
9044
683
9118
4093
994
6323
7220
4803
780
8588
3361
9849
3964
9086
5671
4666
6912
7663
2889
1946
1431
7614
4956
8316
9272
764
2859
5799
6155
6824
4261
6604
8671
9630
3558
5484
6926
8333
6017
1388
3362
2867
7662
1156
450
977
8352
4056
8819
9242
7737
6769
2476
11
771
4183
9854
749
5151
4863
4470
3945
9513
7539
3408
4602
7590
1514
4372
5899
7069
8933
5518
4168
8856
729
787
1963
585
2404
7950
356
7005
2862
9058
5225
6534
5570
3482
7646
8753
8387
7621
3390
3815
3078
5651
9100
5243
5132
2792
4453
4074
3941
9134
5803
9397
870
9295
1528
7891
1476
8577
3598
7379
6915
3682
4505
8326
1110
2553
7986
942
4526
4317
8178
794
1348
1373
4809
5519
7101
6585
9358
9059
4264
1284
7497
1118
318
9189
3365
9895
8631
2974
1822
5280
6521
2113
4040
5367
8728
1990
1040
5268
392
8288
9761
2097
5197
2398
6735
1832
4535
7396
6093
2085
5048
191
8598
6004
1360
6699
8593
9754
9234
6246
2093
2268
7486
8241
9145
7095
1817
6447
9831
2391
540
8842
7620
7441
1743
7187
3315
4861
3544
4316
4003
2453
3673
8744
4211
6593
9880
5845
5108
9739
7426
7975
1370
5588
8989
9801
6361
9991
4637
6970
9020
7669
1534
8905
9654
614
1523
1179
5139
8265
9165
7706
29
7976
6141
3640
7797
9277
9029
9855
8925
2632
2152
828
9657
2592
2045
895
1880
6821
5266
9833
5291
1511
7082
1980
3592
9049
1520
4846
1003
7527
7874
4133
2482
6223
5397
4332
9683
5610
8839
9580
7872
1975
4448
8248
8479
2575
7940
8294
5500
3087
4877
5310
6725
4721
7572
2564
1563
9322
2364
9656
985
225
2338
1513
8703
5624
2927
9514
9949
7703
8932
1212
3614
7077
5245
3273
184
9875
6873
7718
9615
9777
3311
224
2302
26
9852
7084
6713
7376
7890
606
1324
8279
2956
513
2846
3768
4292
2787
9091
8239
16
9904
5380
5783
1289
2195
7254
463
9127
8214
7112
7661
1057
1676
536
239
1258
3471
5442
5124
7592
2455
2326
9710
1856
4958
4082
8088
8028
6396
9094
2696
4256
5077
8637
6762
5178
8918
9375
9945
4804
1056
3660
4986
844
4015
9879
9574
650
6340
8194
8896
9355
8369
6297
4989
2651
7032
3971
1380
3554
4995
5859
3489
460
8494
6771
554
9703
3590
5087
967
7162
5956
7536
5189
4748
8739
8360
7647
2427
8929
4764
4164
9183
4104
4230
2029
7240
6572
8608
8534
4438
2567
5749
7685
9923
7085
1888
5459
7202
1553
2538
7780
3519
8424
7800
3876
3931
7942
4775
6060
6697
2560
1306
3213
2190
5732
8282
7558
5188
4382
3496
1964
1842
4098
6265
6381
452
340
4768
9711
5501
1136
2050
9241
2161
4333
5559
1649
6009
7142
5907
7989
8635
2531
2997
2365
4022
2434
5364
149
3912
5572
8304
477
582
4240
15
6734
705
5895
9725
6794
1387
6479
2884
6044
6907
1587
5082
3219
5392
2986
5901
5578
3130
7353
5833
4244
2903
6126
6441
4740
8092
9999
5954
7630
1659
3341
6893
3243
9501
190
1148
9296
5006
4969
4742
2005
2463
9432
5805
7057
9177
1799
4442
8782
6910
1071
1687
1599
9661
8736
2985
1611
306
7362
8970
5590
2222
2515
767
345
1706
5345
9214
3422
6103
516
8222
6999
3652
2420
6662
4523
789
2667
662
5445
3753
7252
6110
5710
9558
5492
2001
1874
9336
9806
3104
8923
8491
6279
5302
1437
6799
6076
90
7573
919
4184
4236
8207
6909
8726
3698
4081
1581
941
9639
7110
3360
9121
5835
3064
2395
219
5622
7065
7581
7979
9965
5765
6847
4595
9194
2776
3989
7126
3764
5999
5586
3780
6998
3810
2755
995
4855
9713
7058
3314
2842
2377
7607
7728
6832
4983
1361
4248
4718
3325
9668
5644
4923
5857
6232
5504
8323
921
4542
6568
519
6089
6960
9694
4843
3536
5278
5812
4226
5071
6309
2041
3376
8164
6982
8492
4370
9750
7
6784
1782
1657
6749
566
2059
3551
527
1082
3377
6600
1911
9832
593
9150
1460
1574
555
371
5727
3483
2275
8890
7841
3684
6139
8305
7323
1864
8127
1512
8883
9702
455
2310
9907
4064
9218
3691
158
2405
1896
1292
3513
9889
9738
2333
5003
637
8284
7926
5677
3762
6359
3251
9420
300
1243
4160
2663
906
3961
4444
9625
6902
6012
2648
9370
4609
2876
1987
3687
2467
3858
359
5498
4618
2886
9164
2051
5866
5846
9356
9338
437
8531
8729
2077
6130
8705
8084
6536
5229
1504
6055
303
7333
4626
1278
1972
9557
4219
3911
1703
4125
6667
4611
3067
9261
8137
2136
8362
5181
4392
1890
4968
8204
8789
7877
9255
2348
2468
912
1545
960
9747
3065
1573
8780
1495
1696
7325
3190
695
2664
9525
4367
6404
1941
4167
5254
7546
9981
5270
2384
6375
4661
7006
9748
7233
3663
426
5449
4451
1551
1949
3476
6101
5497
759
9951
5076
7954
1879
343
8177
2355
4024
8281
285
2940
5914
7295
3993
8828
2362
5582
4784
5354
5634
1053
8681
3668
7551
2087
9958
1848
3194
5047
1854
3642
8802
6064
6754
7674
5669
5222
2479
4260
5795
4747
4445
647
4437
7150
2963
1582
3184
481
8573
5753
595
8783
5375
9624
1537
4086
4094
5750
1265
3879
5972
2941
5273
6422
4215
7477
2276
8196
8093
186
605
1174
2542
2466
3404
8057
864
1777
6785
8485
4791
9249
2233
2728
3521
5414
2495
3055
194
3944
1988
4931
4751
9745
231
1547
2308
2203
5735
9653
2731
4394
5249
4457
9565
8841
4419
4697
1602
360
6773
8556
5591
5297
8264
3878
6173
8189
7324
1405
1428
1277
8361
8002
2492
9448
367
1369
1928
2609
3916
7945
5206
9520
9170
5714
1372
894
3868
6687
1530
9507
523
147
9843
7793
9650
3229
8643
7897
2126
1701
8887
761
6659
3319
5201
1634
377
9056
1031
7799
3956
4181
1824
3303
2989
5331
8469
3639
4635
4427
6901
1090
850
6020
3991
7138
4594
4007
3275
6780
943
2440
1216
2153
2740
7903
3028
6335
1589
8477
4136
2019
4701
168
2914
1458
7982
510
7260
2584
1455
6761
588
9005
2749
9818
7309
1490
1119
7535
4508
476
1319
8861
4657
9014
9691
9998
9111
6849
4777
7837
5325
1873
7194
9864
2864
3281
7291
271
9959
8649
5114
2339
361
2618
3638
76
5441
4634
7598
9648
8187
8709
5429
731
4571
5615
6514
3384
7416
6464
5877
3952
4031
3697
8058
839
9066
5405
1068
7892
7012
7530
9807
6498
7055
7409
95
2741
9518
808
5085
4810
6688
899
5801
5638
138
2076
2270
7446
6854
4325
6253
2835
7960
412
3659
2028
1541
8685
7093
4365
7122
3569
752
7898
9140
3069
490
1236
4464
2779
5053
5244
8293
2209
3535
2934
3658
9506
7638
5577
5084
846
2726
5027
7356
7957
7127
2261
9927
4534
5349
2423
7134
1521
8882
6480
7449
1668
7923
2340
2421
952
4631
287
7444
1598
7251
8604
4584
1065
6896
2201
9456
7660
2981
626
6468
4436
1120
2597
1721
1891
3875
9893
1997
2768
2213
341
6955
10000
1698
1922
8411
7301
403
1356
8049
2868
9392
5495
9902
4126
7956
3547
6327
9660
9897
1215
2568
1108
4545
9618
3225
445
4247
6758
7148
2933
6979
7537
2825
746
8056
5893
6202
9728
8813
9007
423
1095
5948
4033
3518
6782
5931
4331
9185
8310
7970
8968
9307
8903
441
5376
1337
2375
616
9915
8060
2194
3701
6439
7563
756
1113
603
1577
7633
8824
6240
121
2541
7770
1088
8507
1454
8520
7121
2808
6981
7978
9424
4084
9585
9211
3885
369
6828
1757
3046
7922
4670
6777
1362
573
2356
2424
7163
5612
3252
8103
1502
8915
4601
4275
3974
2999
9614
2627
2977
7774
1916
1285
5793
8423
1249
930
1072
204
8430
8195
446
2257
2096
841
4763
1117
223
3983
594
4831
5284
6357
8911
4790
2798
5360
3526
179
7501
669
2662
5383
1902
2456
9191
7022
537
6332
1958
8274
4411
1039
3891
900
7933
9123
9386
4558
9018
5848
6745
7304
4901
5227
8068
7692
4507
6403
7075
6919
1270
9890
3677
7753
3124
470
6516
5308
989
8478
3309
7921
3212
8579
7056
5431
812
6230
9599
7298
1198
3763
7896
6710
1571
1468
5052
3268
6988
6252
5282
9461
8475
6099
5061
1016
3531
8124
6717
3947
6466
5764
6394
7280
8964
1713
8691
734
5537
5656
7562
528
5713
7437
6353
2880
8344
4087
2683
9268
6108
8961
1301
3183
9113
5715
7318
9846
7228
7789
1517
1126
9651
6937
6406
6402
9498
775
3653
2279
7747
6973
9472
2202
3339
2223
2106
1492
3754
6124
9077
7515
716
7465
7955
9244
8300
8994
4202
1570
5706
3823
8181
2366
9046
6500
6056
4124
8624
2133
4623
7042
1154
4984
4886
4565
12
1287
1882
9427
3736
3671
7974
4270
8010
5402
3222
7330
6058
4513
9731
3919
2439
6815
3487
743
4187
7104
2596
2115
8131
5618
9622
4263
7375
4544
2160
2314
337
9598
5800
3338
1376
1592
4560
8872
436
1569
5067
4660
1877
6681
3820
529
4213
65
2385
3394
3018
2379
6618
6003
8315
617
735
2224
6567
5717
453
4334
2939
7587
9233
7951
6049
295
6391
9905
4487
3185
8775
7488
1447
2241
4205
443
6550
7532
8169
9556
1279
2256
6027
4865
9291
2558
1443
3705
8678
2080
1375
4282
6705
3137
3814
9403
1104
7672
9554
7665
3622
7642
3041
3516
3008
805
3187
9938
5654
4028
9369
2204
5195
1590
8569
8311
1811
4942
9723
5355
1209
5319
3249
8094
7826
1384
5900
7344
9899
818
9759
2799
7557
435
2850
2968
3195
5493
4159
4461
3150
763
8455
3295
7704
2772
5361
5546
9248
4967
9825
3053
6088
2727
2839
8712
9451
6473
7405
7538
9035
1435
8218
4224
9674
6661
6146
3626
4578
2149
765
3927
5467
8142
2502
1932
292
4689
3393
7157
6392
8428
6485
6095
3760
8370
6150
2138
9617
5649
4257
8033
629
5694
3656
5457
5979
2899
8774
9758
4477
2363
1506
4113
670
5272
9263
6282
4090
2361
3114
9019
8390
2217
6719
840
6449
7035
9453
6925
9550
551
9562
9131
3616
1098
1773
93
9861
515
2460
6487
6951
8626
3096
3084
262
7213
3715
8615
2504
3703
3733
7735
8166
2358
6606
5784
5926
7635
7983
8732
687
8623
3870
6341
5760
7326
680
9858
4305
8461
9610
535
7156
972
8472
1913
3524
3874
718
1433
3664
4233
197
8596
4884
6623
3935
4960
3330
4709
9735
1041
7479
3510
821
8365
9299
7365
1556
6005
1881
4030
908
5121
7217
2489
7594
9382
6354
4478
288
533
7123
2707
2984
5167
9559
4766
1028
236
3174
2316
4066
4785
9682
6724
6277
1813
1368
9872
9000
568
2971
5230
9312
4210
3075
7814
7378
6286
6383
9568
1654
3920
8653
2756
1860
6512
8234
1045
4852
459
3415
1671
4975
6883
5922
3792
114
8988
1878
1298
7930
3188
7090
471
9422
1018
2208
706
9884
4873
6296
8434
9210
4878
256
2148
8899
3112
7786
3082
6524
7201
6038
4312
6899
1042
664
4249
9693
4374
8417
1438
3675
4347
9752
3900
4450
297
3538
5255
4735
1614
837
1927
3462
6011
5777
228
6984
2387
3904
6993
1038
3578
5400
134
6597
8779
1715
6478
1952
1613
2574
545
415
8766
2347
4521
6062
1529
6225
8322
351
8331
3397
2108
9924
879
667
7503
4686
4717
3371
7943
7062
940
2053
1875
8412
8865
4957
338
2305
1335
2764
2378
4937
1046
798
1745
6008
7493
4192
2969
3091
4193
704
8102
1565
7319
3710
6371
2321
4402
817
4214
3442
157
2464
2718
3117
4101
9099
1469
6943
2807
6590
6436
2872
3863
4815
4612
8043
7795
7591
6083
3834
9047
1262
3552
1831
5143
6195
8803
7507
9467
3234
571
8916
3217
9601
7100
1717
7550
6071
7858
9290
7434
4425
8321
9200
7600
9670
3326
2815
4131
9331
7613
2473
2581
2738
9664
8823
5049
4839
6063
800
1923
3152
5020
2374
4504
4866
4109
2951
3097
2165
1109
9107
1430
8035
9839
2806
6889
4147
5670
4648
1273
9776
8032
34
8235
4936
6658
8501
2841
3893
6627
5883
8822
8465
6217
53
7632
8884
3629
2517
7266
975
1221
309
3428
3110
962
4189
9577
6660
813
9909
7407
131
5098
6024
84
610
3788
8831
7107
2124
4096
4062
3867
4340
4702
1366
6633
5507
6156
9955
619
4161
2388
880
23
961
1312
5544
4993
7656
8617
8510
4362
1741
9797
1560
6389
2943
9903
4414
234
1146
4021
3160
7336
1531
7281
5959
101
5930
9563
5259
8087
1758
7616
9138
3402
2146
6418
9714
410
7290
6489
1629
249
569
7910
4408
8409
3765
5417
6007
2240
8582
2902
8397
1936
8001
9083
6123
675
3599
2641
6840
5741
7039
4217
3157
493
4651
509
6537
6887
2158
4811
207
9796
1630
3903
8307
182
8238
965
730
3514
8262
4953
5220
9269
6789
301
8545
5112
782
2493
4622
9705
4876
9765
2396
6001
1305
2994
6892
6736
2263
655
2983
1101
1697
6219
3856
9948
8034
3778
4416
3594
9746
2993
1626
253
366
944
9820
9967
945
9717
7859
4134
165
1434
8406
3158
6256
3672
8684
8327
6783
7521
4271
8866
8764
5743
9898
7714
1457
3478
8984
2851
6908
3865
9364
3066
8551
5762
4146
3250
3193
1062
9644
2920
2965
7038
6143
6855
5033
5231
5277
6511
7833
4800
6104
6051
2616
6273
2652
2874
6430
3946
5463
6212
3633
3718
9380
9344
6298
8110
9865
1141
3917
250
2197
7920
6266
9548
5854
8953
4209
1786
3208
8542
1266
8945
495
1264
8065
7947
2409
7908
308
9431
3123
3316
6476
6019
7015
5525
7821
233
2976
5554
7438
6344
4315
3050
6779
5635
6921
422
5381
62
3431
1327
3966
1091
9405
2748
9823
1538
9221
1557
2895
6931
7732
9158
1753
4733
1225
3503
8250
2254
3643
497
9509
1044
7935
7605
9595
5569
8587
9052
6706
2446
2095
3262
3908
5070
8586
2438
7445
2063
9917
408
7998
1597
214
3089
7043
5137
6635
8724
9143
9942
4041
6811
8435
2144
3676
3400
9374
3568
1423
5941
5481
111
5949
2370
7403
9700
4144
8350
4429
7936
4234
5091
7996
5960
3607
6047
6006
8468
311
4948
4354
7528
3351
6666
7606
9894
4046
294
1223
3962
5430
721
8025
3424
1363
3901
1111
2069
5014
811
4287
5446
8564
4728
8787
1682
1600
2661
2049
9534
9551
3245
7604
9459
7811
3419
8699
55
7803
3444
3015
5388
2023
4627
6730
3830
4492
7585
8416
2400
9484
9112
2036
6975
8820
3990
3864
684
6348
4421
6726
5141
696
6756
1155
3979
8208
8676
3749
4781
4562
3727
7498
2547
5819
4222
9718
8527
4798
1955
5865
4614
6028
9050
8224
7568
9669
5538
8022
6288
8377
6440
2461
3001
3811
8877
2435
8652
2249
2266
152
7053
7787
4930
7312
8382
1648
6941
6281
469
9836
1804
6972
7627
1194
5262
8221
1763
1593
4385
7440
6094
227
7816
6614
7428
5127
2341
7881
631
5625
8128
559
9184
4466
2525
379
6810
74
4671
9103
9223
1926
3324
7288
7730
932
277
512
1606
7125
7925
9555
7222
2494
1309
2459
6903
2605
302
5996
2820
2509
8179
3059
5976
9298
8700
646
4407
3106
6249
5503
1269
5553
5312
4145
5202
7400
1483
5599
2324
8552
6657
1728
7099
3588
8704
4358
8046
6043
3819
9021
6499
6997
549
9681
3255
7938
4361
3220
2155
4795
5264
7287
7352
584
6948
8859
9439
6114
1536
1389
6807
6306
9366
2487
71
325
3304
2389
322
6025
9485
8799
4992
3824
5279
3509
2245
6147
5269
8115
1974
7508
8459
7888
2535
5474
5533
9450
1478
9360
1519
987
7533
6475
732
9201
6183
3959
2351
3957
611
4375
2587
6953
9503
7024
6765
2091
3414
274
934
4608
7192
7901
7505
8898
8995
5824
3571
3285
4767
5971
3239
8621
9480
4018
3998
5550
5473
5855
1690
7693
8257
2346
142
5480
8967
6609
1484
6721
5081
4303
3504
6613
7765
1910
8537
3689
2785
4008
2505
5556
7147
1636
3857
6557
9626
5780
9136
2823
7608
5756
432
9220
4596
4867
7631
9628
4251
3854
6796
9581
9343
5357
8425
5323
2032
925
42
2576
18
7414
5993
9279
1679
8516
1818
6360
7284
1866
5168
7823
3034
44
4172
712
5720
4569
1552
6158
9575
2830
2556
1143
4880
1497
7783
1924
1205
2617
3207
3003
468
8991
5937
2250
1079
2499
8664
6583
6890
2970
1642
9828
7772
6119
4543
2800
102
7995
991
3030
112
4528
5861
8012
2359
3711
6177
3101
1418
2539
5248
8851
6727
8576
4493
2472
598
3785
8407
4933
8440
4921
6018
7680
3199
4050
3522
4909
9468
1034
4012
3729
4698
8347
3327
1193
4799
2619
4268
3756
3999
777
32
3080
2020
1440
9016
3987
7516
997
688
1794
9085
6045
2894
3014
5212
532
6415
6876
2089
770
5768
2252
4529
8745
8668
1595
7354
6748
1024
3449
6650
7819
2537
935
2294
6942
3347
924
7566
2875
9406
98
4163
3657
1027
2973
494
907
8834
2710
4352
8889
539
8319
1525
3641
3807
7513
9930
5005
4201
4228
7180
6835
6082
7883
8107
5065
3177
4296
609
8489
2291
9320
4912
188
6543
2757
5460
8421
5675
6169
9527
6218
9087
9696
6563
4281
1329
2782
3997
2925
4029
4604
108
2457
5521
4788
524
3619
5811
328
825
5200
9004
8354
6711
3499
9315
3129
5427
855
3359
954
3214
5704
1371
3436
187
7011
8474
4515
7764
4097
5421
4574
2838
9763
7829
5257
9410
5731
4368
1226
2890
9452
91
3970
5403
6755
3086
4682
235
150
8706
2501
3836
7636
3651
6271
1917
4589
3654
8247
5258
2447
1227
5614
2412
4420
7320
7871
2532
8589
8258
710
982
5886
2102
8203
9730
9882
1157
7171
7831
2166
1588
6522
5934
2436
9837
2712
6069
1323
6245
644
9399
1644
5042
8708
2042
9582
1350
9517
8443
3472
9966
1853
6395
5579
7183
353
6732
3454
9192
3242
4719
5995
6879
2802
1055
9030
7798
890
1151
6410
3380
1737
5408
1967
1345
5095
3440
8278
1395
7791
8457
9994
2259
4085
5648
3161
8394
5447
9972
6842
4835
94
7277
4246
4819
5210
9521
8463
3975
3227
1692
1313
3004
195
5089
5723
8622
3375
7216
2543
8172
4467
1992
1956
5796
162
623
1851
8174
9827
1978
5620
7878
7339
3232
4812
3170
1378
4530
4223
1930
4885
4206
3549
4432
2614
7383
9324
9887
5329
2615
1001
8832
2265
9227
4691
5564
1488
2159
5300
7196
31
3238
7118
601
5721
9444
8539
5664
9637
6343
6630
7227
2926
9679
3366
117
5933
13
8212
6932
4652
7154
3821
2695
106
7968
5691
9523
4376
7500
9435
448
5074
8543
9876
8220
2328
6995
8021
6875
5123
9940
5037
2944
979
1918
7712
3776
4712
9744
8351
6316
2811
2264
4821
902
9587
421
7744
6964
4564
7079
4954
7272
5365
5699
9708
7785
9780
116
1382
9175
6145
5456
503
2414
4373
2746
3859
5179
3056
3077
6701
3853
434
5587
4580
1625
866
3290
4462
1708
6591
8597
7341
8486
7969
7191
352
8648
1861
8606
7300
8628
5295
645
7788
6704
6868
5406
8402
1049
8548
4300
6346
2417
2721
8680
22
7805
8253
9038
8912
4422
8816
6994
6081
2801
9160
4289
7544
1548
3403
1887
2863
5970
4696
6800
3418
4032
9222
8609
8867
8509
4061
4516
2935
7906
543
6031
1604
642
9572
3825
9946
4806
1665
8796
4115
8640
5309
9570
9840
6900
7048
5769
3407
3992
9956
9350
6307
2655
1137
8830
4641
401
332
3372
5134
4592
5642
3731
206
96
969
1427
6619
3280
7116
2682
7739
8733
2821
7395
3543
1995
2588
7700
9954
9541
5906
4463
3523
5352
5980
2046
9376
2739
2285
2692
3357
7181
9611
4895
8490
8748
842
2954
3902
8917
8452
833
9342
3307
1558
6636
3094
4490
6355
1411
6700
7579
1296
3354
1462
3683
5351
8448
3433
7733
3293
6199
8719
5451
9334
2711
2793
3909
2780
398
3470
7762
6556
845
4034
7205
5944
9389
8216
2151
3585
85
7648
8578
6580
4123
3887
5301
8019
5144
8386
1252
8568
4789
2044
3153
7813
4996
3899
1006
4381
7433
649
4447
8132
668
4857
8123
5184
2429
5260
4743
7473
321
7830
6792
1349
9845
3713
7641
3579
9092
4400
8934
1760
8795
172
8996
9819
7132
6175
51
4150
7102
4664
5661
3772
1153
2691
7380
6068
3797
2633
1994
115
3033
7208
5842
4722
1578
5078
1503
5608
2425
3615
2990
9647
3896
8800
4366
6797
4703
6822
4973
1124
2519
3228
9347
1185
5454
3596
7117
2452
7981
1086
3120
2318
8471
9982
1756
6529
4500
2357
6380
8786
1341
8863
4629
8270
2658
6620
5531
5923
992
3924
9065
5103
4725
1191
2147
229
8372
7540
8950
4237
9841
5658
1596
998
8345
1246
6569
3318
6215
3928
8415
7223
9161
7066
4379
9812
547
3109
1619
3259
4221
5026
4593
931
7276
4060
2744
3052
5722
6345
7067
9330
6695
719
4245
9652
1272
5315
3880
9539
3071
3628
5611
4929
2824
1467
8980
2008
6859
1472
2653
1325
774
6829
3467
5311
4200
8810
4506
1901
2639
1991
9078
1432
5063
14
4208
4913
5689
1909
1695
2497
7723
7721
1283
3561
7944
9916
773
2809
3501
6712
6481
161
4976
8855
689
7311
8914
8071
151
5552
6714
643
2687
6334
8277
1087
3488
1302
5534
9339
7560
5808
3203
1450
5779
9114
1771
5657
8418
4572
9606
3781
75
1229
2301
7232
9762
2122
8792
3386
1959
9075
6243
9314
2239
177
9810
6641
1449
6751
8847
7424
2451
2751
9173
8156
3593
3700
3206
2891
2735
2826
2332
8295
9743
6608
6740
2018
5494
9109
77
9715
2207
4401
320
8301
3717
4481
9346
6506
7475
2021
4043
5483
2231
7659
5435
5815
6692
9953
892
6314
146
2415
5822
7596
7097
3938
9666
7790
7357
3665
8038
7054
8306
3572
9822
2383
525
5792
9479
7198
1019
6869
7549
1847
4918
4897
5426
3301
9067
8695
1976
4802
958
737
959
1004
993
9051
3890
4203
1456
4016
3937
1060
2906
8627
4842
1398
3829
6678
324
6205
7736
1710
1702
8240
7401
425
7466
6197
9032
2685
4114
546
1652
5100
2577
5982
299
335
7580
4327
456
1823
2708
3905
5207
7169
8020
9612
7307
8473
1960
6961
8572
8960
8730
7676
1653
6280
7279
4346
1232
395
5416
1066
6966
7574
6444
6228
3860
7080
745
6367
3940
4531
9070
4554
3758
9133
5106
581
4080
8716
9918
7713
9549
3446
5839
2912
4509
4527
5851
1691
883
815
3105
3750
5820
6325
5860
1681
9578
6300
9663
5307
9590
5286
6776
3644
8045
1479
7285
3818
4599
5700
3534
3266
4591
5782
7559
9278
792
8004
6616
4587
1957
3757
7425
3317
9275
4458
7047
5292
8176
8357
8410
9673
6241
7366
6188
2700
5358
8873
2947
2791
2490
5374
663
2407
7269
3395
3072
4820
8519
2750
485
8180
9969
8052
3775
2845
5621
4914
9361
6757
4959
2283
4834
4970
7442
5001
7727
3706
3502
1655
5059
2271
1533
974
3181
8954
1768
3744
5395
6428
2210
9701
2611
8768
1766
6927
786
579
6092
8797
7504
4823
7415
1841
9122
6562
2244
8053
9229
6333
4170
6834
4052
1390
2179
7230
7597
2637
1017
3336
2590
1213
8261
7932
4934
6458
9326
6668
802
1925
5647
5603
2004
4950
1650
831
2569
1828
4988
3074
4277
4182
7242
2173
6263
1810
8976
530
4177
354
4243
6864
3298
9363
1820
715
5366
6612
1845
1274
3702
8793
3688
6848
7578
2413
8074
776
2719
9015
5929
1781
2010
9396
8781
402
1224
145
