10000
3123
4706
6396
9732
6416
3362
2787
6741
8792
8322
4389
7450
7051
1817
8724
9890
7528
3393
6871
9838
3888
9601
4647
4417
1858
1328
7184
5784
7407
7327
9990
3857
6628
6554
8035
2898
5799
7844
4195
953
1723
3146
7026
5005
9072
3902
2003
499
3573
1480
4476
4800
5667
6484
3771
4907
2501
3992
7392
7338
7961
9998
5278
2219
3498
7591
8988
3637
5921
8067
7599
9527
9014
6820
2086
8530
8754
2331
4577
9776
7343
621
9098
3565
2028
6614
7879
5804
8351
1334
3593
8542
3519
2261
1153
5253
1325
1716
3538
79
4203
5088
9417
4158
8814
2151
9908
721
5609
5052
515
5675
8109
2570
996
8469
4048
6794
5826
4406
3786
3039
8186
5354
328
2173
6355
1771
2880
8219
5907
3912
6210
3830
8415
6536
9493
9248
7029
3073
1887
3575
3903
3720
4352
2089
2884
2752
3375
6624
7762
2768
3364
9087
3967
2114
5571
1719
4654
2302
2423
1565
5427
3933
1766
5662
3872
8882
4617
6601
6301
9130
6262
7
8890
9638
562
9992
573
427
1953
736
5558
1525
3163
1086
4303
7565
7059
4465
7133
8074
222
3807
2405
3591
6109
8505
9654
5313
771
5972
4599
611
4001
586
4445
9751
9555
6349
3023
1671
3682
4052
4918
4561
7597
1986
4830
1337
3927
9628
9536
6354
7265
1351
2976
5928
138
6170
2049
8486
1820
7609
121
8873
6410
9873
8765
957
7818
8976
6393
2932
4388
1488
6312
3974
1970
7710
375
3184
9053
4492
7814
3033
596
8302
8176
2164
8292
3935
3460
1235
9623
506
8009
6956
1938
208
5122
1932
8485
5115
7849
9378
9438
5919
9155
1067
6543
9296
1271
9312
6770
9516
3911
6098
1599
2798
4028
9576
7369
1922
7540
9731
994
4909
644
327
4864
842
6698
3457
8149
1141
5495
6942
3937
5711
4308
6548
3669
682
6107
6012
9621
7649
6609
3391
1987
7103
3286
2756
2622
8256
1855
7842
1315
6395
7860
6492
2569
74
6583
3711
7126
5275
7499
1411
6705
6900
7586
720
4488
7776
5816
9277
5430
4850
1505
4349
8301
3615
9765
2680
6951
2408
977
5806
53
8295
6174
9269
8518
6267
11
2677
733
5385
627
485
7428
7904
3139
7956
5396
4882
6452
5857
902
9988
4984
3723
7249
2552
4067
8205
8360
880
5577
8189
4698
4848
5756
2265
3030
1769
5317
7535
9865
1705
8197
6626
8398
2646
7032
7639
9747
818
6796
5121
5790
3447
4977
6848
498
170
3860
6916
9428
1924
5582
1228
9408
4387
9330
6372
5319
4979
3140
6882
3366
5794
9556
3015
7730
1135
8380
6056
3835
5601
985
6457
7389
9825
422
8592
4395
2722
3369
6253
9635
6110
1622
5054
7171
8095
7140
861
9249
8188
1623
8625
9759
3336
2157
2780
7179
949
6208
1756
9479
8238
7676
3745
7347
5758
4298
6880
1819
9843
392
2487
9444
1647
283
1491
1425
4605
6582
2277
3330
9101
3329
6419
531
509
8783
3655
4359
9655
4988
6212
362
8146
3616
6187
4237
7352
7534
7756
8634
989
8594
7298
4707
4519
7173
3697
6832
3065
7194
6025
5963
9310
9912
8508
9916
7050
3490
4165
7497
175
6509
5553
8247
2208
1561
9064
5658
5515
7664
6552
7765
6303
2746
7237
9738
6807
3906
8995
3176
2047
5735
5016
9775
7736
361
4873
5065
5245
6569
7582
8167
442
7992
2071
6839
134
943
5791
5059
4100
784
2099
5316
6382
4271
1578
7560
5028
4325
4378
3133
1167
73
6607
2747
5851
4374
7751
9456
2804
6160
4892
650
1204
5019
9305
8556
142
8425
4095
2499
8721
6241
8834
5581
8484
3407
2116
9173
8900
348
592
7036
4150
450
9585
1558
6428
9006
6146
6821
6010
8529
2601
923
9419
3182
1515
6853
2965
2637
2090
1541
414
1163
143
7959
3582
1768
8909
1168
4690
9266
5989
4327
5849
9642
1261
4883
5838
4776
8573
8282
5942
933
1823
8802
1848
4213
6202
2474
7909
2779
5512
5800
4439
3010
4061
9610
6014
9041
9537
6715
2705
5034
6351
8642
6265
2512
2584
47
3273
7660
8201
2271
1981
6689
6138
4630
8850
2339
3413
5633
8727
1326
4930
2958
5813
4102
8325
3976
7280
4622
5281
7448
7106
4132
6280
9431
3068
3325
2349
6404
5224
975
8365
9256
1471
1248
3226
3126
3487
5478
3963
3227
5023
3583
7471
9405
2041
6758
690
9714
6378
9511
3687
122
2611
6985
7697
2559
115
3989
5069
6081
8840
6052
9402
8871
6256
4413
4282
6429
3179
5702
1517
8859
5516
7889
2225
4497
2791
7110
3018
1217
5456
4842
9307
5696
932
753
2063
6153
5797
3821
7081
6305
3985
2257
3680
7014
4034
5075
9447
1947
3663
8106
8258
615
5977
6171
6307
4686
4324
7372
8471
9532
1094
7960
7154
6337
4212
983
398
9355
5872
3768
2987
2886
397
7867
7943
5663
3312
6768
1369
9719
7468
484
9653
1371
7566
5926
7342
9144
4360
7039
2057
4746
396
5022
8122
4436
1329
2833
9179
9876
4598
1777
4104
5057
2983
6220
2710
2688
4570
1617
6399
5607
7424
814
5590
5406
731
7115
3291
1945
5333
7402
3348
9940
8723
6120
982
3288
4501
709
2529
5457
6026
6000
3249
9459
6270
8590
3212
383
4371
4210
9613
8150
9615
4748
3258
7625
2036
6125
3574
2788
916
400
1180
6732
7047
2592
6685
1066
174
4786
8572
3122
587
7691
464
6733
5533
3237
5629
7067
883
6002
3234
5973
7204
2982
8208
5216
2293
3062
7229
9557
3335
9781
1910
9658
2895
8752
212
6108
5579
6690
4719
9586
4464
6764
3251
7855
2496
2241
4657
6279
4304
9309
51
5332
5583
8527
9984
9694
7479
3941
6700
9982
8395
8417
952
279
83
8774
3283
2994
5611
3526
6798
7061
2294
346
5557
517
4224
4051
7397
9515
1934
7077
3458
8893
3120
2620
6936
3098
4040
2392
666
8860
8330
8125
6139
4122
1435
2628
6123
2193
2174
9668
3542
2955
1706
5183
582
1192
1472
4681
6857
9134
2066
8413
4507
3270
2784
9855
6795
4820
5904
470
3831
7817
9936
6023
1028
8720
7322
9391
1401
9504
6006
8847
8817
7356
4265
2417
2012
9558
1496
6152
7368
4440
6394
7868
41
816
8602
1448
3986
5434
8058
6745
5349
4012
4386
5946
8861
704
5704
1560
537
9369
5475
2083
711
8202
1943
6982
3150
4334
2453
1684
7300
6711
1652
2317
8742
5093
7644
8567
2374
3868
1061
8184
8711
7502
6192
5449
1423
2612
8547
4586
1997
7455
67
4658
6298
3158
252
3108
3462
3
3571
358
5718
6864
4585
5362
5280
9568
9891
6274
2615
6692
9748
3208
2106
7894
8433
7920
1282
6742
4910
7573
5931
6275
438
304
9358
766
5282
1269
5685
9764
7704
140
9388
8300
9462
8677
764
7887
3367
7256
5215
4916
2386
1239
3414
677
6016
3190
7720
9413
2858
4333
2669
9485
2223
180
8600
6544
8148
551
4720
1457
5431
4026
6004
6182
8718
8490
9209
3278
3279
9644
8061
3563
8481
1960
2246
7877
8607
9627
7735
4859
6250
5873
8378
8393
8337
3874
6323
5588
8383
1398
2949
642
9258
2263
8935
1573
6196
9930
7633
1861
8209
8897
9964
161
9135
7400
2517
5156
3528
8320
1633
519
7764
4526
7489
4627
3631
7917
5403
685
5044
9271
6822
9384
5897
8934
1926
1288
664
9688
3195
769
9681
2182
2711
2486
5881
1792
5682
5788
5722
8174
3869
7885
6844
5880
2586
2581
1045
227
7161
1690
2986
3737
8525
5325
3926
8989
1338
6506
1603
8863
5511
1348
7200
3980
7903
13
6681
3307
541
6603
1567
1722
5344
583
692
7147
5896
7804
186
8962
8881
5206
3661
6999
5837
5003
8324
4601
5493
2879
9715
593
7105
8152
3958
5178
5890
1482
3072
359
9741
719
6189
388
4402
5132
5352
8558
5669
71
6725
2504
8303
5370
8018
24
599
4056
4217
8564
9841
7687
9251
6508
5277
8397
6500
9889
135
3360
4321
9973
3962
1143
8767
3434
7953
3587
5151
5875
5378
8143
5576
5789
5142
8052
2900
4336
5687
5283
7007
5974
4215
5329
1139
4607
6145
8223
9357
267
2636
2603
7947
832
8516
2278
5559
4532
7018
3856
2656
1806
1137
3564
6635
3034
8409
4849
1234
3116
1208
4757
9672
6992
6594
8257
8328
5967
1703
1121
168
9346
2445
8570
206
1237
9735
9804
5992
9987
6704
4993
5979
5074
8418
7511
5129
1036
1294
6641
5386
8441
3373
3476
1664
6111
1090
703
8820
9058
9264
9003
3789
887
6252
7800
9163
4454
9896
4339
118
386
8512
314
5158
3557
5479
6370
1764
4062
9013
6605
6648
462
1263
4147
1102
10000
7311
3785
5356
1381
2307
8702
1778
2056
6706
2824
1319
1427
6801
9769
6309
1990
1196
467
4636
4564
6714
5276
6261
367
1110
7163
6710
2101
4844
8643
494
155
7770
1651
5305
6841
8245
4341
2739
2181
9572
9797
2608
2172
5962
3127
4861
8288
7651
6375
9690
5171
4199
5177
8314
5746
7708
7619
6149
4251
9529
1474
1841
3667
1643
4036
4688
3379
6272
6156
5242
7815
7812
9457
7742
961
4523
1575
6426
4661
1406
1321
6360
9295
8396
3954
6578
3865
7835
4272
7169
5649
3540
8627
9412
7779
5817
379
7944
5810
9717
8940
4259
5375
7648
1668
4515
9016
4819
6631
6644
2002
4843
5693
1921
9551
4813
2437
9629
4998
4166
653
2572
76
8798
1717
2076
493
1995
6538
7678
1456
716
620
2295
1563
5998
372
3387
5823
3609
7203
5300
2665
9117
7520
2379
1680
6221
7631
5976
1592
5116
2687
7745
282
1236
2304
6639
4480
3579
3448
4989
366
2009
3845
4232
8473
5170
6945
594
1453
9151
6589
4857
4552
1461
1911
1940
8040
1267
177
4123
668
3987
801
6781
1017
6776
8707
8218
1763
8983
1174
5542
4126
6344
4970
2449
288
4616
5906
8010
3353
1752
1150
6940
1765
9724
4750
1679
881
1240
3922
9004
2336
2726
3272
1972
8422
8803
3601
5927
1621
5592
5008
879
6720
8822
3377
4347
2242
9281
6519
2514
8491
8073
9743
8580
964
9561
9245
1807
4862
1976
9952
5202
9684
2275
3356
5197
603
1952
1432
8813
8240
3004
57
423
9018
2433
2697
4905
5532
7674
9734
7806
5336
2589
6793
3629
3725
3562
843
726
9706
1862
1008
7620
8701
2908
3089
2228
5688
4898
7340
2604
103
5383
2113
8669
8610
9573
2352
5230
4700
2103
3468
6862
2599
9106
8424
9721
1258
92
8710
2623
6879
3727
9276
1590
1172
5407
5595
5530
3154
2111
2703
2425
7846
3261
241
3708
2720
7411
8552
6903
4105
8914
6089
3551
5335
6726
3213
8818
9322
1935
9531
1303
5415
4927
5647
5207
1683
6342
2123
7128
4981
3512
3756
9308
7315
8029
5435
2207
3231
2551
2948
6459
5246
8372
3156
7794
3014
2806
6287
7246
3445
2668
2095
1114
3816
2033
9121
1802
8716
1184
6313
6814
6577
1982
4221
3828
1452
8185
6434
9858
8253
4908
749
7167
6005
7415
8620
9716
6586
2042
5138
1434
240
8891
3399
5219
5262
2681
8731
9096
804
1357
3025
9711
2332
2280
1230
8064
5210
1937
7038
6769
2505
3452
6206
6033
8961
1012
5860
7795
7686
7271
2686
7857
7727
182
794
9897
5537
2305
4807
9344
5514
9519
4545
8775
1468
7863
2887
1290
1004
3841
8017
9453
9685
3586
9031
1750
634
6977
3064
8910
9401
979
4180
7302
9954
9904
8144
7364
9299
3718
4273
7500
6872
5741
7351
4959
6530
9501
8816
4091
2234
7876
4983
7382
128
8344
4161
5513
8796
7393
7825
606
2509
6065
4424
2082
4093
6379
6703
5264
4235
293
15
2871
4187
8915
723
306
207
4648
6824
3733
9236
7370
7555
4928
7685
1897
9172
1064
1226
2329
3027
2186
9118
8654
8347
1080
7608
7164
6662
2102
3898
9885
4652
4168
4939
8135
3870
1551
5346
8904
6579
2065
747
6990
7004
7202
7683
8657
8266
4253
8157
251
4288
9387
2385
9834
6188
5272
4148
4382
7572
4543
8755
4060
8551
8933
6009
5593
404
3203
4673
3166
2399
9133
6425
5672
9978
5086
1890
2355
2758
5291
5120
1616
6521
2303
9814
1089
7748
5983
9796
7303
626
4415
2557
9146
403
9641
218
6427
7726
7551
783
9789
2200
6353
1996
7798
2163
8528
2220
1316
1105
7252
4353
1832
3863
2137
9008
4663
199
4963
7517
3300
8632
2527
6497
2937
4083
5548
2853
7176
6018
4780
5846
405
1285
2707
9166
811
2300
890
9435
3138
1532
4305
1018
5094
1075
1384
1161
5490
8294
2110
8936
679
6906
10
4201
5638
6485
9491
2411
8806
3834
4127
2588
4672
3152
6330
6889
9522
3833
3995
2309
8042
7375
9250
6347
8353
3521
4804
6297
1928
5445
7261
504
151
5026
378
1629
6184
6774
1339
2931
5819
6442
5398
4968
1700
1761
9104
8797
2838
8736
6717
4530
4793
588
25
2964
8757
5547
5732
4818
5108
3876
3411
1614
7753
204
6441
6608
4287
6946
1601
1845
2409
831
5072
6561
287
2912
5709
3774
5524
9103
3253
3656
6615
4175
3285
3758
9709
9575
9792
5754
7119
1136
625
3572
5684
295
8187
8586
984
3247
3882
1697
4179
9746
1413
8867
9970
2642
9437
3318
3597
193
9839
5798
9815
2395
6073
8546
326
4452
6131
219
9727
8865
2380
7754
9553
7596
6238
5476
29
9471
7824
9022
202
5584
2914
3044
4646
4631
2837
3144
8575
48
5631
1961
8616
8483
6737
7286
4097
4714
4832
8923
9124
577
7206
3008
3153
2796
2583
9763
9730
3747
9332
966
7510
9111
7235
8876
5975
7494
882
6296
3541
7189
8756
7374
6812
9996
7396
4486
6392
4323
5099
1540
3170
799
5133
5128
3352
7490
5070
1347
486
6007
991
5110
8666
8785
4871
4592
20
5165
7840
4575
2516
1775
301
1899
3483
4394
5721
3760
4379
7988
7475
9168
5369
1793
6551
7080
2694
3134
2777
8864
8215
6755
1485
4035
2648
8678
576
2402
9311
7595
1039
3096
7066
9171
3982
7545
844
3284
6719
8131
1666
3804
9580
9512
4462
1310
2448
312
4935
3651
8385
3717
5830
6268
9100
9636
7656
3862
1053
8226
2923
1175
6432
9176
2802
8369
2414
7935
5029
3427
7274
6524
3221
495
6730
9365
2607
3729
9726
2823
8286
9342
9161
384
6779
7695
2312
250
1399
77
931
2027
5988
9707
3942
446
8170
4685
6068
6290
8597
5818
3111
3189
9725
3767
7367
3450
778
8496
1747
959
4119
829
7773
6201
3075
7321
4411
1519
3894
460
5714
601
8404
7722
7314
866
2554
3222
9067
5876
7945
5587
9089
7946
1096
185
1812
2614
5306
6008
5717
5624
9482
8659
6167
2184
9924
2847
8119
2558
2526
7621
4881
6449
4294
3236
5716
8321
2761
3716
1320
2801
7506
6211
2322
841
4204
6838
1991
6550
6684
3794
3432
5765
2117
5081
5889
9545
7484
5303
1744
5271
5603
7149
4597
6686
5212
6385
696
8645
6126
6451
7472
9925
4536
6177
669
5836
5454
2809
5071
3016
9917
1119
5218
7570
8213
8906
5211
3092
2344
7065
4149
9302
827
2070
7996
1070
1857
3078
7157
8043
3776
4499
5661
2988
3887
3165
2775
9468
1580
6893
2960
3739
8741
8997
1743
4569
3919
6140
637
465
6782
6088
8947
548
9465
58
108
855
2283
1691
6013
8647
2140
3991
9126
5573
6580
6420
5832
695
8181
1021
6729
7836
217
7547
3649
1223
3109
9552
3091
7562
1790
9712
1985
5382
6415
1699
1251
1238
3081
9336
431
8658
6788
9633
2782
8715
96
3499
813
5442
3043
381
7875
825
2954
4670
9967
938
7744
6161
9851
4078
6096
8091
3735
5858
8340
8694
3533
8786
3049
9304
5186
8430
4504
1577
9377
524
6802
2738
3691
4584
6133
6606
8857
9948
5295
9494
6938
3302
2690
487
9234
6718
6922
9550
5404
3973
8272
1293
6406
3522
2803
4671
3822
761
9584
1829
5199
1131
8921
345
1203
4107
9571
6143
595
9052
8062
6350
4945
104
1977
6365
4771
6613
9772
6482
674
2715
5882
7209
5266
5172
9828
8500
3052
3938
9153
4426
8945
569
7040
3280
6564
9455
7594
7672
4695
4920
4373
8130
9968
2351
5670
2325
8445
3805
4481
7451
8477
3046
4484
1589
597
3596
3160
5105
2196
1074
1126
9183
6327
8450
7403
4487
9666
6407
5689
2183
4740
7118
3326
4438
8403
6868
2401
2199
7333
165
1148
3431
3361
9863
2273
5268
9593
5555
472
4955
7546
9669
4791
7871
8540
1232
125
2825
7803
5043
7654
9371
34
8653
9976
9370
7793
2435
8536
8994
4421
9947
6412
5958
5954
5413
7363
7882
2136
1158
8355
6162
4772
4836
7801
3465
5783
2282
4256
9423
1888
6676
3508
8729
9951
8173
8621
5700
7694
6910
7731
6339
1127
3031
9368
2856
4070
8227
942
9230
752
68
5440
1160
9213
1439
2440
7148
8400
8831
9806
4328
4340
6917
3594
4758
5803
8138
4085
826
4309
591
4291
8478
514
5101
9490
7522
1047
3385
3621
2633
6819
662
2689
5184
211
2354
6074
1726
2763
6264
1142
3779
3820
1443
9411
1957
5214
2749
8182
1245
1336
6968
9848
5781
6320
6948
2921
970
4738
9565
1923
6302
434
1349
7043
3634
8879
8088
9107
1867
3552
4076
4277
4762
3905
4390
3988
8732
9075
7964
3676
7789
2975
2203
9228
336
447
4571
4041
3978
5807
4723
8107
4269
1252
17
2657
3524
8942
8982
3368
2555
8367
760
835
5077
5039
8356
7663
8087
8504
6679
7593
6630
7307
6667
4466
8824
8903
3404
1513
7934
5666
2902
6505
1866
1509
235
8766
9560
4557
2467
5786
4135
415
1322
81
3345
3809
3145
1760
3205
8472
7143
973
6122
7000
6771
8794
7074
7624
153
7918
9676
4638
6431
8207
9329
4099
481
2524
8537
6444
922
145
2580
9892
5900
2751
1980
5948
9874
2812
296
8614
7828
5007
8576
1984
8108
1497
5865
7114
7413
7969
6326
8419
54
4733
6237
7602
5195
6203
3688
5627
7437
9543
4250
7574
9729
4196
7669
1562
8895
9846
4744
4219
3164
2062
9154
9152
3334
5591
3644
9868
614
5360
5959
8452
1363
6652
1259
6683
6063
233
2079
2704
3299
1469
1164
822
7911
6709
3811
4223
3104
7888
3296
2011
9625
1510
3707
5338
1824
8072
1308
9884
354
906
5051
2045
5612
315
8251
4453
8663
4045
1835
2209
1596
8199
1254
6911
7861
9483
6995
2545
441
6119
5168
5668
443
1113
2166
1891
7950
4874
2250
907
3763
5982
4448
6147
3101
6028
7295
8899
7447
8263
3700
497
9588
1884
3135
7263
7306
523
7603
2740
4632
7233
7924
2808
1974
2251
6878
374
6611
8513
5351
7749
5301
5933
2492
6159
9975
2929
1650
8725
1185
7156
575
9753
3886
9184
1038
7409
6949
1636
1183
7719
1375
3848
7099
4542
5552
4660
6031
9563
9675
1553
6534
2366
9149
5000
8753
6619
2489
1946
4065
5290
3112
3281
6282
2356
1001
9210
4924
7011
8958
4086
2822
6130
5615
126
7214
2944
6827
3773
9877
2786
2544
8712
2256
5091
2631
9139
2072
6785
2736
5153
8849
9083
2439
3981
6687
2764
8142
4169
6470
863
19
7661
9222
6318
9432
7790
5387
7822
9115
9325
9380
9689
3228
4361
2455
8604
7741
5916
2865
2297
4472
8019
5117
6895
7197
7172
1507
1543
1728
4121
4828
1210
3215
9660
8191
4739
508
70
2104
8686
6688
9785
5935
4779
5261
9043
7613
2941
117
9076
1014
4847
1602
8298
5969
2191
5539
9652
5540
9907
7966
9356
7870
8455
7667
7758
8082
3297
3070
1686
809
5358
2443
5522
2520
4029
3416
5432
9870
4189
9361
4003
426
5822
7711
8117
1133
7418
9469
7564
9499
9164
7072
1390
4722
9478
2382
5486
4752
2059
6042
5208
6200
2842
6972
382
3021
3211
728
3744
8569
475
179
3042
3690
3549
7049
8416
3060
3159
2610
8819
2480
4666
8037
3194
1630
1962
1805
5551
1687
7042
5934
2602
5089
1967
448
2053
572
4511
2426
2867
510
8096
3117
8312
9070
9273
7967
5066
395
2334
8467
3766
4281
4202
2916
1672
999
5113
7571
846
1465
7137
9999
9604
4427
1905
1581
7684
4005
7464
9180
8927
6980
1058
8587
8022
1359
6696
7425
9597
3029
8837
9939
4393
505
4260
6511
9619
9404
3854
9656
4043
7185
6697
4292
7132
9318
1194
8868
4295
5011
1189
8770
1250
7829
6621
5279
9373
7587
6114
2180
7158
5986
7775
8352
9262
8992
4517
4366
935
1753
4077
4589
5013
9587
4940
6973
7689
2125
1222
1479
8050
2629
1201
8333
4975
5827
7453
1871
6610
1100
7287
6128
2260
2913
8761
5085
5541
298
2993
4559
5949
7048
4704
6053
5487
9657
1767
8862
1951
9969
8386
5787
2868
1199
1068
7008
3035
6555
5180
8190
8259
1372
904
7680
3439
4815
1115
8946
6905
7523
6504
6575
8281
5255
8059
300
9985
6996
884
64
2724
1273
8919
5394
9366
9609
8039
1800
6400
8750
7052
7076
5918
4579
702
113
5966
672
292
545
4926
6254
6172
3420
2430
9677
9770
5213
7104
1902
172
3701
3357
9051
1570
566
1424
8179
5461
847
2457
1103
2010
1594
2682
9185
3426
4096
9946
5006
7217
7612
4839
9090
2398
2951
1027
6183
5498
8856
2432
2466
8810
8585
4655
1016
4136
1742
3516
2420
5109
5175
9436
5112
8637
8680
6835
4520
1815
8154
9784
8028
2477
5556
1003
5204
5025
1405
3893
3175
2469
5481
6894
2546
3441
2169
8790
998
6976
5570
342
2843
1618
1859
27
5095
4468
2498
3930
7145
6633
6501
4283
3436
6804
3311
4230
160
759
4477
8165
2990
164
578
6604
2521
9590
9122
8588
3047
1274
5009
1
8762
3956
9337
8534
309
1207
1104
4753
8668
3694
9029
4024
2198
254
3851
6368
4013
6045
7436
2594
9793
5477
9102
8740
229
6466
8763
5286
853
3444
7395
9786
1382
4933
6525
5698
4425
270
1939
9088
4649
2144
3406
3829
2818
3509
4423
3430
7058
8489
3576
1286
2864
6518
1157
2950
80
4863
3282
3202
8880
608
4220
5778
2730
1740
1644
3074
4019
2148
4702
2484
476
8719
8114
9165
3782
5679
220
6869
5566
6834
8235
1181
6308
3481
895
4377
9221
5042
4593
2776
196
4301
7743
6653
781
6863
5549
3003
1007
6994
3415
7222
3539
4914
3960
5182
4002
834
4795
7231
917
6487
100
3193
9326
579
1625
4457
7536
4238
4950
7583
7921
8730
8681
4205
8612
159
8828
3535
7557
4991
5563
9972
411
9145
9993
6263
1840
6909
4479
920
852
7839
6756
3819
8006
2635
4754
6341
1437
9315
8222
3513
9240
5114
4039
2606
8086
4255
2538
4792
2451
4664
4176
3507
4074
2018
8407
7778
8458
9887
9630
8013
329
3248
3890
7155
3067
8673
8316
2906
655
4370
2814
268
8772
7457
8507
6278
7532
5729
2064
4274
234
7578
7250
5452
4218
5384
8651
1548
724
4020
6979
6886
6391
5815
6207
2436
4643
3950
5166
6346
5680
3923
8894
1353
1572
5978
9395
990
4017
8693
1206
6017
540
5345
5363
6474
5205
8523
1092
5187
3796
9080
8853
7141
8559
1762
2383
275
3670
2673
5993
6443
8293
265
2945
6657
1361
8192
7487
9156
793
1828
9241
9082
1673
7153
3746
9181
2381
4749
4954
1998
2725
9934
8085
6011
8408
3783
3105
5545
2067
2888
2706
2667
7292
8582
7618
5508
2377
1725
459
2168
5468
837
2537
3169
9389
3559
9143
8033
3383
3417
4809
9390
6398
8499
2201
5408
3728
141
2550
744
4244
9138
1609
3480
4709
4634
2121
4943
9699
6716
3293
3753
8459
5296
2811
6019
237
7022
4548
8501
5543
5
3007
3125
259
1170
7181
6965
8696
8338
618
581
9680
9000
5232
3674
6376
5575
6897
2679
8563
8892
5464
1380
7330
5331
3238
1309
7087
1145
8932
4266
1342
7973
1904
8427
4198
7662
6366
4531
4372
3479
16
8972
3477
7009
1663
3471
8827
7606
755
66
4276
2376
5190
2254
1069
9061
1827
6402
4101
715
5259
3421
1483
512
360
2143
1783
1219
6762
9962
2372
6750
3292
2128
7452
1487
6816
4596
9032
5181
7006
1019
8581
7055
8
2930
9768
5782
5864
6682
4383
6590
8984
5773
7923
75
1134
6526
6362
4788
2345
6532
3915
8758
3372
9303
148
3066
3569
3271
4969
7893
7993
7785
7886
4128
1843
4463
937
9410
4854
9922
12
7443
6655
2192
2783
2666
2639
4016
7834
5923
5796
3875
7738
4362
4245
8596
651
773
1875
6533
8703
3520
8996
9002
5600
3256
5828
3235
8221
3823
3732
4774
8734
2442
7984
8660
5691
3002
5032
6345
3433
5752
7792
7491
3131
3161
7483
9037
3683
1005
4337
4167
7346
6166
1892
2393
1894
7242
5444
457
6642
6471
6620
5995
5193
8550
8123
3392
4767
1816
2855
8951
2940
5914
629
6854
3947
6050
4396
8544
2600
5150
7734
9407
3979
5985
7083
1720
4494
1813
4228
5841
5041
2882
9963
2502
5284
4953
3497
1188
4090
8535
2124
394
2741
5874
8194
9073
7750
387
9291
1878
7859
9232
1144
9045
8129
4071
4684
7268
2619
4047
3839
2566
3037
1403
2471
3397
7977
1883
225
428
3832
7643
8526
5616
5715
8361
5484
2765
8495
8993
2243
14
2299
7530
888
9544
8224
3339
110
3599
7432
2511
8474
2115
3041
4317
9189
249
623
7385
6101
8885
4173
9334
2476
8784
8163
2574
4058
4130
6001
2748
630
5494
6712
2147
7653
6435
9807
7955
1078
1839
6477
332
401
5694
1975
9393
6570
6562
6151
8896
9201
5372
1101
9832
2799
246
7142
9809
8875
556
9364
2000
3993
2098
3245
5424
4803
2723
7640
1377
7851
5701
8852
1073
9078
7255
5371
3584
2286
5623
6792
4717
7091
2974
6193
3057
5654
8578
4897
5850
740
2577
7465
3560
4285
6103
6317
7086
5361
1430
2097
9500
5425
7064
8153
7454
8290
9376
8728
5036
3722
1658
5885
5033
8429
2685
6374
3489
2230
1531
580
6823
8252
4197
2664
1657
6251
2573
7312
8230
6649
954
9063
4188
9795
2158
3641
8878
530
3754
2001
9338
3188
9535
8662
4344
3469
7668
7262
6324
1944
2821
7102
2683
8057
9523
2030
4524
9782
8823
1370
3713
3191
1576
8687
6961
1410
5871
5145
1571
3071
9472
3428
5422
9320
8476
8970
7590
3267
7317
4194
2039
4470
9710
8069
7550
9360
4900
7952
7417
1873
95
5812
7997
4541
6588
3083
1535
4637
1097
2998
319
9321
3751
1776
8273
7456
9300
5390
1499
2561
9400
3693
6158
137
5471
2839
5243
178
628
8359
3997
1656
554
6244
7838
5420
5399
181
5100
3012
4059
3514
9758
7914
3738
2138
6015
198
9198
3443
231
3370
8479
5937
6772
3242
1260
9292
926
6748
3389
3209
4563
6455
688
7198
4936
617
5731
6563
1166
2590
4231
8664
4958
6293
5728
3999
2015
8924
698
5467
4094
9760
9026
9396
3696
7712
308
1050
3764
8846
3757
8717
1084
5365
3643
318
4416
9278
1460
3204
9574
7325
875
1688
1062
1391
5528
862
3734
3390
8517
1850
5087
708
313
9157
8310
8692
8851
5767
9274
5861
2391
9460
1999
9818
1197
6616
812
3341
9819
8917
5750
5795
3726
1463
3525
5227
1978
9878
7740
2947
5825
2465
1506
8908
8925
9439
7841
6217
4170
2621
1202
1685
2535
7843
8539
87
3880
869
7027
6502
4316
63
2478
8973
2232
1798
2981
6954
5628
4574
6405
4068
4522
6035
4620
3233
6195
3765
956
836
5500
563
8497
1178
2757
6572
5901
5692
7349
9060
3638
2326
5903
4307
4833
7707
310
1868
8737
4951
1056
5220
6660
4729
8776
1129
1833
5854
6462
3054
8083
3449
5231
7044
5887
9255
8079
468
4565
3216
255
2175
609
3853
6186
7971
2767
1386
7160
2892
7576
2968
1417
7782
8884
7251
6085
787
6666
4186
2187
8461
5240
8110
8918
2795
8442
8543
238
9160
2005
149
7928
6817
5538
6680
4824
1741
2508
2973
9879
5045
8081
2702
9044
8541
8318
7319
619
6411
6724
4633
368
6438
7116
4284
9505
353
9595
8793
9702
9034
4703
584
1818
6321
8829
8695
6612
6984
7925
3614
9754
3721
8277
9231
4007
8956
7622
1159
4133
2346
3866
1933
2239
5531
9928
8713
5751
8955
8440
4138
3019
7746
3703
6218
3401
6092
2894
9643
5856
2
8041
243
9639
5753
4042
3849
7376
3275
8113
6523
424
56
236
253
3000
6043
8313
4626
4125
4855
8299
1032
7655
4558
1043
6358
7290
9120
1677
3952
3957
2638
9564
257
39
9202
817
3625
4485
9421
3009
3086
8269
4902
4503
364
9467
429
1052
536
7665
4459
5736
6235
483
6539
9931
9136
6866
8077
8428
5844
5504
6599
3464
352
399
5776
3925
955
9577
2258
3970
1796
171
5642
9881
223
913
5520
4680
1527
1444
3342
8315
4184
8845
4628
533
9374
6229
94
4845
5289
5749
458
4851
3295
6790
2206
7553
7310
412
7577
3537
2397
1674
6565
640
9935
7848
9416
1992
4562
6314
6887
2350
6898
9860
93
8423
9362
2078
1020
5774
756
2267
5223
3608
2262
5943
2649
706
4903
8554
7777
6240
3017
5626
3306
8560
1368
2185
9040
9941
7056
4801
5405
7632
6842
8308
5324
9298
3038
455
1566
7515
8605
6806
5496
7932
9178
6332
7970
4783
4297
8327
6060
9875
4208
4612
7386
3099
4877
1031
1555
870
3011
5330
4656
8038
5428
7054
5067
163
1076
2229
7406
4796
2189
1856
4518
1242
5340
6343
2058
7895
3467
1002
3435
1447
7544
2226
2827
8836
7913
1613
1277
8782
1901
1989
3061
6602
2617
5304
5307
1298
3817
1428
8941
6191
2523
667
9566
6651
4527
9259
3478
6397
7435
9470
717
4540
1746
2247
2107
565
5562
90
1343
9773
9893
1682
9466
8638
5328
242
7071
5073
6495
311
3219
8285
5618
6488
421
7266
5723
2150
5763
3277
8609
718
3371
5589
425
9019
1262
7933
6571
4109
9212
730
4886
8391
349
4239
6490
6597
7297
6568
7379
4602
3924
3554
8195
8953
2830
4696
2613
9481
2464
6284
8053
3959
194
6336
4913
3603
7605
9509
3724
9287
4403
5740
2091
7093
8872
7975
4769
2100
9661
5010
7837
2539
4992
4156
8014
5299
969
6699
1593
1803
9229
4587
2928
8036
9048
3344
7481
1171
5842
4621
7294
4555
7461
9700
2320
2224
5546
9049
4430
5831
8051
5678
9958
2371
7692
5929
2412
5677
2907
2735
4365
9849
971
7635
4594
9324
1200
4590
2396
918
2861
1130
7146
7538
1128
3953
1419
8916
518
7983
1470
6998
8447
5879
939
550
6294
4600
9301
8825
3590
2447
3666
4163
6978
5294
3077
8599
8243
5568
3412
9579
8812
2037
9190
6658
6150
2495
5447
7657
9492
1120
5793
7421
8628
3359
6266
8046
5250
8986
8743
9015
6248
7384
1661
7541
303
490
9977
8366
8406
8132
5238
1597
9339
7747
6937
2985
8168
8371
9486
8943
8805
5644
3437
3622
6668
3319
9434
2362
5247
750
9923
7226
2485
4315
6348
6299
9961
9502
1600
5024
8866
8097
4576
1925
8902
5805
6510
9125
5802
782
8887
1431
2660
9195
7892
8733
9426
5734
8198
8443
5315
8248
30
2255
9548
2212
1048
1624
1300
2497
9867
6440
9674
8346
2625
821
7732
1140
8456
2343
8571
9882
3128
289
4115
5347
4489
3847
1574
9742
4140
119
4405
1755
8216
5137
3628
3006
5580
7700
2177
4381
152
8214
9010
6061
317
8229
5521
1695
7469
6288
7085
5078
8004
5726
1124
107
4759
6408
8690
8402
1676
7542
4404
3056
489
9510
9475
2579
590
9736
9409
9692
6247
2205
6944
877
46
5350
1948
4514
4311
3639
6766
4322
1037
6070
461
4734
9270
6981
5400
8760
82
1675
5550
7208
154
4483
8781
1523
9592
7808
5625
2995
622
4
743
5925
3183
6731
8280
7942
8722
272
9533
4966
4925
9778
5911
1959
7788
3461
9598
2609
4629
1659
5252
9750
4200
9833
2389
2139
848
5554
8689
8151
2503
6791
5574
4678
4608
2458
4829
7234
6491
2108
5310
5720
333
1585
5451
8930
4642
1669
5309
9799
9323
7470
8390
3198
3787
1917
7759
1646
6450
6388
5148
4893
789
6874
7285
6993
1733
1362
5061
4544
8691
9497
3162
9812
867
2885
5251
7949
8826
712
28
5908
4973
9749
5143
636
7492
1631
2743
4057
7041
7387
7891
7433
9068
7675
8464
7938
2235
9379
5764
3266
322
9989
9883
9147
5621
9260
4676
5418
6357
6283
1914
2296
3453
1822
4451
445
4891
9842
8622
4113
3844
6245
5031
4846
7131
6430
919
7084
8237
4261
7474
6205
1355
2716
7585
7331
3178
633
8457
8937
3589
3558
3230
4539
9398
5174
3613
6527
1564
1619
768
5671
5898
8171
5622
6461
4240
7129
5743
6593
9268
6445
3517
4146
8656
7799
3408
7257
1692
8262
7144
8835
1006
2919
8031
5357
4653
6046
6767
2899
1049
930
6775
9932
6671
8595
3181
2237
9662
3675
8549
9960
8974
3095
3141
7831
4375
4551
8001
2340
8166
7941
6646
2314
5035
5064
4782
6896
648
8261
5510
7135
299
3240
4209
8439
1420
1331
8511
772
6295
4110
4114
8250
4442
6231
339
9383
9261
380
4400
6132
3971
4595
9
173
6039
571
2939
710
7862
228
5507
6173
6958
6409
1445
436
7823
2006
6707
4931
7693
7682
9445
6694
6859
3217
9418
6454
535
7482
2700
987
1896
3486
9955
2218
3149
7244
7552
5287
9012
8089
3106
2046
4699
1608
3577
3712
4143
1801
6197
4385
7865
6418
9280
280
9218
9237
4790
2854
9780
6446
4257
6966
2061
1409
5163
6225
8841
3069
6753
7721
3595
7816
4580
2877
9452
7994
2762
6678
4715
2849
7610
4899
6269
4997
8698
4144
2074
9762
986
1931
7498
7033
5652
6734
1665
8078
6850
1810
3966
6901
7787
5236
8589
5755
8239
1544
7638
4697
5433
5599
8145
5833
112
365
8780
2889
3346
65
8438
8646
1281
1955
7701
7524
7821
1586
945
6659
3168
5681
4810
807
6481
8375
9042
8401
3137
6169
5578
3749
9142
1552
3020
8048
5393
3778
3192
9159
7212
9192
7637
7020
2841
4888
3567
8708
7028
849
3313
2394
7827
7579
1718
631
6722
3736
4006
5852
2427
1304
370
4721
78
691
2093
7703
7410
934
9097
7486
9589
2719
7088
4773
6810
3951
4619
6855
2092
4727
101
2043
7958
6777
9293
5111
6475
6924
1988
7981
9810
9554
3640
244
3269
9074
1360
369
5068
7459
9540
7873
8354
4635
5472
4159
2021
1162
7109
5269
6116
4708
4500
3304
7796
1193
2459
3223
9129
1579
6558
2624
4816
3940
8913
5632
4433
3119
9341
8533
7963
6255
1749
6115
5155
2564
7833
162
5565
8025
8538
951
1385
22
4493
8566
4356
639
3877
3440
758
2306
407
9449
7259
2342
347
7797
4712
6465
1655
5952
7784
452
7767
3130
3741
1569
7442
9375
9193
7430
7965
745
820
4967
4691
8520
2023
4351
5811
8870
1511
2284
3103
8670
2870
8394
7869
1030
5470
8134
5414
189
9525
2318
9252
7017
9279
4961
9542
5474
4609
8624
5038
2378
4193
4495
2468
3801
8787
738
4302
2353
5107
6038
2215
2328
2848
4211
946
9114
6549
4206
4919
5665
9415
5318
9093
3556
6049
574
5737
7647
7353
5840
2851
2035
3059
21
4410
7607
6095
4314
4582
6656
864
4248
4478
5423
9094
5527
8671
4192
2684
1612
2347
6920
5127
5641
2460
8545
8392
5221
9108
6224
6243
6907
4137
6102
6226
1478
9123
8697
8714
9335
3102
6877
3916
735
4418
7446
7423
8115
9488
7366
8462
5239
9227
7584
2536
3793
6875
1276
1641
7445
6480
7329
5438
5932
2997
7291
6520
2216
1024
3500
8264
3943
2549
4434
1547
4878
4145
8448
4784
8453
377
7666
7919
7729
2400
6090
762
2081
9084
248
5502
2029
1364
7508
7628
8683
3657
389
4890
4887
4578
32
1814
2970
4965
4446
6723
5144
4087
9803
8858
9698
7296
6281
1165
4716
3418
5273
4049
9489
2661
7671
7100
9728
8768
4624
7781
1825
6113
8748
2479
4860
2149
7057
7381
6643
37
4711
557
6986
4736
2978
4806
2718
8343
9902
8985
7954
7478
8633
5509
5323
5947
3028
3136
9937
4441
9220
1964
7853
613
3619
6334
4247
3850
3305
3770
6856
6315
6784
9267
5368
3532
8494
9862
3972
9265
4461
9671
3323
2596
6585
7196
7023
2729
8979
5118
1395
9233
2131
7910
2179
1041
9567
7463
8577
8977
1707
2462
3730
2952
9507
9905
7288
2542
6833
8162
8869
6870
5159
8815
3001
8747
7774
8503
1588
1060
8738
1920
2315
1610
262
7121
5620
2500
6665
7399
8502
6040
1295
5996
8169
6387
9038
3048
4732
2120
9541
9871
6915
9695
167
6693
7539
8139
9496
3984
5772
3260
776
3550
4312
4683
7527
4172
320
4280
5506
1811
9282
2876
9683
9424
2585
6800
6100
9128
7826
5814
9215
4879
2980
585
1759
915
1907
97
5388
5771
5636
7220
850
2816
1227
2491
7897
6168
1789
6076
7856
2881
6636
1279
7866
1059
6559
9092
1396
7359
139
3581
6077
2153
9081
1449
4171
7883
6424
8193
7561
8220
5964
4872
4996
6541
8140
3555
224
903
4934
8451
2541
9175
6991
4889
6789
1635
9914
4111
3218
6037
8968
3301
6361
5489
3896
1795
1638
9693
324
5912
4162
8791
8608
8488
6498
3180
1034
4512
3918
132
8808
2966
5217
9399
9895
8374
7845
5048
3968
6892
4689
4679
3308
7136
3825
9177
7277
5248
5126
5569
6744
3265
5657
6983
3798
9618
50
797
981
6765
7473
3568
8966
1737
7652
670
2627
815
3910
4032
929
3506
6022
9214
3454
3347
1356
2632
4770
553
4037
1484
26
9099
2672
6674
4152
8598
2591
7611
2060
7205
1830
6669
3315
1330
6890
3775
4745
3546
6997
2817
7516
9820
2956
6479
3949
6592
6952
6809
2927
6380
3396
5337
363
1863
2472
3328
6516
3547
4429
3472
4957
4103
2403
3545
7659
2733
763
9704
9169
2088
8128
6371
2359
9632
3553
2050
1387
215
2428
6338
4089
4475
4606
1169
2434
7968
8606
7037
3087
6258
8480
5083
6654
9637
7600
496
2936
6650
2533
256
2820
9480
5191
6373
3485
4142
676
5727
1528
9503
6941
1179
6369
2463
5586
2616
8699
3255
5173
7696
5469
8987
7645
624
2375
7847
371
2832
7627
2319
4778
1407
157
5485
7819
3455
9774
905
5260
976
2922
1481
3398
1283
8342
7429
6584
2859
6165
2038
1530
4431
7554
1786
6964
1516
9207
4008
1721
432
9306
3232
2708
5412
3492
2714
851
9430
944
4075
876
5102
7215
7807
1378
9526
4473
3229
9046
4906
7348
4798
5343
6867
8015
2805
435
8011
4896
9665
2446
5017
4932
7929
1116
4222
6181
892
9869
9611
3705
6319
4348
6970
1265
6517
7426
2568
9608
7922
2155
6751
200
5878
302
6463
654
6316
4777
6157
3852
9559
8405
7537
7350
868
5598
2178
6987
734
2321
8178
2032
874
1367
8233
9208
343
1627
4368
8939
214
7931
9487
6974
5401
9386
7345
169
9612
8800
1512
7439
7264
4949
8249
7139
5970
9617
7630
5119
7186
6414
127
3172
7549
305
2338
5020
8420
1712
3536
7444
2507
5748
7097
1640
6902
532
3063
5534
1852
632
3826
9942
3442
2920
9224
6664
2918
3529
3810
5608
5157
5664
5443
7228
7813
1751
7334
1383
9801
8021
7529
5744
3327
7990
5436
6048
8319
3429
7493
7752
1804
7152
9718
2770
5014
6960
8045
8493
1915
2901
1071
9808
4566
3838
402
8348
4279
1352
3365
7713
6596
3298
1225
2840
7556
1087
4735
5491
4313
8203
6846
4064
2717
9823
9722
6473
9798
1318
1323
6359
785
7716
6223
3944
5915
4467
3488
129
8705
4789
2122
7276
6773
7673
8838
5888
9944
3755
4674
2893
7053
4264
9216
962
4242
1152
7224
6701
7130
2778
3678
2313
6780
5160
8389
6836
2813
1112
6234
444
1292
1642
9783
4350
3515
1051
7850
8874
3759
466
7995
7253
4081
350
6478
2450
1376
9752
2407
410
2655
281
5597
5298
2883
7422
7210
9495
997
2984
7221
7151
6845
3040
2020
3885
6036
7267
6476
686
2004
6708
4904
5154
6963
2692
8522
3511
6086
5686
7107
8948
2701
9422
7485
7240
473
9023
2052
7772
1973
7270
8267
7438
5893
5646
1459
5501
5194
7328
4275
3174
3394
6542
1611
8116
5377
5637
7355
4529
2571
2416
2644
4177
2188
4870
8568
7650
4496
992
9414
2528
6747
909
2301
4952
9206
7976
5690
4546
7357
3677
8964
69
8027
7150
2582
7127
7715
7705
9701
1345
5419
9351
3142
6164
1886
6310
6216
4651
4644
2797
4756
4894
440
3544
1350
6661
873
604
2789
8771
9463
4827
1529
2285
4639
9678
477
2866
2734
4407
7283
116
4009
3114
191
6055
7820
560
1467
6260
8242
6861
3363
2873
6273
4072
3088
5821
2289
4835
2874
5049
4300
2194
456
9397
7940
808
2759
5855
526
7134
8206
5713
7094
8998
7323
3320
9514
3681
52
6080
9137
683
6024
4392
2311
4516
9687
6032
8704
4225
5389
729
2525
9995
7401
6030
9354
7930
7182
8682
1408
5757
1264
7519
6645
1714
8357
274
5169
3504
6528
2080
1416
3531
4397
344
6933
6566
8950
4972
5695
7755
3378
2678
7207
4320
4581
120
5312
8965
714
845
3939
7702
1782
5999
7035
4233
1556
7898
8700
9085
2269
9427
7278
1678
9517
8466
9110
9844
9476
8275
5308
4268
7174
5809
2869
1450
1040
6743
4766
1182
286
4591
9744
6499
4669
3314
9406
8305
5379
9620
893
2670
2515
6670
1404
8276
9007
9649
7905
7090
391
216
1537
4976
4267
5391
5867
1882
8331
9498
9933
1898
5792
1177
8379
7809
5314
245
2176
7078
1495
8635
8739
2654
9286
5334
4054
1029
8434
7698
6329
4765
7332
798
3446
8832
247
6456
9247
8164
8063
780
4731
7724
9238
4693
3671
9071
6849
2473
7420
544
1397
7089
5877
4174
9979
6629
1770
1046
3983
1591
6813
6079
8475
3423
9297
8905
7974
5523
5417
3197
1132
7626
8421
3382
1598
1639
4554
9691
5411
3187
6215
6740
9167
1731
2652
4794
9197
6957
9903
3495
6493
1490
936
2925
7138
8641
8236
9899
9827
4755
3148
6335
746
3079
5766
2281
1311
819
1559
1877
4822
6675
9771
3510
3636
9919
5293
471
5673
3806
1662
3384
7390
1299
9285
3419
480
921
4726
647
9039
2019
6888
8675
1748
1346
7466
1454
3889
3113
4811
3635
7559
911
7175
3610
3094
8175
5090
9105
2429
3093
8384
968
2337
2773
2026
1211
7075
4682
7272
3808
5460
7404
3548
4084
5561
9119
3268
6969
439
9816
9403
2413
1754
9594
2415
8773
7681
6277
1849
1256
5742
4010
2454
8388
3650
1708
7201
8376
833
3290
5674
4139
3932
7699
3405
7488
1605
9047
2291
1065
7623
5046
3129
8244
885
8211
5953
4456
1072
678
8603
687
7227
8746
6084
4694
239
3836
9859
9077
8886
4701
800
8065
2073
3080
3241
5544
9381
7589
7419
5480
5012
4443
1313
9196
2048
2794
4825
6926
5725
2421
7165
9349
150
3626
8084
1414
555
4270
5645
673
9651
2014
335
7025
8911
9538
652
8531
4022
1388
6072
948
680
2643
5922
9911
9603
1704
9915
8335
1787
8137
9943
6439
4978
9949
5604
9127
567
3859
1022
4376
2595
9850
3350
8498
7563
5895
8759
3543
3604
739
5098
4343
1660
9211
7034
928
5997
2118
4346
2324
9095
9745
5395
6383
2522
5884
8963
3523
5106
1696
521
6021
9473
4942
9518
261
1354
8830
2518
3843
4329
3802
1788
4106
5567
6333
2133
1885
5209
5397
1231
7260
1620
1421
2862
4331
7802
7706
1942
8553
6721
451
4737
9640
7760
1246
7254
7408
2202
2961
6988
6059
2249
3646
5960
2996
6825
8506
2597
8630
4865
23
355
7060
4880
7434
9605
972
830
7858
5027
5866
2084
3777
2171
1971
8274
9225
2017
4053
9829
3624
6091
754
3652
8804
4521
9853
7504
8769
221
9367
7978
2268
3878
1249
4025
8228
2373
7769
8118
805
6556
5990
7275
2942
2008
9035
7030
9673
6135
9767
6831
8548
9011
1365
1895
1306
4941
2618
7558
7218
3815
9079
2553
3173
8777
2963
8990
5643
5940
4826
98
7766
1780
9906
3895
8044
616
6127
5956
9720
8583
5560
5124
8789
131
1549
5605
1333
501
7811
1213
4182
474
4458
1893
9433
1956
9991
9028
1302
1963
2152
9766
5930
5179
9091
4662
7718
2878
3672
2488
2418
4506
6546
9682
8931
7361
376
197
6448
6818
5853
5910
8133
774
4866
201
1524
3855
3936
1908
40
910
4296
2992
6783
3642
7709
7431
2781
4852
8008
5863
3561
7373
7874
3424
7458
9980
351
8172
8212
7219
9757
2422
7187
9791
1117
8565
3684
646
9484
2675
995
4761
1889
3451
840
5004
9275
4615
7117
4938
3085
8255
9443
5297
5140
6041
751
3395
6851
195
5326
7073
4533
1628
8510
147
5092
266
5653
1440
7108
610
9788
3731
8026
2365
4923
7269
7739
6811
8735
1522
2543
2358
8519
1595
4342
7912
232
4332
99
2969
4460
3303
9242
341
6071
3627
31
4741
3994
5339
4814
872
7068
2085
6176
7170
9888
2211
6618
3961
9217
1278
559
3928
9191
4947
8124
6545
4214
7518
482
5899
6840
6574
1979
6447
6390
7460
2330
7737
5719
9203
1514
5564
3600
8362
6155
4490
6483
5462
5762
8492
9994
4011
1936
9186
742
3664
8444
3648
8350
3900
9857
5249
7358
1489
6367
9066
5376
7525
7318
503
3157
1441
4831
2634
6830
9521
765
9696
2013
2910
3055
6634
857
1791
6233
1422
1220
62
9938
1241
4929
7238
4974
6799
325
4692
176
2933
6828
5453
1735
1486
3332
9534
9054
7568
4869
2510
192
4249
9353
7580
4471
9622
2130
4241
3259
684
5939
7299
4422
9913
2999
1122
7225
7122
693
5526
725
9817
184
3403
1969
659
940
8460
6932
1774
6289
2025
2712
4987
6259
6934
7616
4614
2819
7985
8377
8200
8928
1314
2662
9524
3438
2829
645
8898
3425
6815
4944
4911
7512
757
5634
3620
124
3799
2292
3380
5708
8111
2272
2482
598
3588
779
18
2493
7273
6094
689
4747
6047
3899
5364
390
2129
6292
4293
3503
7010
5965
2244
7178
3800
9055
9331
886
9284
2142
9009
5503
1503
7101
6136
8844
3220
85
5505
4419
1155
2387
1205
6034
2154
9831
6134
7405
8103
802
5367
3975
9294
9856
8075
9679
7281
7957
1838
4528
4837
795
6422
5697
2731
8636
449
2197
417
9840
6306
3494
6759
6029
5519
9929
4710
437
8487
558
6876
4525
340
6137
3322
4964
2404
2245
2904
1734
7326
701
9971
8843
8304
9663
3611
6198
4120
9194
1715
2370
3570
9056
3050
897
9272
8593
33
8764
786
4000
7899
7614
9441
5263
9805
6931
4986
2288
4092
3920
9327
3788
6930
9733
6808
5683
8454
3053
6749
7123
6178
3969
6433
8210
3871
7293
6423
9025
4743
420
896
9822
722
2785
4330
2742
9372
2605
3692
5938
4432
1730
2298
3901
9333
602
6377
2875
2135
89
2663
1473
9392
6384
1332
1247
8060
1272
7462
5135
3645
7907
3244
1954
8363
713
3945
1301
8159
7002
908
9385
2699
5594
8098
5096
4994
2977
4474
635
912
2127
2016
4982
5529
2575
6943
2367
7019
9872
6595
8532
4004
4937
1784
5058
1340
2145
963
5200
3909
3585
5030
3200
4618
8901
9667
5366
2461
3904
8778
3791
1941
4437
8991
5134
2857
4917
5483
1872
727
5429
334
7881
513
8000
7927
5968
2834
7344
552
4611
1913
9313
7282
8907
6227
5084
2162
665
5353
1698
9477
9450
276
3470
2096
4760
4216
7211
5235
9394
5770
2475
2693
1781
9959
6914
6214
8341
2214
9020
6083
927
7679
3864
6691
9059
258
7714
3338
4258
3466
6311
8334
6356
8156
278
1498
3673
8368
1466
5311
1545
4154
2022
5892
3704
3243
8795
6494
5886
7248
2698
2279
5820
2274
1244
9900
8231
6529
8959
6927
9283
3873
854
6363
6163
3400
2087
6760
7166
4234
1758
5944
6921
6858
5237
3813
4408
3381
9033
8270
4538
4080
8655
6959
4069
5254
1554
4014
9824
1123
5961
1851
5441
106
5745
8952
6632
5497
6381
1291
6185
9920
7001
707
8579
8160
72
525
539
4588
7168
9528
4856
589
8158
6093
6763
1994
2534
2640
6097
2360
1634
4510
419
3264
4808
6627
130
7872
2195
974
4151
9116
5241
5265
7324
5348
1681
5104
9624
2641
4252
5373
561
4912
7658
5775
1186
8463
9802
88
9983
3946
9239
6467
7380
8470
1694
3355
1653
5639
2547
8311
6955
6663
612
2308
6199
3790
1099
6340
9898
741
1626
6739
638
950
1389
8667
529
5063
3337
8287
9253
6860
3840
5951
6904
3769
5320
8912
3990
6673
6787
3633
4455
5585
9957
8068
871
8284
3702
3534
205
1968
865
3921
3686
5192
4412
9464
7236
570
3740
9024
7531
6738
1415
5439
1950
1023
8957
3036
8848
4834
6460
9634
2259
7601
2562
681
8515
8855
1536
9981
4764
4858
5355
1305
1918
7937
6885
9141
2792
3578
6713
9086
2506
5525
1557
8023
9343
6180
6352
7962
7223
9150
6082
7514
5707
2924
660
9697
1738
7383
6286
9631
2691
7304
2659
7195
1745
2361
5808
2696
6054
1098
36
2481
9864
3689
1713
9705
2750
2236
5703
4610
1195
4129
2836
3653
2946
84
8080
297
3107
7982
516
4046
1118
656
7521
5656
2531
4178
7543
4164
2490
7567
9886
8306
9148
9520
59
810
1837
4181
6727
5139
3374
737
6640
2807
6062
6239
3473
8177
4990
5047
260
1689
4802
1366
4278
9319
7046
8358
6057
2266
6069
7440
1779
3147
433
3340
4705
1289
694
7832
9837
9170
9219
9918
5738
697
6105
1393
4742
6121
8161
4380
4787
7362
5518
3761
3867
2828
6469
5409
1645
1176
3132
547
542
3475
9205
2926
5018
9737
8650
9670
1335
8136
5450
8092
7878
5941
2316
8049
6154
9950
9854
3115
3929
522
2909
1109
6285
2221
1085
6027
6950
5705
7604
6117
4384
2112
7987
6064
1095
2676
5630
1402
1831
1475
6389
1327
4326
7412
1476
7581
2369
9243
3422
2962
9254
8640
3225
3955
4082
3287
7717
6939
7900
3262
5957
5321
9647
4509
6962
7339
7241
4547
1436
3996
3914
2264
6213
2897
4299
226
1280
8234
5909
8821
2835
2943
4623
500
6020
7024
3598
3358
4185
2167
1727
7416
5779
2598
8030
3321
4946
4155
4640
1000
5535
5905
7162
2563
8676
1732
6805
2364
7070
5359
4153
7125
5040
6581
5596
549
6078
8619
3861
6257
9616
5437
492
7999
8617
1846
7526
4785
479
4338
8382
7617
6531
3606
8296
898
7199
8644
5185
4971
3005
4447
2737
2917
1138
2069
856
2040
5710
9316
1654
418
1146
1218
8121
2105
5076
6437
8002
4613
7082
8726
1670
1785
1710
7243
5465
8066
5201
6919
5835
3491
2094
1865
4799
5648
9861
9790
8180
8929
6899
1854
2368
7301
3743
291
9340
9787
3913
5984
4262
2007
7247
5050
4805
732
1392
2938
5730
4038
4131
3090
6507
6512
4263
1224
538
4625
1648
6489
1042
7191
323
210
8629
3617
9926
3250
9246
4469
568
8436
6228
2532
1853
9880
2815
4677
1243
6331
6591
4030
3289
5868
7986
8883
748
5285
6625
3254
3699
3013
6515
271
2567
5950
8155
9448
7902
9065
4160
534
7230
331
767
5229
3658
4050
1847
430
4414
2630
6757
1584
1270
7852
7677
3858
8241
209
7258
4505
3892
3496
2384
8978
5801
1844
3171
5829
8938
1093
4812
1077
6567
1013
2653
5614
3263
5062
9187
9650
1520
8101
4112
6436
7005
8649
4534
86
263
1881
6204
5080
9626
2626
4567
2470
8889
3167
1212
7641
5991
6587
7501
42
7805
1373
2109
1809
1044
4183
2441
3772
7449
9909
700
4066
7341
8788
3784
3837
3199
1582
409
2810
385
4018
8364
6458
2238
2160
8323
3891
2959
2452
5079
9158
6647
2190
1079
3881
657
4306
2444
9182
6547
1011
2891
4724
7279
2054
6873
6364
5225
2483
7337
183
1216
3842
2674
1518
8024
5176
8100
3484
1927
6003
8399
9131
1880
5777
2845
1736
9901
4840
8047
546
8289
9562
43
3201
4118
60
8557
2327
1088
4031
2519
8661
649
641
8410
5761
3824
4318
8685
2276
3592
8779
965
5536
5021
1550
3032
2800
5869
1187
463
4553
3410
792
7979
7069
2390
1438
3026
2587
9036
7972
3110
2860
4354
9739
7365
4775
2161
2513
2159
4098
7926
9109
5924
6503
2077
8524
4650
4286
2905
5572
7989
1477
8969
6617
4572
8055
8751
6486
5785
2755
9021
7513
5699
4236
8099
9581
8465
2335
5676
4398
5870
330
9703
9596
7901
1297
1198
3797
9442
5845
7192
9582
4659
790
564
9199
1958
8922
6947
1147
4449
5136
3654
7098
4550
4667
3376
8278
7763
114
5222
1344
2431
213
1324
6637
2576
7239
9317
4044
2270
3607
8514
4227
7636
705
828
5233
894
9602
7245
1739
6112
3118
5327
7980
777
9069
7936
4444
8888
2126
6576
5149
4229
5162
5001
7615
4537
3795
9027
1106
6106
2713
9345
6514
9382
9599
5203
2745
1081
9826
2438
2287
2793
294
878
3224
2222
9570
1900
3706
9429
8611
9363
8971
6
7884
6826
8094
600
123
8437
7575
1534
1870
7120
6702
5862
2456
3781
6989
3082
6912
5056
9113
9017
1266
5883
4781
9836
9359
2494
8147
6124
5759
1215
2204
7906
6573
6513
7896
5037
2772
3934
4157
8981
5994
7880
7232
7783
4063
770
3207
4364
1842
7096
9005
8070
8980
8648
7377
1607
6638
511
7915
2419
8204
6468
8071
373
2903
2695
337
1108
4751
1615
8446
156
7414
8639
7371
3530
2709
6104
1221
1284
1151
7761
5617
8411
661
2075
3884
1983
6623
4948
7305
6843
6271
9956
3748
5292
1025
7063
9910
3351
9578
6044
5258
980
1906
5635
269
3679
1111
7313
2341
5141
8032
8684
356
4108
3505
413
4345
4358
1864
859
9591
9713
9508
5267
7216
2253
8432
6304
1379
1729
133
823
4868
5936
5015
2971
9223
3022
2213
6761
1455
8555
1709
3058
1462
6803
5234
1583
2034
2024
5733
3349
8674
1757
1903
5980
35
2831
7569
520
2774
7505
8217
9779
7791
2548
7183
8332
1797
9927
6622
8839
5768
8232
6908
1341
7646
2363
2333
9845
4725
1429
6453
8104
2388
3965
607
5130
7180
6672
9350
3214
2972
2323
7015
478
1493
8811
321
3612
2210
8799
8842
7188
9549
3605
3331
6142
6918
3333
8584
8090
2556
9314
9761
7951
9226
5847
6066
3518
8672
1492
1255
290
3812
7890
860
7045
7810
3502
3750
7533
1394
3343
4687
9235
9425
5103
8056
3324
9348
2769
5606
4399
3402
891
1433
9606
1107
6746
8854
3827
8744
5834
7786
3668
9986
1063
4190
6553
3097
3186
6736
408
7213
1026
5839
2290
3580
8268
8562
9945
3846
6881
4319
5780
6417
8126
2348
6464
6232
9451
4367
7480
8920
3076
1287
1965
7031
5455
8833
9600
9756
9461
5421
2753
2852
8960
3630
7939
488
7495
9835
1083
9539
658
3907
528
2233
5131
8102
3964
796
1149
6735
4369
5341
824
7757
5426
4134
38
8105
5342
6600
3917
941
502
8183
9347
4088
7124
6925
4838
527
5189
8054
6129
675
3051
4428
4073
1508
5659
1451
5917
1637
6847
958
7854
8949
9813
5473
3084
9547
7193
5459
4645
5619
3252
2651
1253
2578
4728
2540
8652
8613
1799
6051
1869
5146
7360
1494
5920
1521
4391
2863
4535
1808
4867
4922
1993
8435
316
1307
2156
4876
3121
4604
8967
6953
925
2031
2310
4713
8601
2790
8623
7112
8373
3818
6923
1296
6797
1054
3463
49
4999
8307
2826
9830
3493
1418
4498
8801
2560
2844
1009
8877
6219
6677
8326
2728
5161
1929
2055
3316
1912
788
4116
9607
5894
5226
4289
1010
7476
7016
6598
7062
3685
9057
9965
775
2957
5257
6883
1035
9894
3602
6209
1033
5188
5651
8944
6322
7503
1233
6413
5650
4435
7320
1091
3998
3527
3317
9204
5613
7771
5097
1874
1649
671
6928
6067
1156
7284
8468
8688
7427
9140
1533
9474
7723
1214
1526
3294
5060
6560
6144
6695
3659
2044
4420
1464
858
5482
806
1702
9420
5322
4875
3185
1190
4363
7598
5971
3456
7728
2915
3752
203
7079
2771
2051
6148
3143
7336
5499
4033
9614
166
1209
3354
2953
6242
5739
5392
4573
8112
3709
4124
5196
8005
1711
2165
4960
9288
5760
6929
1358
5747
187
91
307
7908
4817
5517
9794
5955
8449
6401
6087
2890
8509
3257
5843
7308
230
1229
7092
6291
6058
4985
5945
1949
6141
7634
5824
7378
7592
2424
8954
188
3309
8279
9162
5416
5302
8370
3409
6328
4768
1772
7190
9646
9030
3647
1604
7316
1836
1446
3459
8615
4730
2406
6175
5270
8706
7013
9257
7335
8034
6403
4055
900
9200
2721
9708
2248
2911
1538
4027
5164
7467
3566
7864
9513
1412
4885
1606
2410
699
1539
3210
7441
4508
6975
1667
7642
3124
6222
3501
914
6246
8291
9866
5002
9506
469
1546
2357
6386
1542
6075
7548
9546
3632
6935
8020
6865
5374
2530
9821
5288
6837
1930
2240
5446
9664
5244
1374
3660
6891
1268
8141
3883
1919
9454
6778
6829
838
4995
6118
2650
453
4243
8521
4246
5724
2744
3274
988
2146
2732
899
3780
8381
4668
605
1257
9645
4015
5488
5466
3948
7916
2850
3715
4513
284
6754
8349
2647
9188
2727
9569
264
6421
3762
5640
7003
5167
5147
8271
7111
1015
5891
1442
6325
136
839
1500
4549
6249
5055
2170
9328
6728
9440
6190
1826
9777
3386
1860
7496
9755
9446
8093
3239
3100
9458
8120
4665
1317
4895
1909
2979
4226
8254
5380
5769
9953
8618
9659
8317
6194
4079
6884
4021
8426
9530
889
2593
3662
8591
5712
7588
4023
9800
1125
9966
8926
967
9921
190
4841
61
7354
8012
960
8127
7021
3618
4956
3879
7998
5228
406
2846
1057
9290
7509
8283
1504
9740
6472
5655
8225
4797
924
543
8482
3714
7780
4568
1701
9062
5125
8412
8414
9847
1916
8265
4641
7477
4821
8975
4560
3155
6540
6236
4675
9132
3206
4117
5848
8309
1055
4290
8336
2766
803
357
8387
4823
1773
4901
9723
8003
5198
111
6276
9174
7688
7629
8749
2989
507
7095
5610
277
2134
978
4357
4921
5448
1502
6535
2645
663
2754
6300
1876
1458
7948
8745
6179
1966
1082
5123
4884
643
7012
2658
7309
8016
2671
7690
454
6786
1587
3710
8807
3814
2760
8345
9852
2227
4603
3792
3977
7391
5859
5902
491
4310
5381
4450
3024
2935
1426
3474
1724
5274
3623
8297
5152
1312
105
8631
4355
1501
8007
5082
6913
8679
44
7159
7830
8665
3310
5463
4401
7113
5660
393
3665
7991
2231
1879
7388
9974
3931
5981
55
3482
5602
4763
1275
8626
158
9050
5410
9112
1632
4980
5913
8329
7768
3388
6537
144
338
2565
4409
1834
4718
4853
416
1400
3177
4141
1693
4482
9648
45
1794
3045
6967
9997
8431
5492
8260
4254
8561
7394
3719
1568
3246
7725
2119
2872
4335
6230
3742
6852
8196
3196
8574
7177
285
1191
8076
6752
791
2252
4491
7507
6971
1154
2217
4191
947
4502
273
5402
9001
4962
9583
8809
9244
4207
109
6496
102
9811
3698
901
1821
2068
3803
8709
3276
6522
3695
6557
5987
146
8246
8999
9352
2132
2991
3897
5458
2141
993
3151
4583
1173
2967
4915
7733
6099
7398
5053
7289
9289
7670
9263
2934
9686
8339
5256
3908
4556
5706
2896
