10000
3244
4940
7186
4928
9351
8259
431
1002
483
655
2065
4567
7438
3776
9117
7611
4011
739
2593
3008
8986
1974
6072
3144
9027
8824
4485
607
7245
9165
239
2148
5287
9718
8519
5161
4348
616
8192
1945
8633
4082
805
6227
5815
5833
3757
6860
810
5407
477
2534
1708
6927
4661
5347
4520
4980
6129
4093
2924
2477
5150
9375
4407
8469
7370
3161
5077
1149
1813
1886
291
3829
7332
8543
3924
1702
8301
9607
634
8240
806
1004
6633
5445
5495
8908
2480
397
3350
1331
2926
428
2407
6159
2425
8720
9018
5297
5960
1539
3662
4963
5970
3241
3098
3142
2298
5910
3322
9769
3137
1427
1998
9598
7644
8089
819
852
1534
6464
8419
9444
6241
5120
6707
4346
1062
9687
3504
7310
1685
4949
5624
9260
1406
7045
3578
2620
3536
3392
8379
9035
7244
9863
9975
6478
3036
7202
3238
9785
82
9302
8148
5197
9819
2744
1579
998
424
1879
8481
6705
1658
9511
7772
6188
7906
3375
7374
7436
9054
7345
4700
6638
4121
9658
2267
7547
7172
9932
2325
9965
5216
1174
5025
1652
8987
4315
8102
9656
2318
8389
6342
7521
8175
997
4585
2099
7057
5182
9648
2885
4666
1061
8453
9796
2397
8345
6329
9138
8177
8434
1369
2007
253
5718
3893
662
1261
9271
6666
4203
9877
1167
7897
6773
689
7162
6949
6163
4848
2928
7881
4807
3239
3382
5239
1634
1034
1240
7621
4736
4095
5225
1071
8005
2197
8312
9606
4149
201
4471
1588
6264
2608
9920
492
9882
687
4142
580
5950
9059
3610
3653
2970
4912
7726
9283
6194
1156
5050
794
4622
7550
2774
19
9876
2737
9941
7757
9633
8607
2278
1664
8938
1473
2456
2725
1829
8601
3372
1890
2691
1084
6812
5417
128
5680
3119
4582
7294
5849
7955
8300
8257
7622
3439
1613
8024
9631
6257
2434
4902
1286
1317
6826
9241
6766
4007
9222
3231
8136
9977
8584
8806
1936
4224
3047
624
113
7439
8961
1093
3314
5991
7573
9195
3385
3473
5142
9845
6900
1125
1653
9443
9267
5298
6417
2076
2169
1575
4867
8879
1400
1619
3205
8962
222
654
2913
9494
9445
8717
9654
1001
9071
4106
4735
9722
6212
8407
8680
4783
7517
5977
8410
9176
581
6243
8459
7252
4351
5136
4519
5678
8621
5127
523
5285
2640
5719
3886
549
7455
6504
220
7114
281
4207
4708
6871
3452
1448
6856
6992
5410
3363
1298
7526
4349
7764
2607
1530
4987
1618
2239
1511
892
3594
9575
1510
9893
8932
5989
4468
8436
2601
4724
809
9404
5814
1031
7441
9135
4863
4869
3976
5805
2842
7219
4841
2380
2290
8924
9800
53
8033
4868
9433
2440
2840
1083
2807
5322
2470
7932
3665
7806
7799
5872
6619
255
351
3813
2729
4965
2083
7239
2862
504
6516
2353
466
6777
6101
589
8808
5904
3360
2467
9514
1735
7233
2956
8631
6686
8529
5691
8793
8946
9469
1781
1882
3733
7669
3440
5995
3236
8078
4362
2632
8476
3170
4132
8810
5657
2005
3673
15
1449
7597
3069
3046
2660
6261
1247
950
1195
6931
5593
1941
7406
9604
5432
9657
8352
7228
4041
4429
3930
1691
9029
4136
4365
9970
4992
4808
9108
1814
758
5934
6518
1965
5104
8398
675
6610
9973
5731
7411
1098
213
2189
9051
831
5022
5020
3221
9744
3482
2919
7164
1377
4064
4433
8551
9911
3355
3654
411
4927
9358
3862
8448
7584
7823
632
8119
1720
6230
2396
992
8953
4952
3724
934
9914
6854
3006
7240
7481
1023
8675
3500
2710
9673
357
230
2105
6735
1235
4330
4406
7130
6810
9612
8679
3899
1228
9001
9303
292
6200
6093
7019
9651
2155
8651
3766
2058
8466
83
2782
7774
5059
8606
9024
27
2761
9299
7479
5114
1376
8673
6972
39
1000
3989
6056
5990
4238
6914
7706
2487
6834
6071
7251
2797
8684
3260
6975
5074
9522
7748
7457
1201
9871
5981
2852
1507
1773
484
3103
3444
6187
4305
5952
3211
2404
277
8665
4068
5435
4655
7826
1249
1897
1990
1597
6282
8564
3087
4256
1141
8207
9534
7909
5118
68
3962
5599
9895
9236
4220
7459
4350
9198
5525
3219
711
7883
3871
154
5172
2432
2279
3646
8841
7787
682
9628
7608
4478
8846
4122
1740
7973
7032
5115
3761
5766
9126
5688
9181
5294
2060
2955
2588
2907
4543
1497
305
6541
9091
8800
9301
5517
7893
4540
874
137
3921
8213
8747
8461
9585
3571
1878
6696
6265
6780
6346
3148
6300
5112
7565
7291
4391
1
9739
7312
485
1966
3269
7163
2131
243
2016
3611
2596
1872
9129
73
9354
6719
8766
1817
2582
9058
1099
5001
958
608
309
885
4739
1045
4033
1614
8428
8238
7176
3449
6368
359
826
8670
2511
9223
8594
942
5251
2030
5360
539
4781
6160
4309
7802
4411
4953
8117
3339
829
3040
3988
8853
3622
3895
7818
3696
1280
613
6429
4021
7729
3843
3997
9182
9409
2444
8104
2000
5587
1289
9897
554
8883
5170
9037
3405
6749
1724
4569
1461
9468
2552
811
8671
3035
4538
3534
6510
5695
2769
1887
3166
4361
6353
1730
9624
802
9616
7646
5714
9888
1973
7220
3807
5045
710
4268
8867
9827
9645
9903
3373
1822
797
5429
7842
6461
3769
9294
9277
8275
3302
9263
458
3037
1623
4400
4205
3454
4270
4943
2300
6742
2245
3496
209
9571
729
700
7042
5922
1147
1275
4877
2252
8562
7451
869
5049
3927
6997
6182
918
8847
7601
8613
5366
3100
3773
2849
8330
1545
4306
5203
2043
9371
5480
9592
1517
2946
8408
3854
3044
6515
5302
7360
507
7440
2303
5877
6791
5079
2003
3188
41
1762
8341
2703
5866
267
2017
3876
1468
932
705
7974
6628
4398
9576
3179
7689
482
8525
8642
847
6698
7136
2319
3796
9318
5998
9421
5385
8778
2471
511
7705
9111
9859
5519
7437
6912
9309
7246
8999
227
8632
6482
3094
8738
2349
8854
7027
3706
5690
396
2372
7776
2846
3542
6027
4210
7098
8423
4812
6276
5927
6680
6701
3274
1989
5670
8934
5204
7971
8776
5918
2400
8891
1279
9791
8004
630
6889
195
1870
8677
8506
4380
2646
5840
8118
9426
208
7914
72
5988
5288
4572
7384
7538
7756
970
1981
1206
9610
4402
6398
6597
8226
8062
117
2419
9867
2545
4880
5035
9717
1441
5694
8144
9055
3300
2686
8156
8981
552
8462
9667
6523
3104
8222
1097
7797
1285
7009
4174
9786
7896
393
681
4846
4936
1416
2468
9293
2887
8909
5220
965
7208
1272
9987
6411
4510
8545
857
9548
2332
1572
3155
3621
1938
9191
1582
3494
7211
5254
9493
5999
9350
3222
2734
3323
6242
9402
5157
4026
9038
7184
2195
858
4729
4440
403
9151
89
2229
5619
6588
2655
8865
6363
8791
4185
8195
9869
1738
5419
1079
1803
8191
6957
969
8614
5778
7965
5256
1823
8377
6201
8858
43
9227
5632
795
6655
2789
7810
2556
8602
3735
815
2689
6688
3361
6934
9266
374
2335
8678
5146
7657
8029
3433
2034
2886
271
105
5537
8940
5892
440
7699
2338
108
9413
1236
8544
9406
3791
9540
548
5959
9771
3519
7561
4942
8338
5181
9344
3191
6583
9128
4054
6177
3628
8143
1819
1988
8963
859
5709
4723
3245
9501
4197
4140
6817
103
8550
7243
5628
1976
9539
9156
2829
5402
3626
9023
8041
2321
5252
3058
6568
2226
3066
7809
245
3647
7068
9532
232
2401
1108
5037
1911
4511
7366
933
4512
5744
4557
3797
1834
6492
9034
4303
7701
5687
4231
2458
54
7620
1355
949
1550
2854
2235
473
8471
1769
6085
4681
9470
7338
2089
6951
9194
6215
9076
4085
5260
7100
1457
753
1157
7839
9747
6959
9868
8126
4629
4278
744
6321
8813
4087
2541
3919
1921
9081
7990
9789
3082
5743
1210
6915
3216
7161
3212
18
5343
5928
1660
8812
5168
9019
2509
494
4358
5271
708
4356
3333
2357
5046
5140
326
7567
8241
8420
7956
8889
63
8055
1274
3275
8926
4092
618
1197
3220
302
1912
3535
9783
8187
4302
1934
4017
4331
4324
8354
5830
3945
2256
8598
2299
849
1357
4759
534
3865
5354
9519
4915
4377
7681
9383
8872
6134
5413
5650
2559
6456
1859
2293
3131
1792
6726
4617
6457
9459
3041
5420
2422
6636
3760
1505
1160
6769
9625
2361
4101
4424
9442
5185
8109
2922
7696
8253
8988
9453
3093
7979
2856
8209
3015
4956
3726
8331
543
2475
4514
2573
3576
7298
671
6649
598
3181
9348
1840
9123
5676
9243
6356
4624
2231
1644
5193
80
1810
5945
8495
3564
9201
767
1902
5953
7994
6802
1598
9340
4612
4916
1493
9279
3242
2603
8025
7983
106
7755
8297
6863
8291
7851
6598
4970
5213
9619
1868
3080
7288
4908
730
6082
6784
4459
1142
8421
629
6790
3756
7266
5102
5956
4134
3384
23
8928
3502
9741
4251
7715
1066
2081
9790
4113
3287
8171
6741
8748
35
5702
9036
5555
6820
8653
8432
6557
6322
7492
3948
9434
8600
6250
6114
7585
8608
4734
562
6439
2576
8980
4028
8663
3146
5887
2762
9385
4393
3436
2967
8249
7506
9618
9577
8635
4229
5786
3092
6273
9719
1158
5631
4609
7334
2735
491
5047
9583
1443
2696
2625
7286
2186
6294
4923
5834
967
7067
2860
3580
7746
8163
4860
8935
1861
9765
6289
4077
6581
8517
8880
3606
8155
6503
4058
3727
6141
5648
8313
9432
7504
3177
6489
4623
1797
16
9072
5516
4172
4048
6660
1524
926
2617
6618
2347
7970
4258
1522
6009
1609
2069
6223
400
6377
9983
6173
6923
622
4187
4177
4189
6498
5075
6846
3488
324
4456
2331
4818
7875
5023
4646
1155
8299
1051
8294
3430
7058
6637
9250
5456
7735
2277
3197
1555
7804
8085
1649
9088
9424
6220
8362
7682
6529
6692
6948
4211
9338
7941
7377
3954
8478
759
4382
4418
3859
6717
6758
4257
6410
1130
7147
4692
2568
7043
9476
6107
1402
7069
8641
3804
1693
7874
9891
4293
2688
1818
3929
8536
3675
1509
1495
3537
4677
2254
5902
1016
7460
5557
9002
2547
8359
6549
8764
9703
8553
5388
6295
7516
2893
261
3237
2108
2880
1767
1081
4947
392
5569
923
7170
8067
4971
578
3913
3637
6462
4392
1423
6438
7502
3347
3027
5186
8149
9242
6083
4858
6561
834
4470
4484
7469
4116
6602
1409
3892
9395
9605
5481
8439
9306
9725
7305
5401
2863
8668
6318
3032
714
6123
5249
7295
8140
2687
8111
4490
2796
603
22
6156
1243
9762
5238
3956
3961
9139
4772
4295
9185
2383
1407
8563
9013
1169
9664
4861
9496
189
8790
486
335
2050
2539
7724
8949
7796
7604
6236
4249
5943
2814
1251
4439
5159
2381
8358
2563
5248
1458
96
6166
8442
5563
4899
1916
7237
8888
2983
1432
6153
9197
1049
960
3911
3128
7845
7779
5190
7654
1856
5964
789
6697
3680
6076
6857
8099
7760
5273
7011
2196
5819
3024
699
5917
5433
8066
4856
762
3968
9000
5279
1580
1287
2135
8801
6042
5016
6828
6065
2825
4779
8743
7485
3722
9547
4684
4308
3933
8568
5852
5762
171
587
7652
9609
3293
5060
6455
2201
8982
7873
3593
3007
6838
2209
9537
8596
7966
6344
3453
8969
7363
601
1334
4595
843
7609
5339
5794
5886
5630
990
1431
3920
476
9353
3936
9615
6866
3798
9132
7603
4066
6868
6239
3682
9461
1113
2668
7048
793
2469
102
2261
7713
8655
8077
5773
7848
9056
5373
840
4199
490
372
5808
3381
8121
8715
3478
4193
4354
14
5997
4502
5183
4570
5289
1163
8386
7720
6573
3026
938
3410
4506
4175
5325
9423
9829
4714
1268
4558
4531
9958
3643
4503
2948
1015
8216
8205
9978
5097
4234
5720
2882
6960
823
2881
9931
2663
8095
8814
395
152
9906
9229
264
4787
6664
4253
376
7592
2694
9467
3607
8438
2986
5099
8324
5312
5976
7508
1209
6171
1295
900
2172
3468
528
1592
2057
820
4495
2961
6739
7241
6466
2726
98
2230
2324
4849
1082
9997
7661
8927
3881
7773
9649
7537
9086
7432
7825
7365
4340
7339
2070
4145
3585
3257
2773
4146
9521
7331
1258
3819
4685
7348
6285
5034
5469
8535
2097
4664
5305
6945
186
3325
4300
2082
7703
2228
9986
6079
2071
8533
7610
3012
6505
6195
6145
6326
8260
1895
4083
7081
2265
8074
1709
6708
5378
7663
6611
8864
6418
2120
8128
8694
8599
174
95
2445
7137
6284
8971
6613
8263
4156
2969
2466
6794
3866
6444
8491
3907
9754
3215
1568
6248
2500
1996
5951
4601
7132
738
1356
5763
9257
2002
7376
2023
2685
6920
606
6704
9523
1154
211
5847
5253
904
7160
3595
6999
5522
7389
2731
4075
8618
58
3172
5474
1410
8154
4627
5764
2943
5246
4703
8314
6527
4911
2042
1035
275
2031
7274
4071
322
5876
8150
915
893
1120
9231
5390
1682
4004
5380
6690
9330
9416
9678
6616
7083
3199
6007
401
5471
1309
5839
4003
4032
1877
1536
4552
4297
6862
7952
7626
6154
9698
6424
3904
6408
1569
576
9248
200
3950
6706
4636
4499
3709
7905
8203
2867
7838
9204
4441
6437
3124
3054
37
2531
3421
2426
3533
4261
3353
9392
1667
8757
8585
2999
86
5152
4371
5742
5258
7877
956
9591
5072
9730
7299
4941
1347
4287
908
3272
3553
9601
7028
4036
921
7046
9695
9464
5692
3273
1827
4073
9969
4756
6870
9972
7692
6293
6539
7972
9543
7915
3683
1832
214
8401
4944
9581
9048
7730
8164
2535
3785
5470
3671
2078
2743
7619
4626
4437
6286
1971
7719
5682
4260
6371
3369
9112
7351
1118
7590
8152
641
7501
3652
3095
4562
368
7030
7158
9141
1060
4560
7940
4209
4524
3832
1964
5623
5310
2185
9879
8640
4153
633
7926
8087
1212
2049
3461
8084
4043
8106
8318
9679
3781
619
2908
6354
6052
2958
7044
3091
7949
6391
4741
3147
7792
9336
6847
3428
1795
9713
683
4826
6164
1725
1352
3346
2282
6874
3518
3424
9555
7171
9852
3412
3348
7556
963
3113
2680
5895
605
1570
5597
5546
3048
8361
5283
1556
7392
9384
371
4975
6029
4481
6924
910
8304
4764
5775
4241
3723
5788
2707
8060
6887
2301
1759
804
7420
40
8784
1894
5423
8956
7215
6782
9563
180
3889
5926
7128
8319
1736
2191
9480
3503
3736
625
8396
5616
3588
3084
8059
5715
8229
5189
6473
4379
8366
9407
470
9680
408
5422
6751
3168
2039
6350
626
6180
6259
4501
6526
635
9700
2565
7678
774
5842
9450
6639
6829
5535
9154
2657
394
471
1053
8795
8781
7778
8700
2992
8388
5659
7946
5518
451
3783
1686
5511
7427
7317
5822
3414
185
4417
6725
7542
3164
7029
3484
6152
2811
6580
7444
5078
4793
3826
3349
4743
9724
2215
64
3308
7934
9684
5539
1129
442
3364
9668
6364
3053
3992
6355
4710
5810
6853
9886
9079
8444
2141
8286
6733
3043
8581
7574
4556
8698
1322
172
6099
928
3558
4395
9828
1242
807
6142
7714
6806
5014
513
3065
5813
262
9945
905
527
8132
6750
3546
4321
8803
5855
8740
1612
4993
3019
3703
1643
2656
8264
1337
8429
5751
5313
5835
4500
8802
1718
4906
7054
4614
2160
2767
7653
1784
7259
4535
5673
9520
9417
6883
4078
9269
6694
7187
5084
9602
6333
6779
1250
5827
1088
7602
1273
4042
8827
4672
1904
844
6737
8346
6374
1960
9806
276
2945
5979
8477
4427
4023
3731
2258
6935
1991
5812
2587
2609
7805
973
8972
3648
9226
2200
2728
5478
4820
7671
4138
8948
7198
9478
9414
7808
2302
7303
24
7749
8577
9210
4319
8851
3816
3984
3247
5930
2409
8290
252
3187
1786
2313
4288
4020
5163
6308
5228
25
4162
6772
8901
9159
3195
3255
2379
2741
6190
3742
386
4740
6559
2628
7870
2488
8416
651
9922
4118
680
6349
2512
4135
880
5449
3320
4795
8387
7256
9710
6551
3334
827
2681
4005
9106
9995
7424
5396
7183
4267
961
3846
8723
7308
9745
2110
7113
6133
4758
2387
888
4010
4176
5376
3636
3184
1421
9502
7036
532
6724
8393
3246
2760
6967
2702
4155
345
813
8098
9934
1828
204
2633
3457
2192
3345
1765
5618
3150
5153
4065
7015
4108
4553
4922
1999
5316
9600
9183
1248
6898
5725
2878
7364
4897
2441
4178
9329
808
7710
7089
6709
5538
136
3747
6179
6067
8454
2690
1926
3402
2145
6271
7188
1095
8530
5359
3380
538
2652
2046
87
6383
124
6908
7817
5600
3051
2746
9297
6488
722
348
4323
1583
6558
2532
6127
7333
672
2942
9842
8616
20
7194
4891
8122
5973
7548
9102
1566
2337
1219
7572
4479
1883
3749
537
6747
4194
7993
3285
118
2472
720
3774
9608
3931
7807
9341
9137
8782
1417
2927
2327
3872
2578
1787
6799
530
9025
109
4404
6443
360
3132
3557
3702
2320
2259
3204
1075
6451
165
4590
1068
9213
7403
5149
5721
7675
3856
3801
2009
207
6224
5418
6533
9553
1498
2402
1905
1467
3925
8871
5387
8499
7138
6560
8455
4584
283
3547
2644
6431
3686
7151
4100
2598
7385
1479
8809
1027
1276
9103
9996
6979
941
1344
9833
8687
1836
2792
8580
7326
4130
5468
7324
1681
6729
3450
4141
8003
3755
5869
1853
3477
4031
6844
1645
5093
6228
8479
5671
3342
3067
5296
7688
5332
6713
546
2020
7704
1470
1224
7790
2263
2274
521
3120
4263
5217
7837
6907
8443
194
5209
7781
4401
5644
7472
2855
3916
8730
9816
9258
9726
1424
7373
5848
5345
1089
1997
8417
6361
4918
8496
883
5821
4823
6460
9270
1591
3620
1059
4338
8537
7744
4435
4171
6015
1266
6521
9611
1132
4434
7271
1710
1628
4716
4105
4513
7453
1961
1284
3310
434
8957
4416
2449
1328
2592
779
2249
6095
8255
5245
4855
9140
3109
6459
9663
5042
5364
855
3836
9526
3587
1166
8758
1137
7193
5335
9518
1578
6969
5750
4208
9259
7292
130
9579
9180
5693
5337
6436
9505
8364
8179
3541
5654
138
1127
9331
1329
4688
8510
3809
2764
7579
9471
3228
7090
7232
7899
6534
7173
5620
1076
5512
9801
4966
6990
7951
4039
2187
2074
2386
9655
3038
1341
4120
8130
8856
9677
3365
1491
8018
6885
9682
6652
9773
8920
5554
2666
3061
8911
4352
7408
557
9584
7349
7861
9326
3694
1480
4775
7648
7832
792
8137
5824
6205
7267
6412
4890
5675
3158
3849
7570
3705
1315
2356
7265
4200
3577
3409
940
6867
7297
1552
7433
125
8463
6234
7780
595
4998
9640
7008
2571
3479
2465
7758
3544
9597
5893
2836
6543
5171
5129
5094
1986
9967
7879
5206
9497
5415
912
1940
7854
9759
7005
9692
8507
5000
4718
9767
9232
251
9988
1245
7092
3517
4509
9907
4084
4450
8503
9635
3408
3758
2296
3419
3064
5579
4725
4763
4709
5703
4405
6630
7278
6249
5862
4353
254
9899
2122
338
9369
1256
5561
144
6362
9437
4050
6916
6839
7636
9728
1651
4889
2271
170
2015
1611
7743
903
364
3030
1447
9230
873
8497
8682
1262
9124
7904
1412
5483
4712
7936
7235
4001
6490
5081
2390
4494
6738
4968
1038
6940
9961
6703
3374
4605
6476
5606
7335
602
752
8053
1138
50
631
5583
2590
8792
988
7107
6793
3666
1436
1631
6646
1281
5441
1752
5978
7593
4139
2126
3946
5667
848
7318
7478
5807
1749
1131
9205
2244
1683
3604
2159
1454
5735
5574
8959
9614
7447
4277
6606
7723
3822
2149
5614
4746
7922
7741
8266
816
6096
8309
2368
2392
5272
6325
4587
2495
1007
3249
5234
5806
2295
5601
3313
7980
6978
2776
9017
7140
8100
3492
3262
4921
7192
7925
1140
5064
3288
9588
97
1264
652
7553
2654
3352
3909
6954
2354
7426
6771
7307
7284
8501
7207
4454
6414
5472
6670
842
5191
2202
3282
7343
1188
9989
1910
1205
9311
7407
303
9946
4738
5165
1384
4428
8570
2960
5130
5494
6627
221
5954
3004
9011
2749
9865
846
7500
5551
5890
1042
594
8392
2643
8201
1263
8514
6589
593
5007
1587
1714
7520
3598
1979
129
6268
7522
664
7379
7121
1716
7639
3427
9954
7948
4680
911
6582
350
5092
1429
9529
461
9284
6359
8303
5006
1669
6607
164
9930
5712
1975
432
6033
9428
6330
5696
2358
777
3159
4675
5560
2542
57
1335
9662
6348
361
6905
8493
2795
6061
6091
2355
3803
6336
6086
1705
7397
3995
9834
7568
2237
5854
4850
4705
3229
1699
6531
3186
7736
2606
8198
6535
4266
2529
5739
2153
3568
5362
6102
3298
5400
8615
962
7494
6803
7902
8014
3977
8017
4447
6397
2519
404
1464
8540
9127
6609
49
7007
8435
9053
4286
7388
1544
8096
6222
749
7562
6768
3642
9586
3509
9566
4706
2395
6022
370
936
8056
3136
3278
9075
3527
5301
7065
4357
7759
8285
3005
9121
94
9268
6645
9157
8370
7598
1207
3045
9381
7352
8649
6833
7205
7686
8826
5828
3853
4884
9249
8727
6809
1244
5235
6419
210
122
3480
2036
4999
8725
9305
4785
7413
2072
9190
4649
8634
3143
6570
1924
77
8592
2424
4311
1984
3718
1768
6143
4016
6441
5747
2998
5145
5424
2704
3770
4
6878
2526
2436
4228
2520
202
4029
7836
5929
9854
1179
7786
5382
8317
2377
6720
740
6710
4737
9693
2052
9429
4833
7717
4384
2166
7369
2270
2221
4337
5831
4219
5524
2061
7248
5931
4731
8597
8446
3206
1445
6087
8337
9343
4819
9626
2544
1453
9507
318
4574
406
2452
1044
8289
4515
9155
2336
881
9327
5124
4252
2713
5089
4154
3971
6392
2063
9448
2823
6168
3456
8587
1397
6851
6463
1930
9438
3799
8000
8968
2738
4394
4879
3857
7350
3135
5492
6454
8569
5026
2674
6585
7768
3386
7116
677
2982
5641
5083
355
1982
8058
1070
1100
2132
8797
4761
3107
6421
3786
8295
8357
4984
6864
5166
731
6275
9590
9481
4603
8579
519
7999
2214
3885
838
7953
8170
500
2938
7085
6577
1126
5664
8129
246
4827
3499
4937
8325
4235
2799
4067
6525
269
4521
1063
5665
7674
9953
1553
4551
1528
5155
2834
6970
9672
1109
1252
1892
2677
9473
6783
5530
219
4696
8404
9952
5820
1907
544
2780
7393
4496
5924
3763
2352
6813
7222
4326
3317
8603
7014
5669
6396
2634
5506
1428
3034
7224
2575
8941
7484
4381
6693
8881
5596
8457
5993
2647
4695
5327
134
2583
182
4751
8674
9314
3497
9898
4188
5836
5221
2121
1456
1080
4789
830
2482
2152
2847
4052
59
6109
6795
4990
4466
583
5439
8023
6998
6519
1798
5635
3787
5868
4504
5462
7143
6068
8110
5881
7421
9641
5562
263
6495
6984
2623
1646
8890
7270
148
8859
8015
362
4056
1455
2953
1102
7398
151
342
3020
5394
5455
8083
3873
4131
976
9347
5117
2819
216
4508
4431
1305
8092
4780
9339
7076
9419
4420
1538
5411
2463
4061
4733
5923
1360
6338
9010
1380
4694
8217
5259
5545
6897
6514
2951
7462
9559
1629
2695
1500
69
591
7247
8876
1343
3996
1085
541
9708
3868
4545
90
7882
754
3459
800
5237
765
4360
5207
673
1558
6062
1891
8838
1571
7056
7638
9251
4933
4554
5416
8468
3538
7859
3099
2241
8302
3851
7580
1863
989
3141
1789
9093
877
366
2150
6381
7261
6787
3420
311
4217
1472
9170
4307
9825
4744
2181
2678
5498
6036
9885
9787
5698
5771
870
8271
1850
6904
1338
8951
1363
8807
8560
4498
3062
3016
7423
1866
4954
1675
7763
300
8898
8648
9049
2027
8181
7315
398
558
7115
6929
8113
4347
1183
469
6183
9558
502
9621
9498
9638
5510
7524
6872
3261
1339
149
4895
9162
4272
5383
4711
6136
6389
2959
1700
6053
2124
1332
7907
3663
8840
6629
2127
2262
7110
3390
7414
6932
5133
7878
4530
7734
2828
9136
8464
1697
8799
9446
4886
5318
8269
4839
5610
9878
2367
4063
8787
7325
8332
8116
7402
1460
7783
2047
6054
314
3086
84
4472
6571
8528
3556
2639
7416
7422
4768
7131
7721
5741
9265
5156
935
4798
5151
7257
533
8902
4962
8028
3183
26
193
7166
7929
4452
853
2306
8701
405
5010
5844
8650
1105
6593
1190
3656
1862
6567
6819
1194
4610
191
7435
3068
1162
6209
7254
5726
7702
1790
6910
7359
7221
919
8819
2724
1383
2146
4853
4550
8
8076
2004
9788
3545
2750
5459
9778
233
304
4276
4390
8315
1009
2134
9087
6269
7824
419
9104
9192
7513
5265
3983
7185
9474
2173
6366
9362
7918
1144
2947
6196
1366
9212
791
6379
3493
7884
1494
925
6169
1712
9554
6944
3657
1774
9847
4336
9482
526
2051
8745
715
1058
1374
1656
6971
5837
9594
8494
3958
3922
977
600
9751
5797
7165
3370
2622
9815
4274
6509
3833
3512
3707
4086
9220
4204
6830
6814
4099
8925
5379
3230
1304
2684
4476
7279
9841
3127
6440
9944
7195
2238
8538
653
9528
8274
2906
5864
319
8691
756
2813
47
7541
9580
4245
3894
430
3935
3232
9217
9872
5139
7217
3276
6002
1435
947
3063
565
7091
3795
4294
5233
5068
3227
2504
567
4598
9807
1889
7967
659
2184
2699
6565
8708
5826
7074
2085
9196
3194
6373
1717
1373
8079
4750
3565
5969
586
2629
2911
780
2562
9925
2494
2107
1577
2976
2362
9116
7093
2247
5867
8893
2294
5772
8954
5367
5774
7031
3014
4625
2066
939
5874
1560
1128
8855
9846
4904
4462
2178
9133
7716
2508
8994
2156
6251
3725
3081
2514
7378
6393
1257
9564
979
7236
7253
2830
330
7843
4045
93
8918
9252
2775
2997
5730
3330
9144
8082
7588
7428
6019
8753
2515
8308
643
9415
4222
3701
6718
3640
1831
5263
8913
5838
8832
743
4546
9412
4009
3649
1636
9065
4755
2413
3466
4375
9020
9732
7885
3388
9964
340
6385
1504
8746
298
1620
9874
2499
3400
894
6677
9440
3672
7569
4144
260
3951
4159
5101
4645
1909
1364
7342
1451
6317
8097
7986
5629
7314
6297
423
9634
8197
2553
2827
2964
8547
60
1670
2179
9389
6493
7888
5529
1791
2227
7127
5638
6815
1226
9690
2930
3605
2207
6319
3218
4969
3698
7672
4413
514
6415
9209
2510
2194
9923
2446
7665
7814
9892
7483
3590
7394
9821
5053
6012
3429
1056
9364
6030
8383
7050
8754
7963
2476
4477
2098
824
561
8783
8593
8794
4102
3256
413
760
2709
257
2096
560
2496
7117
8817
155
3189
7801
733
8376
9244
1963
650
6818
3597
6465
9401
5643
5232
1277
3025
301
7020
3550
7448
1585
1785
2808
2304
2877
2651
9979
5002
3599
5677
1300
4641
1688
6956
1917
4613
4527
5443
980
6695
658
6893
4412
9637
6420
9120
769
1176
1754
5663
8848
735
3167
5909
1698
8372
7822
9167
914
4847
2888
5936
7552
5880
2790
6612
6508
8626
7296
4114
4777
8825
4006
5205
7134
7613
8194
3734
1638
4821
1551
8248
6679
6422
6499
8235
9962
2342
9067
4035
2898
1350
5013
3516
7850
5832
788
3910
4771
5792
7415
5544
8759
7607
4186
7229
56
6671
3284
6386
9098
421
6888
1576
2708
2112
8559
7633
8877
1181
1615
3563
9206
3031
8750
8013
1303
7643
389
4600
1746
297
987
678
5649
8857
7791
5381
2636
4828
3953
3939
1845
197
409
7049
8125
8915
5448
2281
510
2698
7640
1908
9166
2554
4012
5331
3994
7931
1929
2374
995
7531
323
3529
5250
9359
8993
5944
6895
3003
9901
467
7782
7917
6599
3991
2460
3072
6831
8654
8669
8139
6620
3078
3071
5281
1340
784
612
4432
8975
3543
2164
5859
8728
1632
4893
1959
493
1626
1533
5475
4568
4901
2035
6032
7938
218
2222
1672
7477
8707
9632
7383
8234
3023
5556
4074
9016
6976
8231
8788
3692
6941
9008
5052
9851
296
1112
4212
6026
4673
4173
7916
7152
2378
8169
6013
3443
5697
9727
9826
2330
7055
9396
9315
8467
2427
5479
9484
6324
1173
2516
5598
9388
8696
8916
9345
6475
9508
190
6084
8552
9894
839
856
4388
3560
2388
6090
2615
5482
592
7527
3011
2585
6341
145
9373
3252
6985
2114
9499
7283
6961
8064
4430
8751
7038
5440
4907
4062
2116
3
7066
4334
415
9
8262
5612
737
2896
9313
9174
2309
8521
9620
3407
7361
9125
7950
7216
4522
550
6542
215
9533
1170
5011
6615
2285
5055
2308
1535
8052
9199
4913
7493
817
256
8997
9551
331
6662
9545
4930
6675
3463
596
3192
9864
6800
4342
6501
9779
3812
7655
9009
886
4668
6485
6232
4809
5464
1308
6776
1922
4926
1771
1666
5241
4332
5229
7450
6938
8193
6545
3837
1259
7443
1487
5871
1594
571
1782
223
8472
4576
5685
556
508
8441
6347
9742
1595
2817
2492
1349
5526
6968
727
6823
5547
4618
8637
646
770
9460
9472
2875
4607
325
4096
2619
7446
4671
6502
2537
1846
5879
8400
7589
8268
5174
3060
2748
778
5829
4887
8344
8939
8690
3650
8245
929
3700
957
2600
4580
7410
6211
4760
7035
2151
1779
7301
2375
8884
4328
7533
6836
147
5349
8382
6909
3613
3470
5194
884
7157
2768
1405
6014
6683
783
2517
7683
3017
1354
7928
2171
3584
6631
4227
1640
6524
2182
6126
369
5566
5732
545
871
8057
6073
9099
3815
691
8371
5655
2920
6006
9052
8043
3848
8575
7503
8333
8548
4644
7070
2376
8391
5780
6861
5461
2864
7751
3528
4489
4579
6807
3539
337
6432
6827
876
4989
5938
1241
5523
5716
7708
7064
454
9004
2869
2642
2812
4806
861
2740
2140
1419
8762
3152
1635
5809
5179
1985
7133
2513
5967
2925
8280
9889
5942
7386
3639
7660
6081
3162
2288
5882
5912
6425
7849
1119
5748
8115
4046
1293
6569
4089
4230
6553
7482
2236
8141
4109
1703
4857
2068
3371
9686
8251
559
339
6966
5939
2021
1839
1745
2614
7204
5543
6661
7013
6474
5103
6175
2212
741
4704
1313
8158
7082
2233
9456
8105
8861
6605
158
8010
5309
785
1502
972
6121
205
5578
6310
3780
6351
1875
1520
1396
6785
8897
6217
8582
3678
7249
334
5175
7210
6919
9425
4449
2345
7551
4594
1804
438
9587
7346
6110
6496
99
139
2430
3338
5961
3290
9332
7099
8048
3592
8929
773
4453
9524
1074
5636
2990
2804
2115
3309
6654
1425
2718
7997
4038
9487
3710
4616
5955
4097
4168
7362
6305
5143
2119
9143
2931
1513
3999
5899
8821
3213
4184
6208
1800
2667
5801
6825
766
9370
3377
3399
7614
5307
1375
9660
2937
3258
65
1687
7559
5971
34
7642
7512
231
7080
3827
7169
4652
2845
2772
1564
9485
3581
9623
4888
7275
4699
3768
4373
2246
1992
579
1382
4592
8967
7742
3474
6299
3225
574
6254
529
6280
8830
5905
9427
8027
8061
8705
6467
4473
6943
3669
387
8822
9291
7111
8667
4190
3681
8739
8539
1204
9295
6218
3821
7872
8039
9643
2022
3083
9777
6253
3340
8571
2091
6722
7344
9760
7754
4275
8485
2257
3743
3674
8146
6292
8390
2317
9793
3108
5841
8622
1403
274
9900
3818
8561
2406
9875
6219
9835
8726
173
6816
6240
7989
8073
8844
7679
9439
1677
3401
2973
6088
1713
9377
4583
8566
9312
3771
3926
4961
3870
638
9681
1599
6426
4180
3732
48
5817
6665
7234
1521
6181
3209
9028
329
8167
6511
1442
8367
1625
2914
2350
5528
5406
2831
5651
8232
5409
1050
6038
8040
6832
9215
7328
7803
1185
4615
6045
2363
9177
1020
845
4150
2800
4778
3471
3297
6933
1968
3790
9050
8162
5024
4566
6530
1227
6394
9904
2059
321
5324
3794
2163
2974
9422
7599
2793
8221
3329
9696
8983
8556
9921
6105
217
6331
8293
4516
1324
6469
481
7417
1925
2312
9171
3010
862
5756
5591
2778
6337
6552
7106
7664
8011
2857
247
8460
3319
1958
4588
6592
2167
4057
7871
7125
7473
5564
1830
4563
6304
3233
1475
6448
2635
993
1408
3880
1022
1993
7525
2612
1325
8284
4851
5734
2785
336
8874
5497
8712
8936
5192
6298
6155
5391
8422
1321
1218
8470
8016
5054
131
5777
6260
8895
4824
7155
3435
5541
5753
6667
4878
8488
6290
9360
2382
7876
8866
2971
1386
8042
3906
7958
5802
8202
6500
9207
6140
2675
8573
235
7079
2289
590
9850
7828
9991
6199
3767
3963
6024
5536
7685
1806
7862
3676
3942
2269
6048
11
9214
9094
5290
2011
890
5571
5608
9746
7666
8658
9130
5162
7150
1094
6644
7340
4341
2650
2915
1395
2448
7594
7617
2210
3716
76
7480
572
9296
6657
5277
1065
8685
6684
7341
382
3668
5986
2391
1826
6676
3510
6678
1721
6481
3224
13
7290
3831
7981
2384
6925
5341
3073
3805
3029
3156
9491
3548
3559
6021
9275
5450
6852
5577
3573
8219
3684
9107
3824
425
4179
6369
8385
6320
5889
1398
3834
46
4240
7788
8724
1542
6044
7387
7737
723
1927
7959
7212
8979
761
6745
101
4486
6994
8329
6763
121
5502
4024
5173
3173
8843
4769
531
3214
1761
971
4161
8644
2566
5019
5565
1884
7022
5148
3858
7651
7628
4917
6761
9659
7858
5427
3915
1659
1751
5431
4690
8923
3986
2843
7023
28
6988
5386
3634
6122
982
5965
9169
5507
2307
4722
5745
3897
9089
7844
6973
5021
9403
199
4875
7578
6124
2008
8276
9202
1657
2037
8021
9503
2722
9408
8947
1221
3635
4170
2310
8465
9694
610
9738
3782
308
4314
8772
1370
2439
3176
3651
4932
3844
4925
7587
8046
3515
5605
9709
4438
1265
2411
2208
8770
5755
3566
955
7104
3511
4914
5066
4060
3425
7280
2791
4529
1898
9849
3383
4304
1159
7174
4076
2522
9003
6452
3625
6430
3969
1269
198
6213
8780
5865
9235
9985
4372
1650
3413
9712
9832
2921
7499
5351
5247
1527
522
6404
1314
6548
5041
8624
5503
8513
9933
6028
9804
7532
6590
3811
1914
6669
1186
3467
8322
5227
5647
6092
8511
1547
5315
7354
7707
3551
994
3903
5344
1225
2879
5336
5559
2128
240
9026
2018
8863
3661
2491
8413
8492
6442
1482
4216
1379
3271
6786
2826
3076
5704
8742
3784
8068
4620
9245
6483
2916
3489
8339
8375
4894
9617
5913
114
8433
7939
5201
746
1091
4025
4112
8440
2952
8619
8168
399
5437
6287
2613
2328
8919
1944
7061
7053
4730
3978
3522
9040
5883
3052
3354
2757
6913
9490
3729
8090
2435
2777
1776
1011
6958
441
1483
4119
8038
3918
6546
446
6063
6323
4796
3505
6390
8081
3039
1704
5790
5549
3264
7021
7933
5987
4599
9044
5282
4448
9570
3312
4128
9822
1825
7745
3465
7442
2405
9042
499
801
1437
4939
1888
6859
9707
9457
187
9733
2638
9599
8907
2284
7486
2850
8612
3154
7302
5421
1519
6246
1134
2305
6536
4397
1854
8692
2837
748
9237
7095
9394
5384
1028
5823
4107
2190
439
4774
8490
6302
3469
188
265
2889
3263
162
2139
6372
6642
1901
6622
2102
8955
3442
7196
2783
4639
1222
9613
7985
6993
3608
1589
5863
3130
7833
6980
6131
2803
5795
3970
234
4929
706
7087
2871
5154
7285
4537
4243
6291
5230
2205
3531
7813
9355
4977
5804
3746
8103
5352
2090
2765
1734
1150
850
3617
6210
5268
2339
3207
954
8243
7199
6125
2385
7771
496
547
3000
3316
6757
1655
3689
4602
5891
4451
9980
6003
3923
2417
4366
6882
3570
6840
8775
315
5111
6922
1151
1624
2816
2604
6216
7954
3151
238
9238
6977
1184
7670
7722
2250
1869
5798
8342
5736
542
1630
4742
866
1311
7465
9287
8258
6721
6262
8970
8583
1037
704
8020
2981
475
9045
3965
718
4482
6192
879
9021
1857
4201
986
5212
1067
2798
6699
3303
6221
7968
1388
9715
2779
8892
7034
7632
4299
9525
8189
8645
9489
515
3847
4461
6339
5086
2029
2720
7062
8326
1783
944
4148
9515
9647
9228
6689
4630
6983
3912
4597
4285
4802
1903
4561
7577
6494
5584
3690
4528
2193
2125
9334
9729
6899
3752
983
1967
1674
9998
9639
3106
6343
628
9951
4399
2144
9161
1008
7927
3266
4650
7988
9881
3464
4549
3123
5257
279
2589
8604
7920
5240
5992
1133
9761
4368
9092
8007
7040
2001
4030
5604
1603
8868
663
717
1747
8620
525
6060
5785
898
7167
1753
3254
7634
3629
7178
9981
3472
1372
5972
7738
9939
5932
2403
2216
3891
8661
2733
8862
1033
9856
8820
7356
5044
7957
9032
224
7025
9676
3540
6647
9675
6365
7769
5368
4376
5137
555
9247
2418
4137
1680
7470
1750
889
2188
3887
133
8683
2168
6428
2014
4669
4788
8311
4950
8298
2019
5784
6423
4872
7476
9792
1501
4218
6400
2558
5994
6574
9153
6128
4924
6225
4467
2627
4182
3102
5683
5911
9781
4053
9186
7576
2442
5603
7627
5907
9629
6801
21
2473
2203
5467
5338
7560
4129
3250
2753
1018
1391
670
6089
5088
468
166
5542
2524
3351
9596
867
8835
3070
3050
8995
1778
6891
3240
5652
7330
6064
2683
6471
9262
1816
5454
5447
3719
4541
6974
8183
7109
8261
4192
697
9802
6996
7581
9704
5463
3521
7510
6506
837
268
1182
1983
2591
7203
3018
5178
1755
7018
4422
4008
8019
5686
5261
6161
585
9430
3182
8735
4414
3331
426
7419
9147
2794
5727
8486
9735
3917
9734
7124
464
5438
8120
4221
3902
8609
4660
12
9046
74
3432
1345
3574
2225
1365
4707
3850
9285
5752
2533
8760
2073
2373
9927
6094
1671
3423
258
1972
5095
636
7391
328
6584
6604
6040
7829
8411
1438
3185
4634
1418
4457
7641
7673
863
6858
2806
7852
4873
5505
725
5532
7144
7154
9193
4852
9454
4333
7718
1608
3940
1743
648
4803
8145
8363
4262
8456
3356
3138
1420
7112
1906
3579
7960
4191
9131
9752
1731
2408
7201
1913
3779
2912
7272
9836
674
9435
3717
6149
7700
2962
4385
9113
7866
2899
3514
6778
9873
2138
8242
2838
3115
8978
9743
6176
6189
917
1492
3090
4518
9256
1880
1047
8292
5933
1780
159
4044
1302
6405
7977
6185
5642
901
327
2450
2631
2577
2421
2084
4492
206
4988
6214
2894
4410
6512
9840
8639
5957
5567
5065
8252
1254
8518
7445
7867
2344
6237
7006
8283
4125
6252
6808
9462
639
5984
6162
8394
7750
7789
7558
8108
2818
6685
7687
6150
1793
865
6595
948
228
5442
1647
9475
6332
4369
9057
4635
4892
5434
1565
9957
36
6296
1543
5107
8418
2950
1072
3583
2821
1143
1706
5896
9797
7625
9750
479
6174
6403
3268
4080
9142
3520
7529
4991
6112
7367
6399
5473
3180
8378
8065
1025
8996
4794
7337
3562
9173
6715
5460
745
9022
4281
6658
3267
3341
4697
4282
7793
8172
5572
6402
62
8445
7412
5036
4363
8208
5444
1087
6911
17
3738
9924
8323
8426
8348
2580
1668
7197
4994
9669
6470
5320
9361
4564
8534
2346
7616
1606
5486
9391
9441
8233
627
6043
192
7375
3116
8072
6963
5466
9066
236
352
2389
7684
2902
8945
5012
9926
3688
7321
4158
8237
8589
7695
1690
7549
1665
9549
9938
2093
1596
9005
6842
7800
5164
4843
1696
563
8227
9538
5941
5633
5270
6274
5393
4748
1918
7230
8282
5488
2334
3403
7563
7141
2314
8903
5781
4606
9974
8230
9015
3259
734
3416
2056
6635
4896
3616
6306
3437
2784
5540
6360
8657
8091
8127
9380
126
570
3513
9492
9063
5372
5132
9916
5321
4359
142
5085
6288
4682
5350
7353
5399
2433
5980
8704
6058
7677
5005
4289
4679
5706
1040
8223
713
975
9307
4469
7930
9862
1867
3404
4370
851
2739
4753
3695
1114
1489
5803
5861
5113
5278
1368
5585
3699
7382
444
4837
8906
9755
3575
2360
9905
505
8236
2844
8904
176
8369
1954
1744
1516
4719
3391
7539
4728
3446
5395
1168
1842
1459
8206
459
4532
8660
2006
4910
1010
5684
5280
4237
1873
6178
8296
818
7912
2217
5558
4169
5968
8473
10000
930
5759
1748
2730
4575
676
5008
9328
7002
1508
8427
2064
1633
2934
1871
4571
2682
1411
5906
726
8914
3234
5198
290
1216
2536
5594
5552
6674
3614
3612
3567
6450
3762
2489
3660
8395
5681
3357
7396
8153
6753
9776
1637
1622
7118
4931
4640
1238
1413
4651
9844
5244
750
8047
9405
8190
3693
306
5527
3896
2610
1729
6759
6130
5160
6119
8958
7277
9290
690
9458
7139
5328
9376
4691
7105
9219
5621
244
7857
9798
6034
8990
6229
9714
913
9830
4608
4534
285
7615
5722
2315
8368
4014
5408
1531
4979
7497
6937
7004
679
8542
7880
3422
4832
968
5553
6427
6097
1788
4318
1496
5627
2340
3714
6433
6955
7600
7711
8166
4959
2025
410
9398
2266
7514
7794
5108
1191
7464
8985
9984
1933
906
8321
9097
6774
7122
6041
9917
4329
8174
6855
5500
1296
2133
8200
1610
7452
3602
6547
3765
2848
6008
6039
5873
5920
8184
4098
2736
9880
6357
7798
4870
9999
8839
2597
1775
8012
5340
7564
3059
8554
1833
8239
9504
2292
203
6594
6591
6226
6074
1757
3097
5746
8942
9671
226
796
3328
7511
2414
6352
8502
3711
1211
3406
9992
4766
6170
2232
6303
8944
9145
3667
7282
7084
456
5377
7694
9740
4800
2248
8008
3001
1323
7698
307
8910
5071
1012
9705
8689
4578
9465
9943
9716
7728
4762
3840
3270
4702
536
8900
8894
5295
153
1770
6370
6962
4686
8989
6367
8567
8816
902
3178
8134
4259
6277
3753
6792
9884
8912
6132
5314
6537
10
9936
5090
6936
4383
7300
8135
7430
1648
5770
3117
9452
6104
2240
2833
8054
472
8823
3495
9691
4091
4460
9074
1090
5485
1799
9187
2276
2079
2581
7263
9890
7471
7458
5639
3389
3507
3226
2242
2062
4958
3049
3964
4982
3431
661
6069
5062
1401
2659
7582
9861
3981
3335
6821
5570
4905
9300
7431
812
1943
4830
3448
5358
5653
5974
4621
5499
3089
4611
7668
1802
7094
6016
1864
9363
1171
7
455
9451
7903
3655
1367
9780
897
9784
1899
2280
341
4157
8335
5076
3549
3530
4638
5141
6334
2094
6723
9365
2176
5548
5754
8964
1692
6198
7820
5188
1319
2923
9321
9809
575
443
333
9795
6345
435
1430
2676
3491
2538
2412
3498
2255
7978
1316
732
1399
7052
7834
2824
1404
1213
1152
8360
4715
1214
564
9418
4689
8933
6767
798
2459
7474
1602
2013
8373
6270
79
3301
3398
742
6380
3418
6151
5592
8182
2104
5947
1378
4164
7227
9666
8574
4022
7399
4322
474
6453
5446
4844
4409
3601
1199
2343
4143
1847
3618
3114
517
5490
7507
135
5184
4573
6876
8765
6621
799
1739
2393
4320
367
9565
5397
7869
32
9768
5425
2564
8836
568
1574
5796
1393
5818
1601
1476
9483
7214
4232
377
2136
237
3129
5121
2939
8887
7811
8244
7942
4265
2649
4104
4874
7016
2963
1581
4653
2033
3741
9723
1758
5214
6760
1253
52
1267
7231
1064
6235
5625
8755
7096
294
2505
5761
8475
2890
2995
6278
6805
3591
225
7856
1525
7766
8211
1824
8447
3792
7086
9033
7179
5615
8818
8356
7190
5215
5106
9449
2055
2624
5091
927
1737
6157
4367
9062
3713
9189
4000
5119
4284
3949
6037
5582
4838
5087
7226
5783
7311
8557
5484
6384
4018
353
365
1092
115
1663
465
3415
7475
5903
2763
2369
8656
7269
9367
2428
5860
9603
5707
8527
5032
1844
6491
1394
2024
8281
1115
9561
30
7258
156
5496
6098
1231
8278
5334
4559
8595
2954
9397
344
614
7752
4387
899
4586
4408
3772
2754
6562
5300
5946
8272
9572
2454
7320
5504
5357
2364
9298
1876
9061
67
660
8590
9349
4955
4698
7709
8265
2957
1559
8070
9774
7919
7647
3235
7996
5699
5568
7488
1055
3153
9552
100
667
7645
7078
6634
712
9158
2365
3368
7108
2662
582
2498
1048
9652
4403
385
5210
6245
6434
9753
8178
5453
5405
2905
2415
3486
2243
657
2996
2359
8578
4335
3033
9636
4648
2453
1306
4355
4589
9562
2781
4871
896
2664
4110
573
7255
728
3975
8921
5370
407
5038
6811
3552
1078
8767
9685
645
3720
2174
4810
836
4687
9956
9908
2594
3708
2561
8449
5051
7142
146
9109
2910
2621
9047
3820
8307
7855
611
2518
6256
8699
9940
5348
5894
3841
6258
2645
4166
3321
487
9146
2755
3393
5226
3884
1229
6643
4250
1196
6930
5105
7554
5514
6191
8351
4920
3358
4327
9513
3021
6556
7177
9253
2988
2993
5634
9168
4111
7557
6578
5602
6659
6413
8905
6789
4633
4458
6075
8771
9843
698
437
6080
2935
8886
2464
3248
2550
6458
4713
9431
882
272
3806
7964
4934
1123
4773
7017
6850
9346
5919
5534
9466
5589
3632
2940
8006
5029
1353
2611
3679
6375
8769
1978
3160
6672
771
3967
8572
1187
6640
604
6395
4836
3603
8756
5779
1192
1661
7624
379
9323
1939
6752
4487
2053
786
8505
6648
3877
1858
7368
7987
6880
4214
7213
2985
2485
7830
1116
4816
3523
1217
9317
3295
6625
755
984
1514
4526
9304
295
7276
6765
2048
7853
3814
157
9661
4883
1722
9218
4577
9578
2560
2786
4619
5825
5317
5851
9838
4443
3572
6047
9031
9216
1701
9542
4442
2118
1104
3145
7293
9234
6206
8044
1282
9101
5740
6116
161
7847
5436
8627
2162
2892
2978
4801
489
2987
6901
2253
3253
9947
4215
7631
1848
1962
1490
9949
2716
8605
2901
9595
9041
1032
8672
313
1760
8512
9163
8049
3296
7400
2766
1540
6716
5430
3394
6532
669
828
8736
9080
3397
3830
5856
790
9820
2705
6926
9090
33
966
6340
8487
2570
5908
9813
7733
7404
7490
1809
5588
4726
4898
7761
4059
1006
9560
8199
3609
9546
4239
1041
6869
388
9766
1584
1506
3426
1654
422
3202
8873
4536
1389
5122
5276
1290
8403
8474
2478
1874
3526
6835
2605
8681
2157
3283
4246
284
7976
1359
8744
7747
9064
5067
299
7434
1013
7892
2697
1117
8210
9148
1019
8215
4813
1288
640
1676
6059
6947
3190
6528
1318
8409
2366
4876
1392
5749
2810
8157
9447
3445
61
4903
5733
5374
8256
2991
2129
141
8002
6896
6892
2820
3455
363
8176
5710
2219
3311
951
8051
8186
8204
5398
8131
3623
7982
4831
5508
6018
4291
3875
2507
707
6991
9994
6744
9100
3973
8220
7313
6788
1512
5169
6113
9068
6020
9858
6327
2637
4248
7466
2801
2900
2756
5531
3802
9118
1358
6564
4791
3118
1526
7319
7097
8374
4069
1673
2272
91
6203
4072
8937
6477
9455
4505
8431
2579
2672
8763
9411
4115
8405
4670
6184
7454
506
3483
7075
696
3644
7890
9593
1444
5293
2092
6001
3291
1616
160
8214
615
2530
7327
821
4974
1336
668
692
4862
569
6740
163
8138
9078
7358
2451
5491
4233
6520
2462
2206
9122
1005
3878
9399
3088
3299
3600
8489
6204
4280
7390
644
6572
8882
9976
2251
184
6025
9959
1684
2399
4882
4339
6848
5070
4643
8212
5028
8965
9208
6608
4835
1807
9319
4345
1202
9848
8714
5645
8611
5937
5082
7894
909
9857
8425
3417
6316
3800
4767
9333
6445
6711
7969
55
4195
1561
7944
3055
9737
2348
5187
9184
463
7667
9387
1348
4088
7264
8159
9955
7895
7898
701
2543
5428
9512
6903
693
5355
5679
4945
4765
3670
1937
2883
92
875
3367
6879
3057
8001
127
6906
1942
8516
2932
540
2866
85
9368
1327
3326
4002
9589
1260
8160
3223
3101
2461
1995
9935
8719
1811
4491
9337
7487
7168
8966
1255
3712
5177
278
6886
3163
4790
4396
8697
1546
7727
716
3745
7126
5666
4701
9288
7268
6507
6734
8774
9574
6106
6017
8896
6890
4301
6207
4152
9436
5451
3379
7540
7071
1283
3659
6147
6447
450
4859
1110
4900
7827
3304
9115
6480
1278
3134
1801
9736
3318
4310
7146
9818
5850
1043
2067
3277
7995
6687
3042
316
4782
3867
7785
3825
3524
4972
112
8026
6586
4264
7606
2040
6267
8789
6247
5622
5365
8811
7225
5242
7767
1471
5640
6755
1477
1821
9665
3157
617
3900
4497
5363
4015
4419
1073
4436
9731
9902
2977
2010
8586
3292
7947
4421
8977
9500
8610
116
7449
2101
1485
5674
9119
1124
4854
5073
6517
4226
924
143
3149
637
4273
7456
7051
4254
8796
9918
3982
7103
1326
1562
3315
1351
9239
2771
781
868
3387
1742
6579
7753
4213
1915
5009
2626
1957
5326
5224
4565
719
7571
177
5274
9335
179
978
5015
907
5609
553
841
2130
1177
974
1014
2595
9530
8034
1488
3169
6314
3028
5914
123
2044
6472
8353
7518
4815
3990
9308
6952
8709
4493
8713
5940
1515
6315
3845
782
4445
953
2370
4754
2198
3764
8842
4133
7000
3525
9928
772
3376
1180
6487
6244
9650
7943
3462
3198
9114
1271
5211
7900
7145
5521
1145
354
4919
7618
8483
599
7911
3476
5040
5925
497
2142
183
5576
5369
9758
9386
9567
864
358
7491
2693
2199
3438
8831
4313
9060
1307
2493
7329
6875
6378
8722
8480
6005
9853
2648
7961
4236
2732
825
1046
8804
286
480
4805
6748
7072
2721
7770
5058
3645
1567
5333
7523
9683
7835
1865
3009
8706
1977
9531
1164
6077
3744
9372
835
5231
5513
2770
5286
2994
1220
9535
4727
3395
518
5311
8558
649
7129
6435
2665
3728
7864
9200
8424
2884
381
6513
242
1057
5611
4822
4127
29
5843
887
3901
1111
9272
1463
1946
6981
5027
4425
7010
3987
3993
6668
3739
8228
8805
429
4047
3730
7935
4296
1796
6263
9814
9569
9950
3685
3359
8652
4865
3823
8075
3638
3343
4986
7306
9152
1161
620
4290
7336
8035
6004
3441
3957
6070
1077
1812
2868
2966
6135
373
8380
4167
8336
7795
5125
3947
6797
1679
7731
4255
88
1970
2234
8107
5033
8834
4117
6279
3110
3759
4488
1860
3863
9374
1980
9805
8188
7740
3974
2815
6601
1320
3869
5713
8365
2965
6165
1935
2333
3075
1054
2218
4946
3960
2123
6550
8071
4978
2503
31
7323
5465
4825
9701
2264
2891
8031
8815
7937
6401
7156
2286
3306
8180
2858
8532
5662
2028
6115
3210
2012
1465
2506
2
7575
8225
8515
6231
5243
7250
4997
4667
9866
3217
433
3627
4325
8666
5329
5361
5030
5048
9966
6754
2653
4757
4090
7355
7887
1741
7496
3687
1949
7073
3938
6108
9909
3864
6950
9110
7242
8950
5816
3561
509
5870
3810
1450
5063
1689
2429
4079
4070
5292
8922
5306
2483
132
4721
6939
7181
4842
5493
1590
5949
1469
9246
5613
7316
2523
3788
5126
5414
6822
9799
6824
7984
7662
833
498
4444
312
7153
7159
1474
2311
1237
2574
2455
8588
9982
7425
9320
3677
4659
9039
4749
280
7191
1763
78
7991
5737
1021
9749
6035
8484
6416
1851
3985
8885
7498
7182
436
3704
3140
2711
1733
6255
1617
5897
8761
6202
2929
5853
9824
4792
8147
2341
891
9178
4544
775
814
4474
9322
1270
9280
1920
7077
7467
7629
6309
2980
7546
2874
2026
3631
346
7102
2032
4464
8080
6388
9971
4124
4344
3280
270
3908
999
1805
5236
2540
1641
5262
7865
5291
8196
1232
1036
7591
9286
7189
6894
6837
2865
1215
3777
7975
356
8829
9357
3874
6335
4732
169
7908
7860
4662
447
178
462
9105
9948
383
4548
6078
2671
3208
1446
1554
6673
5134
2989
2602
6497
1101
5791
803
1727
8412
2851
3852
8711
9763
6681
8849
2805
3615
229
4183
6311
7024
8837
8450
4013
8974
3243
7784
2918
5728
6449
7405
5304
9516
922
4845
7676
1772
4797
8287
9324
8625
332
1312
8850
3122
9030
9224
104
5962
694
7395
6197
8749
45
3481
8305
5144
4242
577
1361
8899
6575
7739
1820
8384
2759
7495
6849
289
2103
9366
5689
7815
4123
449
9817
3139
4283
8845
2100
4547
5590
6055
2630
4683
5284
5100
5845
2661
5200
8628
8320
8430
1029
8664
9550
5330
8976
5018
3883
8310
3630
5356
1952
9937
6563
2751
4463
7281
8063
4525
8381
7260
9240
2183
2714
8114
6479
4271
7519
5167
9887
3281
832
8101
3366
916
3697
2521
4423
5031
9855
8037
665
7175
2180
5888
4581
4786
6167
5658
2398
535
2872
3980
724
5738
1726
3434
1604
1711
8032
945
5857
1600
9919
8273
8112
1175
1841
7923
3932
4247
2371
4455
3778
7200
9536
1414
3451
4770
5800
6328
3458
5057
6540
7101
1607
747
7223
2273
7262
3133
3487
8998
6987
2717
9274
2486
9764
736
420
3966
167
1136
5916
1381
703
5403
3839
4103
8498
3196
5275
5515
5626
495
2719
2291
5787
4960
5581
378
6756
9517
9096
2528
1178
5176
4631
6138
1310
4196
3658
8952
7463
5458
4964
9509
8340
2329
1198
320
6555
4244
7461
8636
9812
3905
249
2788
7543
7347
2260
9770
1481
3596
7001
1563
2080
9990
9095
5199
4539
4747
2137
6917
4784
2287
380
2525
9150
7725
8930
2975
7901
2497
8710
3332
4866
937
3112
7544
6272
1548
3279
3914
4298
6656
9699
3941
1838
2586
6193
3817
4829
5509
1069
3721
4374
7026
2569
1732
5452
7039
3336
6730
8716
7381
8734
8316
6877
8869
2700
6732
6736
7489
6965
1203
5308
8729
9486
9913
642
259
7135
418
7586
8549
8630
4480
4181
5061
9993
3305
6407
1931
4049
3294
1835
2936
9702
7206
5017
150
6928
4533
8984
9069
8347
8546
310
3775
9527
1573
9082
7680
7120
3586
8288
4656
3193
3890
9697
4389
1086
7003
8406
4804
501
3998
384
9077
5255
6942
7047
6798
8992
5389
5501
9233
6804
985
9963
647
8828
1969
2211
6031
4507
656
6641
4881
4647
872
414
5131
1299
1586
7962
6266
5724
8647
8500
4657
8343
9839
1499
44
4814
7924
9276
7037
1342
8943
2876
6764
8185
9544
4051
6023
6746
8224
6775
6714
9541
75
8022
8779
8973
5776
248
2941
2490
6995
8270
8617
5323
3508
4037
5004
1529
2933
6865
623
6623
4055
6118
6884
9379
7637
2283
3715
6781
3200
3362
3943
250
6000
7732
3485
1301
8798
9831
5811
7372
7777
7697
4967
5266
6712
878
5404
2275
7555
5069
8088
1900
2527
2416
9622
7998
4811
1415
2041
4198
2567
1549
4378
5264
5595
7889
5975
2870
8086
241
1605
4386
2727
6587
4985
621
111
6873
1815
4983
8646
4665
1843
3396
4465
9794
2723
8659
1230
2706
8334
3165
3569
3928
3737
71
8414
2223
4976
7816
5985
1919
6728
2106
8399
7921
8306
1200
551
5520
1153
4279
1385
4316
2420
4555
1627
2546
2979
5646
7812
8524
175
9573
2557
3171
9012
9261
1223
3691
7649
2641
6011
6702
3174
8050
4591
6484
1135
6600
686
2087
9870
8638
2658
6158
8931
1719
946
2437
3754
110
3506
38
7429
3447
120
588
6982
1294
5371
42
3111
8452
3641
6046
8629
3201
2917
196
3175
2326
9510
3251
8732
597
6
6918
2897
4717
1723
1837
9420
1422
6148
2297
4864
4909
2692
2968
266
5701
212
6843
9803
5319
503
5846
2109
4147
9463
4094
9748
3959
959
1955
5958
3121
9310
7690
2679
9557
2616
8721
7530
7535
4596
1466
6989
3972
5799
5983
8030
1947
5708
2170
6057
4948
4676
2351
566
7712
991
1621
4951
7840
4019
2822
1639
5900
8960
768
9860
3955
5223
7623
8151
6312
1017
5617
1484
4973
3952
7630
5135
5607
4674
9007
9282
3378
3056
5196
4745
9757
6238
2204
895
7041
8591
2484
5858
402
6283
8509
8693
8522
3838
6100
5672
1923
9495
7658
4415
390
763
7863
5765
4446
1208
1849
3002
287
2809
822
7821
2903
8254
6946
417
4637
9582
460
1707
6358
4658
6051
764
2673
9254
9014
282
9706
119
4165
6313
4027
1948
5109
9479
9942
8526
9188
5138
317
688
4542
5575
8415
4269
7566
7059
6614
4840
5003
6650
1532
7209
5457
6902
4151
721
7691
4126
8482
3475
7380
7886
6841
3789
7033
9910
5769
1462
5668
6010
7012
5573
9083
1052
2177
3307
8686
2045
8133
2323
4654
2669
6576
2584
981
4312
8541
7595
3324
3085
457
2745
2457
5580
6921
2742
5039
168
7322
2479
4938
5875
9316
51
1330
81
7868
6172
9488
4935
524
8555
2154
8852
2213
3460
5
5982
751
5426
6049
1246
445
6538
7910
6731
8733
9278
3793
9477
2841
1239
4720
4034
6376
1103
9356
9084
8576
7583
516
9556
9823
5267
1766
8833
9929
685
2895
8355
7913
4995
478
5729
8247
3888
2316
1764
8327
2715
6233
7545
3861
996
4426
1881
5661
3879
4593
952
1950
3748
1486
1433
6281
9073
3860
5723
7063
9225
5760
9175
4752
8069
4223
2873
2438
2670
2853
8397
7536
488
520
8741
3750
2481
9808
1096
5758
2077
6743
5550
5948
9273
5110
8279
3289
8695
448
4996
5921
9325
2551
8737
6103
9630
8402
4628
9292
5656
757
3582
5637
6544
6406
7841
9378
1106
5901
7119
8718
4040
7218
1003
9653
5898
4693
8093
6700
6617
1642
776
5299
1165
1715
6624
2086
1121
7401
6387
6953
5768
5476
584
2075
8451
2832
6522
1139
9646
1362
6566
8009
5705
5123
6632
9085
8777
7088
2984
9968
6845
5180
8045
347
1452
1794
4799
6446
5700
6066
8565
2909
6651
1346
6382
1148
2447
6964
6307
7650
1390
8875
2113
5789
9179
3828
4202
1852
9674
6468
7371
5202
2175
5963
5080
2802
343
4225
5375
3624
5208
7891
5477
181
391
5128
5147
3751
6596
4343
9644
5098
1928
1953
9134
7775
8124
6691
4317
9689
3842
3125
1030
695
2712
2618
3411
3555
1292
8860
7765
416
427
3074
9883
1172
3079
2394
4160
6146
7123
9400
9711
1694
2747
8094
7846
8688
8643
2861
4642
7605
8504
8250
5966
9772
8165
1893
9721
1193
5935
931
9775
4364
4678
6727
609
1808
9160
1951
9642
8036
4632
1855
1503
3265
4483
8870
1439
9203
9410
2117
7534
2949
9912
3619
2095
3979
1234
8768
7149
7287
2548
1987
3554
7635
5303
3286
70
7468
2220
1189
7596
1146
9172
5218
3633
5392
9756
7060
5717
5757
6986
854
8267
3808
8785
4292
7612
9289
9211
9390
943
4663
1039
1024
9070
5056
8531
8676
2701
7659
7180
5269
6762
1932
9164
2758
1371
2501
1233
4517
920
5489
9221
1777
5412
2431
6626
5885
666
5586
1122
293
7357
3126
1541
8173
1440
5487
375
3337
2410
7656
6137
9720
8349
9506
1478
1728
3501
8703
6186
5353
9149
7309
8520
702
8218
2224
4604
1107
3077
2038
860
3589
4776
2322
5711
1695
3882
6120
4475
8458
709
8917
7148
2549
1557
4163
2423
9352
5158
9264
7304
288
8142
5884
1523
3898
7238
4834
2165
9255
6301
6603
3344
2859
3096
1593
5533
684
5767
2972
8752
8878
9627
8662
3740
1297
8786
5096
8328
3022
5346
8350
5195
273
5043
8508
3944
6409
7762
2839
2088
9382
66
5219
5793
8623
9896
7831
9915
5996
7418
787
349
5878
1956
2555
7409
453
9568
1662
9837
3937
3013
3532
6139
7515
9281
2474
8123
3934
6554
107
1537
2268
4885
1678
5915
2443
8277
1896
3490
1426
7945
1026
1756
140
9960
4957
2904
8161
7289
1994
5222
8523
6117
4981
1291
7528
6881
412
2599
1333
6144
9006
7693
9670
2158
452
7992
1387
7505
2572
6111
9688
9810
8731
8773
4081
4523
3327
6770
1434
9811
3835
512
9043
2502
3105
9342
8991
9782
9393
2161
1518
4817
8246
6663
2111
2752
2944
5116
3855
6796
964
7819
4206
1885
2143
2147
6653
5782
8437
8702
5342
6050
6486
5660
7509
3664
3203
7273
2054
2787
2835
6682
