10000
6336
266
9547
7316
867
1988
3665
3585
6152
4206
8296
2774
4221
9716
1228
37
616
6940
6980
636
5547
3514
6772
3287
7365
2672
8092
8377
5070
4234
5596
8294
6326
4851
4911
3772
7251
1206
140
472
9982
418
350
9342
9163
3099
5892
6320
8379
4661
9687
4949
316
7347
7954
2111
3009
8756
2562
2811
9816
6508
2149
9068
371
7622
6092
9069
4530
2971
9418
7755
6697
5239
7800
9270
3808
9399
8223
2021
6749
2221
7176
5637
395
2292
7263
6746
5457
568
8922
4372
8502
3158
7745
3947
5016
598
5617
6586
9633
2851
6730
9402
9764
118
1776
4589
6054
8673
1150
8403
3454
392
8654
8133
8284
9239
4852
2747
644
2701
7714
6258
1737
1397
8191
5842
6828
3810
789
306
5074
6287
100
211
3044
2489
8745
3074
5255
7938
9042
2531
8037
3916
7241
2778
6912
7212
145
6155
4780
4070
5006
3925
2615
4927
1165
4520
2541
2760
9334
9667
5137
2501
5639
3352
9999
2525
8657
7843
8978
1633
3698
4684
4354
2764
5381
8836
4761
7765
6901
191
7148
6083
4638
3734
8728
2309
1244
2136
1171
2435
3313
5564
8555
467
3927
578
6503
8282
2089
5048
5417
8974
1250
3771
6106
5399
6991
3631
6621
8232
1780
6672
3560
2613
3743
2209
7393
1414
3265
3739
3113
2204
6210
8458
5216
5961
8601
5470
6094
3550
3985
6632
7811
1844
552
7057
4348
8449
8146
3197
7832
6528
669
3217
4068
9817
8826
742
6124
1714
2982
1543
5355
5816
1486
1286
3536
8481
3971
4519
2466
9119
4053
5490
2293
4170
7756
30
8653
356
1854
204
3109
5177
2895
2889
7272
9926
700
7858
9112
2640
3506
7512
3418
6973
4914
9952
530
2588
2403
5507
368
5136
8952
7631
7107
3033
7996
6823
3811
2262
1627
9894
823
9967
8979
1192
5305
88
5121
4316
8762
9460
4384
5234
3123
2862
8175
2140
1744
1952
2090
6815
111
5398
3825
1181
6509
5388
2690
622
4572
5804
2214
1402
1410
2076
6574
6260
7362
898
7739
7950
9844
4404
2114
54
2826
758
4236
4867
5112
7295
9557
8009
4427
6116
7077
2200
1817
4512
9769
2323
2999
4413
6140
3668
5655
5370
7642
4776
7791
2028
4176
2524
4077
3202
1311
4324
3308
6374
9250
8068
7331
2179
6474
5853
1316
7076
7432
5060
6283
7386
5196
46
4860
255
3330
5259
7119
678
3216
6929
961
5711
260
6897
6998
3564
3293
7923
188
7282
7407
2031
5932
8551
1684
6419
9895
3537
978
2787
8213
8041
9742
9358
5796
265
5526
9514
4858
8877
7889
999
3557
6802
3923
5093
8537
2518
5062
8033
8632
1764
2462
9310
9245
3673
8973
2431
7908
4321
8930
4203
3106
7576
1016
9990
3658
1955
2932
1664
629
8790
1558
5448
5983
5481
283
2507
1043
8635
4370
2708
7892
6873
4453
8488
1119
2556
8837
9022
5722
5933
9753
3921
9936
1455
5954
3616
8676
8411
5988
7289
4254
7699
9616
5292
7129
2415
4213
1310
6377
9705
4132
918
4264
8183
1739
3207
1298
5761
6179
3030
1239
2733
1127
8001
8768
1037
8998
6263
9920
8989
2039
6232
2102
9034
2777
4610
1099
785
6890
4447
8845
1829
8642
3367
8262
1184
6485
5688
9194
3629
3988
8480
1166
797
292
971
2240
570
8508
7211
2917
6286
2410
5528
8913
6144
1561
6688
8869
519
7183
8196
4094
1806
1501
9491
9987
9875
3487
9697
2960
996
326
8787
2060
3746
702
9985
7181
7199
7142
6665
937
4183
9864
1823
319
2935
3975
8386
6190
3261
1523
4025
8362
5437
4339
9185
450
9923
3878
3012
5353
1768
6755
3452
9887
152
3396
8081
3881
8646
2563
1997
1513
3348
8307
508
4818
5116
9913
2034
1303
8627
7444
905
599
7671
3850
1049
4806
7543
2601
374
9321
3256
1010
9811
9951
647
8907
8194
2762
2788
9155
6728
4635
5195
8479
4559
5536
802
9200
2877
7627
7597
6953
8025
9918
4720
824
3193
2543
1784
4255
2738
1142
4797
3255
303
7810
2793
6132
3155
8434
6817
8003
4350
9311
3895
9877
2931
3946
3031
6644
9878
3006
808
7122
2451
108
7478
5386
4564
9494
9290
6496
2919
3694
5047
779
9291
968
2137
4371
41
4109
8883
941
2560
5884
2120
6088
6047
139
2084
1340
9190
7325
6192
9401
1511
7469
2743
8335
9150
9578
3221
7474
4640
7980
148
3756
3703
8193
3800
793
213
7159
4065
3964
6708
6126
5385
730
4376
6955
7275
8281
6949
6846
1098
536
8442
8711
1343
8997
2186
1482
3987
1432
548
5046
4645
42
4749
4107
6315
1034
3587
278
1305
3960
3171
7572
9443
24
5576
6234
491
4493
1045
7941
59
2423
1740
9277
7733
6019
7029
2954
2178
2817
4524
1759
6608
4378
2326
1984
9892
9862
2990
1953
6881
4984
4615
4240
1039
3434
5484
3838
3995
3573
8541
8661
9094
7594
2020
7094
1546
92
772
4633
7744
1249
1848
3870
8684
8141
5077
6102
2597
1799
143
1683
8589
9233
7504
9943
3547
709
7860
6516
564
3247
3204
5075
6544
1304
9828
8048
3408
2400
8735
4587
3784
883
4219
5834
6742
8471
1646
7186
9605
5302
9841
26
1356
2167
5838
5757
4114
7762
3604
1520
7075
840
61
5474
9938
3068
2734
2334
2911
2194
6967
3488
9339
9478
4682
3185
1890
2388
665
4179
3381
4161
9187
9973
8080
9476
2369
6818
5110
1874
8060
4029
686
7334
8890
2750
6291
2782
8045
3840
1754
4657
9487
6203
2599
4047
7596
8270
7916
4752
5589
8984
3431
614
4028
7032
604
2306
9966
6550
8266
632
6869
9606
122
7132
4612
8470
9703
2305
1141
5391
3576
6700
353
3519
8863
688
3783
3211
9868
9098
7639
4460
4039
6806
501
7396
6000
630
8298
1500
9691
6663
1478
290
7087
3714
958
5333
1409
9226
2440
2952
9717
8261
5811
7984
6073
1967
2081
1789
9056
706
7725
7047
2602
2837
6917
3020
5640
4135
6235
3354
4273
1439
2736
6956
1847
8392
5906
1760
6314
5952
8071
8631
7123
1710
9204
6163
3822
8055
9362
387
9979
5997
6645
9253
4556
6513
6230
2612
4816
2193
4882
8417
7310
6130
9765
2808
7072
1691
690
6103
1902
1589
15
2397
1836
8165
222
3274
9743
9714
8734
6727
1924
5977
7435
2273
5898
8955
7710
6911
7963
7245
7006
6198
4905
8971
4836
543
5404
6886
7391
5516
2884
8328
1124
4942
419
8358
1096
7067
1366
4287
1226
5018
6511
1111
3973
7382
1058
3378
2570
3270
9806
5679
2593
1687
9212
4128
4719
1125
3625
6533
5224
1027
2723
1308
5598
5695
3484
5265
6779
9393
8908
3801
5038
4907
1735
9688
1172
1229
5183
3453
5124
7822
3010
1084
6175
5782
9677
8690
6117
5673
9323
359
7408
2618
6347
2401
6265
8097
9352
3428
8775
1456
404
9818
9035
7986
9103
156
2938
8098
4124
6722
7120
6492
3852
9960
7239
4509
2251
9500
7685
3741
806
825
9263
5709
5670
9563
6962
6801
1761
8578
3350
5338
1715
9994
8272
8326
4294
4821
4869
8660
2695
2495
5627
7545
728
426
3038
6410
2299
6752
2349
1570
2141
9473
5453
3910
3657
1876
7544
8526
7772
2533
7416
6422
3515
3196
831
9381
860
1064
2202
4811
2699
3156
3831
4500
7248
1642
2657
9992
428
9842
3595
8086
9366
7802
9188
5403
2456
320
2433
7585
9531
2761
7431
5870
5004
6049
4401
5495
3853
2712
238
2572
4441
370
5857
1722
315
7378
8117
289
8441
4922
5194
3667
2809
3994
1074
1405
4313
3813
3763
2006
490
1560
8384
3253
8670
4957
2539
4825
5281
1048
6811
1036
8647
693
158
3776
7131
1989
4829
527
9040
8014
1586
2827
7194
6984
8313
645
5450
9692
3570
4508
980
4390
9807
2109
3579
5163
7734
3067
376
4325
8918
2261
1457
7606
3692
7492
9355
6003
1368
4609
8941
8874
3567
6080
7547
9039
4167
9142
993
7505
6134
4363
4950
4139
6922
8828
8990
7389
8982
1324
138
3423
6294
5733
9653
6229
4291
8087
133
3532
9195
2298
4010
7144
459
2445
5134
9950
511
4990
5541
9419
2766
4773
3305
2754
8011
5263
7443
4772
3768
5808
5080
3092
581
221
6012
1778
6813
6915
995
2603
767
160
8062
5820
2253
9080
6761
4019
1653
4351
6001
8688
8355
105
6602
1813
9586
9593
8704
1140
4886
7992
8641
6165
7113
9118
8903
2166
4367
3799
1394
9655
9466
6238
369
5143
6530
3635
6498
8354
2175
9501
9210
9933
4130
1204
7288
7740
4534
7424
104
6085
3311
82
1794
7863
1852
9004
3440
3093
9752
3165
7305
5478
189
2351
5770
5826
6125
9679
7173
6408
1317
1452
1808
8241
651
5176
1241
455
6863
9676
6557
9417
2805
5663
254
1199
4366
3449
9946
4415
9843
3652
5247
7279
1063
7436
1896
8752
8103
1203
3765
9424
5774
9614
820
2925
7115
244
5719
5956
8231
8751
8177
5902
3372
3597
6435
805
6631
4279
3050
8724
7553
1264
1993
4007
2070
8295
1858
1839
2921
2354
7235
9471
591
1395
765
6443
3435
5277
1115
5459
365
1652
2951
8425
8056
4489
6231
2598
5007
478
9696
2751
4387
922
7485
9694
8521
146
965
1417
8774
8226
7410
8342
9682
3715
2656
4426
7632
6947
1935
6924
1597
8540
2230
5011
1882
4061
7430
3674
8169
5716
355
2648
8463
7580
2499
988
5015
233
9630
5644
6859
5588
7654
2813
6769
1371
5245
1053
6045
5369
1259
9882
7896
8135
8570
1945
7955
5102
3619
9242
313
8496
3125
4069
783
2030
186
863
4150
4098
546
2622
9820
4359
7374
962
4557
743
1937
930
7680
4271
1632
103
8798
7071
3162
9029
477
9727
3215
1745
3426
957
710
225
6736
4086
4892
9455
3441
2228
3230
2271
844
64
1827
8259
9839
3794
5225
7719
215
7662
6382
504
8145
6423
1237
3286
2544
3186
768
2237
4073
8782
3421
8234
8926
1913
6676
9092
1960
3473
8603
4490
9495
7961
1155
6206
4420
9041
5056
7926
7321
4715
5950
2172
4421
114
8317
8179
4292
9368
7297
6757
2181
5518
1497
7250
296
6484
619
6808
8500
4804
7254
4057
5608
3443
8543
9160
9747
5168
7673
3637
5253
4357
3183
9957
4912
1023
5010
5780
8017
858
8446
3136
6063
7351
4155
5965
6692
2669
9748
3966
451
8698
8319
8208
7779
9891
2110
8239
1678
1752
7883
9446
7689
6891
1575
6018
7261
378
6431
8278
2594
3634
8932
5003
3007
6373
5306
1024
9850
5923
9830
6389
8032
2532
3467
172
2063
7913
8456
7546
3122
5734
597
679
1193
5727
4839
8462
7988
397
6673
9228
7851
2183
745
9810
6690
660
4938
7861
3675
7743
1460
4096
4732
5291
5623
9792
6440
5266
6397
4681
7157
9909
1979
9079
5256
6792
3935
4408
3036
4608
8315
7867
1029
5772
9736
1569
2460
7292
4848
6820
8550
4528
2975
9562
5415
1834
9916
9475
1447
7500
8215
494
9465
5285
1766
866
4979
4211
6325
8736
4817
3503
5311
2026
6424
859
9067
3817
9403
2848
6717
5045
5654
2355
6136
9995
4632
2360
8983
279
1026
6021
8592
8567
6366
3842
5420
966
1118
411
3457
4696
7531
5023
7808
2492
4429
884
399
2375
183
3933
1919
6385
33
8880
8888
6880
4694
6284
7528
8937
7422
153
9166
6493
4275
4971
9570
9955
1908
6994
6545
2164
8393
9413
1078
4840
7934
1721
43
5878
3630
8401
8865
8595
9295
6221
6112
3152
5951
1113
5959
251
5173
2474
3322
7998
1700
3273
6169
6800
5366
4747
5170
3937
9657
3885
7515
5261
5812
579
5257
1160
7185
1588
4593
131
1075
7532
6339
3583
7847
8767
7503
2758
5440
5458
5317
7484
1791
4960
6773
873
1153
226
3699
9512
4969
6290
5030
8204
2902
4588
2864
5912
9120
1554
2484
2664
4302
9750
2402
2746
8209
9937
1007
1301
8626
6457
6961
6473
5272
901
3827
125
5188
8445
9202
5517
1731
9436
6927
874
992
7780
5499
6251
1188
4903
1981
2383
5100
8225
4177
5538
8662
2162
2219
1883
3212
7615
4017
7834
6758
2485
5650
9930
8293
4895
3901
4443
3000
6977
3864
3264
2916
62
7929
7141
9209
1742
2707
4996
1517
6068
2256
549
9367
7423
1535
7747
7188
7904
8131
2798
7269
8943
6067
9723
6249
83
9686
1130
8291
4753
8965
9275
6669
3745
5704
1974
4411
1224
7464
9650
344
9108
1661
4548
3569
1245
5298
2584
2980
1553
40
7220
3393
4145
4631
4602
8622
8341
3471
3208
3508
2528
5980
6327
4959
2968
6613
739
6710
9407
9725
3646
5154
8285
8399
4686
1076
9934
9353
7078
8771
9622
6310
876
9248
5033
4853
1777
3723
2666
7507
4169
9760
8398
8917
1819
4728
2420
8986
9299
1438
2545
4449
3077
2606
3132
1391
2096
5482
4571
2313
7816
1201
6048
2573
6695
3234
2940
3091
448
5400
5330
4087
2958
2285
4260
8012
3110
206
3854
6868
3496
7982
2559
4685
5886
323
9435
1581
196
1704
894
3782
5989
8378
4659
1641
415
8072
3941
7942
5724
2966
6465
4845
2959
6862
6239
4377
9553
6874
7758
7099
8064
7975
7030
936
4160
4953
9244
9541
9448
1022
5940
4245
1412
3072
4641
6733
7827
9349
8329
1378
4336
7427
1334
1469
2477
3598
5423
2994
8008
7240
4005
6691
2689
3527
6696
7044
6445
708
8485
7048
4035
8868
9824
5504
1793
9592
4705
334
8356
5515
5578
5976
2905
1137
6946
5072
9735
9180
8602
8881
2335
1123
8250
2992
8119
5873
5214
813
4333
6795
5683
5786
1251
1376
8730
1657
17
9628
9161
9128
2857
7401
1729
3315
7053
4603
3267
4197
6246
4438
9884
7828
2806
3198
4082
8248
3969
4319
8666
4958
4338
8203
2718
4220
8190
5304
9047
4934
1320
8781
9854
4058
6658
969
4762
4607
216
6302
7849
427
2131
8894
1927
741
8796
5877
5699
2161
6553
3455
6278
4080
377
8804
5616
7012
4165
7472
7956
6578
9631
7270
537
1267
4349
4874
5085
5296
5817
6780
8091
9626
6122
258
6599
833
8511
3965
3737
5784
7842
5267
9532
7070
6735
3250
1903
2147
7882
1185
8797
1532
2425
3967
6790
7033
2364
5984
2973
7977
2103
7098
6883
8210
6298
1450
2092
7901
2641
1254
8821
2946
1818
7468
7958
9063
5289
6732
8741
4457
3011
542
5037
4154
9924
5411
698
8554
461
3390
1621
3238
447
1782
7741
7151
7450
7370
2870
7583
9224
8939
5406
7313
6254
7857
3490
2042
2416
7864
2107
6775
5856
6650
6738
5392
9542
5000
5145
3955
3375
524
8539
7015
4736
6
3889
9390
794
9799
6526
1139
5166
7339
9601
7895
4883
4451
7905
6338
2668
650
7964
4218
7562
1175
6654
322
849
8168
7367
1483
2409
1962
6077
9968
7584
4873
3747
8780
1603
4038
4547
8549
6111
5850
8682
7156
6976
7932
5800
445
4985
1131
9704
9318
9507
7200
1763
3642
6087
5532
9241
750
8304
7273
2422
3346
6148
3275
7230
2339
5646
5648
7323
157
7706
2550
5251
7312
902
285
4876
8873
321
4616
3073
5005
6809
3957
7280
8309
1194
4677
1787
2346
4452
8966
5483
2341
6825
6438
7946
3860
8000
5558
8864
5066
9143
2894
3556
6016
9579
3726
2452
8765
8387
8825
7139
6477
1893
8887
5091
2258
1411
433
5814
9454
916
5174
6879
1006
1322
7818
9316
9485
5554
6661
8271
229
4980
414
351
2104
8951
5332
4597
4862
9803
7276
3617
2949
6149
5297
5153
7989
7326
6670
1463
5361
9258
5321
358
4532
6577
1718
9070
2991
2173
2132
6620
7835
5835
6771
7972
1392
7433
7462
1151
4649
298
161
7429
8553
8228
5123
7564
4805
2883
1905
506
5141
807
6770
699
595
5357
6212
8705
2463
7729
5356
9552
1337
9425
8268
5221
2320
7625
1879
529
3893
38
8800
6279
7143
2616
8807
4565
6979
8311
6944
5905
2065
3695
6348
6914
3219
5669
8344
1529
2561
9490
4961
3364
2530
1416
3241
2290
3365
832
1622
3540
601
6381
1629
9107
4209
495
5186
7383
6568
6704
4407
6655
7593
3262
3903
4016
4187
6664
8923
4076
7911
3689
9388
4172
7149
16
3951
1121
4306
2322
6135
1790
7007
3339
4555
3863
612
4158
7359
9569
3403
6143
791
7352
2879
7341
2108
1798
8074
2005
3542
9795
4360
7178
6050
4356
3139
8685
5798
2717
2115
9554
2578
1880
9845
4952
976
5822
7611
6072
8244
3244
2497
98
7653
2847
1329
8156
3984
4999
1287
2756
6760
8396
8063
6061
2412
8898
6004
7559
1215
4149
68
4655
1134
7152
5829
9997
3867
4573
9543
3470
5921
1566
2740
990
9257
6941
3818
4431
2927
9261
8061
8546
2048
5994
1828
6469
2513
7364
2153
8132
6285
6720
3148
9479
1429
1306
6384
6715
7541
8814
1331
1807
8243
6701
6156
8088
6960
2702
3535
8748
2238
5839
424
573
624
9732
6252
5726
2318
725
986
3135
853
5105
6367
4733
3460
3189
2909
9378
458
2522
4044
8492
437
5295
372
7196
4697
1601
6656
2565
1675
1364
997
8219
5584
3561
2757
2249
5687
6978
396
9234
1225
2780
5537
1940
695
1273
2928
5992
6295
8644
6270
5523
7000
7322
9462
8468
7737
2869
8557
8187
3785
4702
7985
2332
5872
3329
6833
9812
1568
2377
5407
5438
8664
7290
5230
8205
8991
4318
9117
7208
8406
1730
9279
496
2858
2963
3463
9728
3131
1685
168
4205
8893
7160
6519
86
4481
8066
2223
117
871
7619
2595
8288
6459
6849
27
9835
1521
1011
210
627
9561
5571
4738
4253
1965
3529
7063
3054
5942
3945
1434
5394
2475
364
7959
4863
2866
2660
4505
7028
2247
790
2724
4156
335
7394
4147
4181
5465
5779
7510
7595
882
9422
3627
2347
3323
732
6999
2974
4355
6189
384
8969
8079
5579
1689
3638
5979
4375
9126
3543
3359
4146
8484
879
2665
714
7042
7296
4482
6571
3924
5555
1512
9548
3163
8866
5577
4308
659
3037
5890
6928
4857
2491
7607
6324
8606
6737
1008
668
57
6462
1157
9914
4110
4975
2833
8652
7092
2418
4974
931
4910
4214
1843
6058
7285
3371
6713
9383
6330
403
5432
8110
6506
5098
295
9721
8407
4288
5486
7586
7995
4314
2488
3538
7417
2897
1465
8671
5498
623
7486
5745
3920
3032
5064
8368
8487
4600
991
6781
5581
8372
3618
6783
3444
8015
7712
9051
492
1258
3172
8343
727
8050
8047
5271
1951
8597
5197
2913
1326
5546
5444
47
2893
3976
6191
661
2125
6344
8530
3407
9496
6038
8725
7480
8844
9670
3724
1117
9779
2246
9571
3913
8338
514
3291
8111
234
4312
435
5910
5268
3259
6409
5125
9198
8409
2254
1473
2100
5441
8491
7011
2880
9088
3820
1901
8467
1695
5525
1235
6417
4422
3389
7392
4485
7170
194
6837
405
4083
2739
4621
1878
923
3022
8993
9306
485
9412
7127
6119
3085
7549
2614
132
7618
9668
7696
5911
4997
9396
5614
5489
2464
7649
97
9814
2408
2414
1537
6349
67
6943
7398
482
2040
7629
5233
7910
7551
9300
8706
7195
7521
896
436
9313
6680
3565
1475
7534
102
9076
8687
4243
8161
4380
3147
1105
7491
4693
9559
2824
2890
1070
9921
3321
6630
8681
6398
8360
2564
3249
8076
773
9173
9344
25
1422
8976
8802
5840
1786
2134
342
9305
6649
1021
4781
4787
2307
6856
5960
5511
293
9849
1436
9644
704
3128
136
1374
9247
9158
6097
8163
9122
8174
1525
5738
6537
809
8523
8022
1983
7869
9312
7434
4235
9636
8267
9773
2831
7198
4591
360
4224
828
3891
1435
8192
4667
5691
1651
553
1110
6059
4901
8843
6356
9072
5260
3968
1838
1961
1490
3362
8742
4041
5520
6337
1636
2719
2196
7315
3664
6147
1891
2726
3060
6668
3990
4261
430
7246
6214
744
9003
3684
9023
2659
2632
7335
9609
5323
6153
4931
2956
7055
5510
9223
5897
5752
8904
4432
9087
8744
3911
7412
2859
7353
2328
9555
4054
9595
7079
6648
6321
3252
9771
674
4425
6726
513
8388
5365
1958
7375
3553
4642
5852
142
2432
8
181
340
777
1582
3640
1821
4002
3601
8961
1236
6589
3644
9341
1533
9096
814
6517
7621
5460
8715
7569
7089
1400
9132
1567
2838
5754
9301
7937
9809
1174
4079
2156
9469
3420
6171
1088
7419
7565
4575
3613
3173
724
9949
8697
2631
8498
2392
1057
6145
2945
4778
8325
910
7670
8334
1573
9089
8474
5036
8289
4184
4049
4987
7307
835
8134
2405
4233
3586
129
6354
6600
9898
4163
643
559
3978
2331
766
7467
6020
7775
9467
596
9508
3087
3076
5439
3331
7993
1668
1504
5313
6954
7732
4795
7764
8021
9392
5054
256
8312
3491
1081
6266
8721
6567
7852
5387
518
778
8823
1005
6816
235
2554
2997
719
7349
6340
5378
3996
870
5502
7687
2087
5686
1335
1458
8891
9081
7456
2939
7499
1067
3395
1670
8528
8895
1803
3026
9734
4551
6768
8100
7518
1749
5750
1619
3828
6932
3324
3188
1454
1672
9114
576
7658
2277
5342
8889
4550
4877
9442
77
5324
9908
7130
7718
1491
8118
5552
6860
8353
3898
4717
2898
6318
3851
7031
5549
4855
7812
6646
2820
8164
800
5795
886
220
5198
1639
5220
4813
6573
7225
760
6677
8665
9286
8283
6597
2834
3520
3345
8870
589
1082
7578
2745
8084
9317
1042
1354
2542
7249
2941
8426
5424
2055
8959
4908
1060
6751
5028
9589
6889
9172
6893
9905
4729
7243
5061
658
3609
8331
2252
8465
600
1795
8453
8667
955
4417
5349
8483
4579
5985
6622
4112
3468
716
406
7605
2276
8095
1904
6585
6834
3462
628
5657
6582
2053
8170
5337
2871
8477
5712
9772
1087
1
6271
1407
5002
9095
6703
1614
4304
7371
440
667
8121
5701
5982
3837
52
2376
1873
736
3224
7337
3862
8645
2205
989
5548
7489
638
7902
7256
5147
2198
84
6442
6243
3521
9429
775
6623
3677
1248
237
6176
1814
8867
3641
1352
8371
9947
7554
5700
7924
7304
567
6657
1000
3706
3572
2920
6778
4896
2367
8694
2496
2304
441
7187
1804
6376
3949
2066
9032
1059
8885
7201
2067
2152
4937
7582
9238
6642
5545
9307
8819
4820
7688
166
2644
1013
4666
2123
5895
3336
7862
3752
8438
9175
2882
8490
3513
456
4157
2671
4043
639
1101
3890
6766
1987
9901
8702
6627
5958
798
6455
5150
2411
8599
2218
1982
5373
9858
9829
3983
7448
7552
6904
8763
1769
5833
3004
4473
3088
3392
7573
9077
9712
2763
5551
4337
8522
2625
6899
2832
6702
5360
3446
9170
7085
7987
3061
1831
2000
1894
7624
9451
5778
9963
9611
3260
6975
4554
9988
8292
2385
8931
4488
4786
352
6628
4136
9910
8345
689
5192
5860
7258
7340
5876
5894
1406
6807
2168
2413
6040
9789
5606
1052
9629
413
770
5756
5573
1846
7449
3507
3992
5402
8753
8648
4665
3114
1851
5014
3129
4501
5397
402
8623
3411
7939
7746
4352
116
7002
309
7074
9289
3839
9836
7648
7180
3523
249
453
6660
7920
5993
4889
3633
8801
8810
5129
5689
2735
7903
8242
8783
6312
2633
6307
6709
6399
2455
6480
5947
1178
2957
9220
9932
7538
280
6935
5294
2393
5948
8564
9683
755
3482
434
7952
9889
2389
4093
5874
2729
8245
1403
4956
6162
8848
5690
7224
6523
7497
6109
1631
2953
7247
2295
8659
5677
6202
7301
4713
8962
5379
1656
6499
1488
5568
4830
9461
7944
2017
6579
3790
7566
8975
6009
5931
9191
9203
1210
8473
1692
1934
7878
6838
6939
6487
7145
1071
2558
8668
6434
3369
7090
4658
5849
6057
2930
2220
2359
9565
5228
683
1703
9945
7536
9058
173
6629
8046
6186
1727
4190
2428
8316
8720
7872
1355
345
2823
6497
1712
4310
9292
7463
9866
6052
1733
3177
520
819
4746
6154
3263
5514
4743
6450
5443
4171
9720
1861
2058
9371
8708
1385
7701
8643
7770
2241
2950
1756
2683
2645
1091
3040
6352
3303
2266
9217
3504
5823
7563
2296
4967
55
5203
4913
2158
2197
7257
9527
1219
7229
9428
2350
8805
1271
2459
5319
5270
3615
1278
3578
7306
3729
7184
1345
4570
945
6341
1186
9588
8910
9431
7535
2688
7771
3693
7817
5919
5794
4004
8160
9740
2014
1910
8120
9724
6581
7571
9660
3386
7750
5703
5851
284
2704
687
5508
7856
8314
2007
5326
5859
9370
1333
9376
586
8792
4059
476
1496
259
2447
2985
2117
6958
8395
3320
182
8510
7556
2759
544
9876
3237
2929
1348
4963
8833
4045
4890
9219
9060
6625
3970
9278
3107
3402
2765
8428
3877
421
1968
9330
6007
1941
2329
2177
613
1232
6433
9596
1471
2796
2829
1556
4837
2386
4683
9902
5512
4326
207
8096
1292
3539
6184
9137
6415
8655
1502
2903
8125
2517
4478
7853
9794
4596
9025
734
3804
2113
7638
4843
583
7146
6471
8915
3003
3231
4301
9837
565
7399
5529
2812
381
5359
3656
2830
9663
7328
1973
3803
9293
4563
9649
1781
5562
2472
3791
6850
4757
8189
375
2912
9758
8596
5685
5631
4622
5445
8650
5065
4737
9082
9821
412
7636
9326
3600
4673
7418
5918
4456
1357
3880
2772
7909
2443
8452
5429
3269
8739
2983
9648
9005
1208
3917
4919
5283
3555
1811
1299
5362
4210
2799
1128
7045
8948
3218
4537
337
3789
5159
4369
5828
3451
8367
3718
4970
2213
5955
5941
9456
1679
9483
5585
7390
6386
554
5162
7530
2003
444
4542
9832
4277
6750
9672
7324
6831
2182
3751
3950
6463
7221
9075
6426
7179
721
2210
3069
1451
8053
2508
572
6725
8585
3648
2127
7366
6854
5527
9729
6272
9351
4194
6507
8947
9698
7598
4859
9177
1093
7919
1579
6387
2899
1643
8390
2073
4208
8916
7494
3623
2819
4131
8981
3223
2208
2720
761
8651
3697
9020
9580
5832
5284
7664
4835
8857
9851
8303
171
8365
4561
3001
9774
9026
5987
5721
407
726
7633
9872
757
3279
4100
738
53
516
1083
8779
199
2106
2284
6066
8944
3685
8065
9267
6220
8023
5718
3309
9711
8216
9594
9762
7703
4237
4317
7761
4656
1688
4745
1028
5583
3762
6855
3377
2568
35
9733
9925
7293
4050
1448
769
8475
5204
2596
190
1771
3486
3150
5300
4475
127
8582
5155
3977
8206
4535
3479
3548
8531
8834
6256
4536
9790
611
4230
9015
8197
9540
276
4585
6596
4085
6308
1507
1886
9356
5132
9410
2227
2217
5797
5643
9083
4486
5185
7613
5421
3497
7997
7242
2915
6482
1256
4259
4332
8538
8108
3111
950
8686
2697
6763
7626
8310
9141
2095
8709
692
9364
1380
4278
1577
8299
817
7713
3704
6430
5600
493
1593
7735
9718
5172
4940
6118
1313
780
8200
8571
4878
5419
5591
128
5790
3963
7555
3052
3130
9538
5630
4606
2101
6319
9105
7874
634
3246
1046
7886
3236
9788
6350
4353
5926
1969
2585
1085
8514
7548
6027
2569
2303
6042
566
4799
3819
9229
9944
4111
9685
7214
7447
8505
2278
4492
3796
3562
1620
712
9192
400
4611
2479
3149
9819
5273
9071
6412
5106
4246
9607
8105
9956
1574
4412
2872
3070
9361
1197
2130
7138
2348
8757
2886
263
8964
5801
5916
3843
5969
9151
6139
1056
4406
6363
9320
4802
4207
9741
5793
7069
2032
6995
3773
8558
9860
3662
5522
9332
2437
3758
4926
2818
2029
8260
99
681
9365
587
3342
110
8919
2682
3417
6653
3404
5819
1549
8413
5667
5893
3711
9604
4251
6694
4383
5934
4329
949
3195
6741
8142
5871
9411
2907
4188
7730
6150
2836
8786
7540
3406
2358
6871
5593
8122
3023
4081
1583
8726
5557
2037
5182
7899
2465
7189
2255
1970
4193
5592
9861
1388
50
4391
7206
9331
7166
7678
6942
1728
6548
7728
4703
1332
3294
3872
8493
5907
3848
9518
1020
1841
1474
4630
580
2155
7708
3078
6777
3728
836
1430
5915
1928
4470
8568
5205
9675
446
8275
8222
4392
8408
7426
5887
1596
4939
4242
7473
3481
5025
1279
8373
2157
5461
1386
2226
5113
815
4722
8240
7524
7284
1746
792
8051
2365
967
3164
4623
3549
8616
9049
9231
3019
297
3869
4574
8935
2316
2978
8376
9010
2516
7753
6060
7748
3883
9651
7266
8431
9437
1538
1963
5922
3214
3607
310
1994
1162
9486
462
2189
8872
8719
1314
2976
8155
8977
9281
5622
4247
663
9646
9493
8394
2755
9136
2709
5165
3459
5222
4042
1470
3720
535
3608
5927
7372
9618
2680
1842
4033
7973
811
6241
1424
5469
4334
6031
7309
6705
4399
6931
8322
7589
8778
6782
9710
7369
5574
2649
8950
1616
7888
1330
8625
5587
8607
507
8560
1079
6108
9808
8513
7875
7215
7965
2551
982
3829
1609
4595
9050
6898
6555
6128
6501
1770
2083
2399
5539
1282
6456
9357
7855
7496
4229
3203
1946
5783
2936
85
6322
9099
3021
2667
9036
1302
1338
1177
4822
9097
9826
5171
2900
4973
8714
9510
3688
8070
1315
2801
9030
4064
1701
4231
4455
8750
5661
4446
5412
8929
7264
6237
3702
1667
1634
5118
8928
1792
4669
4148
4767
5473
4464
9182
932
1779
8478
3174
6427
7080
442
1262
8370
6681
120
70
7799
6084
7319
6301
1017
3774
7298
5144
7283
7927
1467
3169
6495
8274
1563
3989
7440
1595
864
2842
3478
4712
2419
6297
1635
2064
3190
4769
162
9846
9309
784
9857
9879
8043
6100
9539
5837
5760
3775
2050
9681
7413
7912
1269
1884
1441
2188
6560
3930
2243
5698
3915
4084
4400
8520
4031
8273
6064
6168
7704
1906
1724
2337
8722
4137
4569
6972
8340
756
4634
2770
2381
9793
9348
4675
7040
2281
7350
28
8347
5184
3574
2398
3002
9746
7930
6275
6121
3416
113
985
685
357
1009
4540
9617
7013
8039
5418
5039
281
4619
972
7388
1915
8026
4020
4823
9038
3624
5042
2737
5841
7336
1541
5095
5117
327
5447
2012
676
4126
3816
3721
4710
6160
2421
6346
5697
6822
2384
3849
1613
4328
6299
3464
2703
8214
6142
6836
5202
2239
6765
6207
2577
5279
8835
6483
7873
1522
3858
6194
3
1694
4000
389
6253
4580
3566
5107
2259
9969
1929
3713
5975
5634
5389
8440
6262
96
1606
6043
7059
2693
7318
339
200
2587
512
4436
1600
3787
6293
3533
425
6810
6610
1090
1453
852
4744
4358
3053
6120
6425
6396
8476
8324
4342
5363
3474
8838
9101
9568
121
264
2424
3368
3961
3701
6481
1972
9165
6248
1359
2846
5410
6858
6639
648
3926
4902
5377
8615
7300
1086
1717
9690
6851
8233
5318
9061
2776
4090
14
5049
2655
8429
4695
5692
521
3341
7751
5180
3127
7999
8148
4463
2794
2215
4289
810
5029
3944
282
5346
1498
7380
2646
9084
7360
379
483
2287
6383
8495
2710
8548
2378
3907
3448
3760
5675
6188
8352
1120
839
2336
5449
2943
4159
6739
4891
6317
4629
7974
7397
1080
454
4040
6002
7682
9296
1853
6267
731
6950
9896
3374
1933
5428
1948
5122
268
9600
9232
3116
7876
3934
3501
4968
609
4924
2275
818
8218
75
5649
8195
7154
4679
5083
8789
575
1285
6247
9502
4899
6699
4708
5559
1100
8624
8067
1065
5658
707
8369
3028
9662
6964
7308
3048
752
3160
6643
1095
4601
9575
1895
900
4450
7191
1223
5464
1805
803
4583
8472
3437
3349
3807
4270
3089
904
6556
1551
7898
9931
1840
8006
3659
7628
4562
2670
7790
2881
8382
32
908
4731
2038
6829
9394
5009
1666
6612
515
31
4864
1548
6921
5880
759
5626
3080
9430
6933
5736
621
7674
4966
7133
8921
3280
9336
5920
6986
5315
5560
6199
5327
1133
1552
2529
4771
5050
7165
7947
561
8519
5603
5223
1550
2663
8663
8113
9249
239
9243
6065
8136
4293
6561
9125
3254
9506
7806
3876
4928
3469
9659
288
8405
6659
7683
3900
895
1816
3124
9146
5372
1132
7158
9169
9766
1618
4467
8524
5601
827
5436
2654
878
2995
3433
9590
8794
4545
715
6071
7114
8811
2274
9184
655
4095
6181
5249
6173
4700
7850
3806
924
964
1068
5590
3191
1705
8640
3534
7641
4015
617
3892
4008
4013
7879
9178
6992
7894
1288
6011
6309
1871
6786
1732
8308
2394
7773
1472
2265
3525
6604
2639
845
2009
4898
9152
9783
2635
4529
9441
3082
7035
65
3691
7490
2515
9847
4466
1708
1493
3476
6729
3902
4397
147
571
1947
782
5550
5090
8613
1367
2498
8460
4037
2731
4009
1485
6666
48
8747
1726
4274
3859
1265
671
8679
7203
4189
960
1170
6129
8054
6226
1102
9382
963
8327
4284
273
9621
2222
6304
1607
9254
8669
8027
489
9528
1072
3483
1480
9827
7046
7845
8731
1202
5472
7602
7049
8019
3899
7588
7603
3115
4072
1788
7604
2579
697
5343
9883
3222
7140
2636
8509
9404
6250
8249
6584
9757
5656
7640
9221
9363
9885
5694
2269
5672
1297
9776
5328
9619
1877
649
3388
9055
9671
7616
7720
3512
8809
7769
1213
8073
7459
1845
9991
4687
666
6756
6089
2236
6236
2887
3865
2023
5569
8561
7376
4888
8237
8059
8287
6289
979
8124
5521
8614
9585
3288
9345
1167
7164
5810
3307
7675
3049
4290
5802
5565
8321
1608
6603
7004
2749
8574
7917
9669
4929
2967
11
7830
9549
329
9869
2845
5331
6719
6357
3612
8759
1996
2592
9006
9775
2054
5288
8466
6616
8861
1479
7859
8036
1212
4195
8914
45
1647
4178
3327
8692
4932
3285
5652
6026
3981
2018
4741
8454
6983
8150
6478
5900
4879
8813
3909
5380
2345
2279
8886
1655
8795
8512
178
3338
7994
5737
9391
3705
834
1859
3014
532
9447
180
7691
5671
4175
2797
9
3292
6447
3759
3045
5836
2382
3489
4670
6923
1881
5275
6546
2506
5354
1720
3168
3361
175
4477
6593
2319
4198
9939
7493
106
781
9707
7933
2673
8776
6361
9201
3144
3516
6429
3805
8178
2822
9635
5336
6618
3526
3908
5152
9398
2785
5710
8902
9674
5599
9840
380
3591
4639
3649
2629
1899
7568
5191
1624
6821
1711
6908
362
6023
6626
1921
1143
6180
4875
300
9452
6721
2850
388
3343
7786
7693
2338
7255
6432
6197
1540
2795
5602
3176
3278
6518
6458
9749
3492
6303
2942
5099
4498
3181
5130
7003
219
7782
5991
6539
8089
3954
8024
307
1713
3146
7252
9298
9211
6078
8691
1605
7906
1864
8173
5799
9871
3058
4766
7865
5161
9444
3594
1757
5254
610
6712
5768
76
1671
79
4265
6439
3939
637
7268
144
9591
525
2514
6274
4097
6029
6562
8077
367
5088
1294
4379
2013
1390
2129
1888
4680
5519
9064
7
8139
2363
3355
7036
8349
5027
6182
9285
9873
9848
7711
5081
1381
9395
9333
3936
7644
36
3666
4954
3712
2854
3830
7043
5201
1104
7655
9492
2509
8176
7978
4986
8946
420
5109
1494
4437
3283
7197
5607
8253
615
5978
8320
6500
1562
4909
8044
2483
7833
4590
1743
5250
7411
6592
6306
3846
4643
6228
3081
6313
9265
2523
5777
2446
3956
6515
5241
4012
2878
4918
7738
7354
3385
7476
5680
8755
4472
2650
7590
3046
7017
8970
3057
5844
9545
6075
2730
5682
3676
2387
5213
6281
1339
2229
2481
5120
8713
410
1820
5286
1508
4651
2027
6748
7506
9287
5344
6093
6041
1154
7742
7870
4513
2906
9276
8639
5604
8847
4923
8875
6674
9432
4827
2245
7153
8129
497
5868
3142
7267
6062
6436
7527
558
4424
2486
4320
6997
8297
5466
6470
34
9322
893
5219
174
8093
6563
9726
4628
2600
7763
9138
2075
9911
9468
4904
8158
8346
9377
9028
3276
8527
9612
6219
1431
4092
6032
952
6988
6845
9272
1872
7601
7022
9144
6074
5376
8280
5972
8559
4151
1044
3387
3511
486
7330
3897
9620
4445
705
4396
6745
252
6885
2875
577
6638
926
159
5642
6971
9634
1047
7446
7823
9408
7921
6743
464
6572
1289
9980
7520
9156
7661
6159
539
4944
9613
6370
9893
349
8649
6079
7516
3651
848
6842
3687
9533
8402
7050
8963
3175
5135
1719
201
4790
2965
398
5740
2097
1328
846
8007
5114
5815
3065
9767
3316
9237
2742
2810
8461
7161
4861
7940
9778
2868
2015
2317
9304
7659
2047
3095
3683
8618
8424
8799
2855
4510
3438
7162
9328
3708
4281
7643
13
5307
4283
3681
1449
7168
3767
786
1247
8992
2937
4533
5094
1489
5943
6894
4764
3456
3334
2174
4620
9421
8754
443
7914
2072
4707
44
2206
1676
5953
9643
5078
2286
4062
8583
8732
9148
7757
3606
8112
9073
8547
9013
5998
1936
1738
7445
5017
9815
749
1253
8263
3051
2250
8920
8302
1503
267
6099
9786
5476
9833
2993
9186
7265
5044
562
5351
5899
5913
5262
3240
8900
4066
7514
9498
5199
9045
4249
9573
3786
4232
6391
1025
2800
1867
5769
9599
7317
7698
423
8882
2257
9222
3943
9189
9825
9511
5053
1833
4943
7231
499
8459
6566
7766
7871
2944
9855
747
7102
776
2391
2861
8723
6240
2457
2972
7754
2715
6090
517
5944
1716
1195
7736
5151
72
5119
1182
4865
4335
4779
3797
6390
8860
4448
7957
4393
4578
8090
3522
7676
694
1069
9438
5368
3079
9252
2849
5148
7707
6400
4784
8374
5735
5767
3611
7893
4201
224
2370
9804
4594
748
8968
2016
6981
8052
3025
947
9001
6264
5935
3112
9440
6896
8717
7943
484
4885
2288
2302
2231
4734
130
3083
386
7848
675
5087
9273
9389
8710
2828
2574
8707
5280
1536
6920
4440
3733
5371
3766
510
9699
5962
3064
1956
3672
8391
2732
9086
2407
1176
6634
8416
3178
2171
468
7577
8104
5316
3509
7005
2099
4988
9962
8199
5024
5636
5463
6714
8995
6551
5925
984
9230
4024
7803
3894
7404
7776
7953
9763
6598
8167
8972
4385
2311
9974
5524
3029
917
547
262
1149
8617
6172
2077
3653
3117
8634
5633
933
5741
7672
3360
3835
6157
913
4108
7093
1073
5160
635
3654
248
9085
218
5544
9899
6522
4976
5862
1372
7592
928
7529
3151
294
4297
4995
4789
5034
1922
7027
6531
4567
2610
9162
3439
9867
7381
8503
7797
584
9928
1373
4989
7684
6764
8600
6105
5101
2580
3008
5901
680
9890
3736
1898
6970
509
3233
8412
5615
1323
8586
8940
4782
9062
1857
1505
8085
4711
1978
8246
4199
9264
9582
6133
1918
891
1300
7749
1261
1291
6948
1321
6413
9327
8279
1336
2448
830
3866
3823
1835
9906
6025
3821
6008
5611
2061
4880
3466
9057
5813
3376
2366
7981
4305
2843
1358
2552
5347
7844
8042
3962
6759
5885
6867
983
7487
8850
1061
7117
9927
2019
149
7612
3757
973
1509
5181
2371
4740
9768
5973
9880
3282
7483
1183
8005
5702
6331
1481
857
2582
6753
1459
851
5084
9007
2094
1234
4676
592
2583
7891
2979
9623
8202
7155
3636
4751
2374
7169
1602
869
5749
5232
8435
7332
3868
4011
620
2807
7567
4484
1437
3680
1707
5567
2605
9000
9459
8693
9213
880
6784
6418
1217
9989
3815
3871
4727
8180
5924
5140
3121
5467
9709
9935
1173
8777
703
718
7232
3754
6277
2268
6014
2082
7991
7922
7064
5755
3399
4834
4142
9524
3731
5964
5728
6332
4506
4402
1976
7700
3384
3226
1637
3047
1649
9386
6624
3179
2199
3661
7826
3632
6678
8166
217
1944
3379
3620
7650
4014
7608
5248
4127
1252
7789
4617
7403
176
9587
7657
3432
7415
4759
7798
5493
7537
8832
3948
2538
889
4768
6554
2165
5707
74
9941
4650
7868
8029
2071
5096
8839
4783
4794
5446
6989
8849
1598
7454
3874
3727
5771
5431
5619
6900
4981
2068
7907
4051
1257
1931
1801
4706
9135
2804
4078
1365
9100
8784
8831
4724
9689
3958
1765
164
3740
1344
7829
7579
5765
6647
4285
6091
8301
7508
3170
4468
2301
912
4900
5509
5938
618
6222
9130
7384
5713
2981
1443
457
2706
7575
2643
2535
4102
312
7190
6607
771
1221
7814
3707
6288
4461
2057
2191
6797
5475
7311
9256
6636
7121
5258
236
7841
4844
8252
2923
8816
9225
5917
8925
2977
8593
3777
1659
4828
9397
5008
998
3886
3319
4507
1050
3788
5020
5863
4897
6685
9693
5068
3603
1341
1152
1126
4347
1377
890
5660
4503
5744
4120
9954
7591
1107
185
854
4423
1648
9965
6446
3974
9066
6594
2888
1900
9329
3024
801
8594
3157
6906
3295
799
3383
2361
2779
18
4458
9785
1312
502
1849
6316
4067
6223
5067
6909
8336
5827
5831
7437
4419
6614
5806
7668
8738
7717
3814
3999
3298
5864
2681
3931
3266
6543
7202
2627
9546
5207
2576
9215
107
5276
1702
3502
299
2429
6587
9338
9314
4469
3912
7238
4803
4936
588
1347
4809
4627
8381
3991
101
1625
3098
9515
9942
4479
7219
9409
6805
8035
5200
7294
9525
8518
71
481
2143
3429
7815
5875
5237
1772
4105
2008
4721
4257
9168
2004
3243
1419
3251
7091
193
9196
6444
5021
9139
3245
2519
2784
7669
6187
6227
5231
3770
1837
3118
7881
4032
8996
8901
7513
1240
1677
7819
2426
5781
7177
6724
2922
4022
8069
4872
3213
8855
8057
1530
2841
5352
69
6686
4141
1484
308
6966
2468
1002
4553
2493
5676
6490
3199
3357
170
4217
6591
184
6005
1440
5854
5974
7646
2873
5662
9420
6682
551
7677
5575
1097
2404
1094
7111
1783
3882
3749
5290
2121
8427
664
505
9218
1623
3953
6852
5269
126
2126
5628
9536
8598
3834
8766
4815
6819
7951
4046
5492
3366
341
5477
9912
2453
2340
4322
2144
6343
3554
3493
4153
1662
6675
722
8999
4227
7110
6170
6776
9489
9337
9583
1680
2970
3793
5414
2270
6114
1762
2078
582
8761
5613
3500
4946
4758
3845
4788
4716
6952
5610
6086
920
5861
7286
7777
4516
5013
6830
1363
4517
7096
6328
4052
7425
8128
9658
7831
6731
4373
7936
7086
6796
5058
9678
6832
7001
8430
7854
1015
6178
8154
2325
4798
6521
642
2725
5678
7967
4726
4202
422
4152
1035
2272
1594
9784
5092
124
4785
5358
8958
6044
6525
9976
6549
7838
1885
2154
9915
1797
2406
5843
2891
6046
3062
1630
2043
8859
2621
829
9380
4972
269
2876
4962
4494
3400
8031
3289
205
3326
8269
5179
8499
7962
7054
9145
4364
8927
2705
8464
8628
9964
8383
6861
87
9016
9664
8397
5082
646
8529
5
4276
3206
1660
3544
1971
1682
9874
3104
2969
4854
5309
8746
2520
7108
6930
4269
2987
9625
9415
9480
8791
843
81
6876
5753
7128
4709
141
9470
498
3242
2698
5990
8609
3918
3580
9535
3120
6141
3363
2767
3317
2280
8683
2901
7694
7610
8675
2436
4182
6541
8575
5287
3980
6679
354
1325
9183
4414
5142
5104
9759
5454
9576
8501
2933
5995
8677
1584
6101
6684
9426
5032
4346
788
3103
4945
6351
3370
5206
9335
4688
3424
4026
4454
8184
2839
4143
4756
5553
1205
8127
165
9052
8016
5246
1283
4792
9744
7935
3314
4106
475
6368
311
2571
1062
1775
8010
2540
2885
4624
2025
4395
3744
653
5487
605
9008
2282
4295
2235
460
4248
5393
9350
9157
9731
95
3761
5026
1114
4838
7020
3826
7104
5747
5108
5904
4644
6333
9904
4180
1413
2771
1542
6378
2521
348
3719
8115
2814
3670
3847
6051
4951
4993
3904
3108
9983
6791
8764
4055
7839
8211
8418
7210
1211
5133
21
1214
1698
8504
7825
9706
6082
8934
6740
9482
2548
7519
9102
2904
2674
7824
8102
3271
8020
1275
3802
1992
5235
6575
5999
8572
822
4964
1750
9325
8749
2658
212
2924
1209
7039
9917
4262
5425
3133
6195
2986
7931
1709
6388
6311
9505
5433
5967
1812
3325
1161
8258
5322
2781
3450
723
3017
250
7287
5012
4613
6216
1870
7635
2396
8760
4605
9852
8817
1830
8188
4730
4917
1665
6305
3546
1190
7103
9661
19
1492
8212
3528
5533
7501
4091
7303
2815
1917
3855
5970
317
593
5543
2480
5278
4660
5430
3027
5945
1547
7118
391
6588
555
9770
6774
363
431
1276
5390
5612
3340
6476
2642
717
3039
2327
7066
6394
7051
7260
6353
134
8361
8824
4129
3391
6036
5764
2342
291
6137
5803
4522
1144
4793
5715
8419
9903
3626
5339
5226
3742
9282
9017
7702
1018
3593
7574
3056
3153
6201
1216
3505
7792
1415
6925
5937
228
7727
2145
7329
261
9199
4330
3382
487
2417
9450
2036
8967
4239
1129
1887
528
7788
4824
5462
5867
4526
9560
9268
8004
500
1168
3480
3465
7137
6651
9523
2918
2678
7821
9147
9054
4222
5496
2647
7421
1736
1230
3232
4850
8822
9374
9958
8566
753
1040
2122
1108
3304
3972
5139
4298
7470
7346
5193
2934
1681
2791
574
8569
4992
8896
606
8803
1384
7820
1785
4343
473
5187
899
4543
1975
9801
3430
7976
3780
5775
4866
2244
5069
5115
5668
9319
7774
9665
2074
8942
3235
5594
7796
7193
3655
8818
8516
4521
4599
737
2748
7481
5156
3725
4541
1055
9574
58
3445
8254
1926
7561
919
9106
8699
8507
416
9439
7406
3018
3552
804
7679
6580
1912
1916
1263
3498
733
6393
4381
1822
9975
469
2692
5758
7361
6866
1911
6218
927
6420
3929
5535
4174
7966
4074
7222
7073
5766
6451
8290
3380
9343
8030
6022
5882
9181
4101
6718
1466
3290
5963
7969
1369
8330
3645
119
8608
2139
8220
6257
8256
3844
325
2001
7021
1222
4770
1051
1375
7302
4698
7656
4123
5939
2442
3832
9652
6395
7116
3997
2792
9584
8366
6536
3986
9133
4933
1869
2844
7660
4618
9993
816
5620
2505
1889
9572
2634
49
3351
1932
940
4071
9131
6843
9488
3938
4884
6131
2478
607
7233
652
7062
2679
6292
8579
9078
5556
560
214
5791
8082
7502
6407
73
5638
1191
3628
3101
7525
3795
2537
1277
3738
9787
6919
4280
944
9564
4775
4215
3257
5632
2504
3769
8198
9373
1227
7517
1925
5881
5809
6794
5451
1572
8404
1755
5157
6035
135
9777
9639
5705
9303
7466
3599
6405
6637
5582
9053
4523
5729
6233
6985
4894
9558
1499
1850
466
2297
6475
2511
4991
9116
6127
5215
7460
4704
1218
1089
4483
2473
8637
4476
5059
6081
78
9416
4915
3663
1408
6565
8506
6884
409
7453
223
9359
3043
5647
2608
1487
1362
3577
5073
7216
4368
2379
7479
4941
6467
6882
9375
1697
3622
9581
318
1116
6641
179
7207
3982
1243
6707
7884
2527
8217
6033
929
3333
9046
9121
9283
7218
1495
3841
6164
6504
3610
302
5442
5409
7587
6611
1001
1307
3530
3299
2852
977
6875
7690
3494
7355
6030
408
272
3119
5479
4977
4389
2783
5621
3126
2617
5763
608
5789
4394
2195
9379
4116
203
4566
1942
4056
2607
9577
656
1557
382
7697
5666
7918
270
9666
3227
1200
4186
5149
3531
7277
4552
333
9822
8987
8534
247
1295
7542
9269
1318
8075
1897
7068
3678
8924
6716
7663
275
6369
569
5641
9970
51
7665
336
8806
6437
6892
2264
3722
9641
1610
5452
6963
2567
4027
1604
2840
2835
2267
6215
8535
4955
6401
2022
1825
6076
9065
9802
9027
9702
4430
2184
3412
5966
892
3686
5566
6096
5293
6951
545
5759
3300
8658
1464
6903
9853
3993
9205
6268
1923
2211
7402
8854
1892
5367
3302
5542
9193
2300
5889
6547
6789
9632
4544
2713
7014
2526
795
8718
8858
8040
9474
9048
7705
7025
5818
3732
9369
7726
4502
242
9602
5595
5530
1393
1445
1943
3779
8712
7778
3281
2490
9012
907
1309
3581
6974
9154
8171
4125
5981
541
1148
6865
1242
9434
2312
230
9638
8375
8577
9521
198
4965
93
4060
167
7925
9708
2652
7174
208
2234
314
8306
9171
5693
3442
2711
5128
8949
7970
9294
9981
5236
7759
5821
2685
6512
8536
6244
8227
6010
3919
7439
2079
3922
3071
5751
9011
4796
1693
6804
9640
6968
3182
5364
603
2482
6812
4701
2212
9504
7400
2444
5825
2098
2283
2609
5891
4403
1382
8201
4034
9919
1041
2962
881
169
9445
1389
8956
8630
5301
4831
1401
7342
1725
3461
590
6489
7065
2344
6334
6013
5340
7609
5334
6570
8610
8028
7345
6461
8457
838
7299
2310
8565
4692
3857
5908
5505
2575
2242
796
4916
5625
4121
5314
1444
2
2773
9922
7897
4584
1626
7498
9104
1990
6652
2534
7420
2653
7167
123
7979
4893
2947
6788
6723
625
8172
5299
9153
2512
7226
8909
5773
4925
6857
5384
4315
1446
2069
7787
2086
9998
1122
6907
7126
5805
5455
2439
2133
8247
9274
5382
1189
6559
2044
9739
7928
865
946
6662
6687
3647
3541
7095
5845
9972
9043
6208
691
2700
7880
5513
5264
1238
7327
9637
764
3584
3588
4930
5335
534
6017
5748
935
5949
4525
3229
9031
324
4690
9529
3209
1866
6848
5310
8737
6183
8871
6888
4604
2085
5345
974
868
6466
2996
2546
8892
9347
1147
3201
9654
7945
6576
2232
3879
5580
7760
7278
6524
9110
9260
5629
6402
6887
4689
1433
1696
8482
3090
5063
4491
5240
2159
1539
2494
4648
6785
3884
6698
1644
711
2033
875
8899
556
872
5208
9797
1004
8058
3833
1003
385
641
6514
6601
3318
463
6615
3306
1611
1741
2357
2362
438
7781
6502
202
9018
6996
4282
6055
7134
7101
6877
6982
5209
9556
1706
1159
3239
2372
1476
8700
1426
6441
550
5830
6205
2752
2651
1998
245
975
4173
4662
7314
4499
8300
9149
253
63
6538
5624
5788
1266
6734
6609
6146
163
6113
4496
3700
2112
8181
2853
5052
3905
7228
4089
2046
8350
2438
4504
684
5847
1544
6671
8162
2825
8727
5485
3798
5350
6793
6161
4983
2611
9530
4887
1809
4442
657
7785
8333
2105
2874
20
1428
4568
5488
4133
3084
4870
286
8827
8696
231
8629
6185
9093
2450
7890
7172
3105
6200
2863
9140
2333
6969
5282
837
9598
2330
5274
1773
1423
7344
6365
8116
5909
5031
3545
7807
4362
8123
2142
6300
3710
8611
6606
7630
1599
5089
3094
6428
7016
9722
2961
7840
9870
6006
1270
7234
2260
3140
696
1954
2469
9127
8099
8034
2914
8224
5491
2790
8562
1800
4856
8420
3310
9014
9730
7793
7723
5308
9886
9236
2803
7645
8620
8359
1587
80
331
5696
301
7557
4286
9384
8140
2024
8151
240
3495
1576
6345
1528
1274
9280
5040
9453
3425
7379
3356
5986
2434
6847
2118
8812
4258
1959
5540
925
393
9756
4531
1565
287
2856
9059
3409
7227
4272
9251
1920
8945
8758
7010
6296
1774
8185
5212
2676
7363
3159
9123
1319
7877
3671
2753
4881
1233
4256
9566
2867
1964
2163
9406
526
4341
1014
4560
5218
8636
5792
8729
1930
7767
6472
594
4871
1592
6839
670
2687
8221
8703
3102
3100
1564
8276
2989
1832
7768
3220
3952
2892
6635
5413
5190
6053
5103
3906
8157
3187
3563
5957
8853
4652
2727
3836
4539
470
9796
585
5896
8590
9346
1260
6056
1012
7377
7801
9800
6371
5807
531
9859
9977
8137
1571
3415
4119
2002
9464
7471
6464
4144
6479
8621
4300
6034
6840
4117
934
4113
5126
8182
911
2816
6158
4164
7438
8414
3602
4647
1585
8415
6527
8573
7795
9235
7783
8897
9457
1628
6448
4653
8556
6360
2093
452
4739
862
8588
7058
7320
3748
6460
5706
538
4906
8106
5597
9227
8612
1418
6916
2604
4140
8830
5057
6918
5178
9863
8159
1980
6098
4998
5866
6024
5312
1164
4637
7442
774
6110
2010
4311
8674
3328
4654
4474
7488
2294
6934
1578
3660
6213
2744
366
5681
1650
8363
9216
8773
5211
2557
5111
5329
1856
3016
246
243
1753
3669
3568
4847
6138
137
3086
8515
2216
3998
8257
4982
6259
5217
6926
8743
7105
5563
3861
5684
5848
7244
6211
9207
4511
8013
1360
877
821
6380
5618
8545
4459
4636
6414
8230
3414
662
3887
4263
1296
1477
3405
6864
4742
6174
6015
9823
5500
6938
6990
3605
2041
3696
23
6787
7024
9497
3296
6535
2201
1103
7414
7709
6452
2056
9856
6905
9567
4418
112
7052
8829
7971
8605
9984
2049
3332
746
154
5325
2441
6224
735
4200
7731
7948
6826
2088
3297
1658
6196
5996
9021
9961
7018
6683
5167
7452
9929
6706
3410
209
906
4238
4921
7109
942
682
10000
9360
5395
1638
9900
9262
5762
7836
5720
4626
6895
2624
8960
4819
9805
5651
361
3143
3559
6993
8733
8380
1527
277
5503
5243
8497
4546
8785
3145
994
1138
8846
9782
1146
8277
9551
7281
7461
5468
6913
2591
7034
9780
8525
5946
7533
6468
4003
2741
2356
3228
4241
2062
897
8957
7088
713
1383
8985
4030
7686
6693
9513
5416
9751
3137
9308
2553
7163
1272
192
4266
7387
432
8149
3358
1284
2185
4185
9197
5605
9738
7217
4118
9176
4833
4340
8265
3301
6095
7112
4750
1663
5229
6552
6957
8954
8410
9534
4581
4252
1865
1966
6754
9520
2802
1427
9271
3875
4204
5787
7223
4409
2207
4592
9433
1690
480
654
6762
8083
6824
5227
6520
9624
4307
6167
5348
305
2045
8385
3940
2314
89
9372
5865
9255
1855
3034
1723
6564
8542
5001
5041
7150
2988
8318
1751
7271
9246
5383
9315
1169
347
3679
1758
187
1938
5586
8448
8580
2289
3755
2628
3682
8842
7291
7784
4801
1461
3035
1462
6392
6689
5731
4994
9214
3589
7009
6404
1939
2581
6619
5609
3812
271
8144
8856
3075
7395
7457
3337
2684
4725
5570
6617
6453
8852
7136
3141
7570
4323
22
762
4663
1674
981
2694
1767
8680
2146
7990
4480
4774
1179
4576
5244
4812
9091
8656
4755
503
5746
1156
1425
109
9971
6449
9948
1019
7147
1826
5561
5531
3979
8906
2324
915
2536
8038
91
954
2461
7357
6910
8769
1909
2502
3154
3268
8953
3166
7560
909
1914
8332
3778
4433
3225
115
3824
9865
4398
1612
9206
5164
633
6711
4405
4250
2998
2190
4549
3447
9044
383
8591
3499
195
439
7333
8130
2768
2291
9745
4735
9537
5242
5035
7274
6827
474
4361
1580
9259
3639
2368
7614
3210
9754
6039
7135
7356
2637
5076
7509
4754
5928
1112
5427
5903
1748
4168
826
465
449
3524
6269
5396
2233
7458
943
5506
6416
3200
7724
2454
7495
9701
8152
9959
5714
1145
4345
1617
5303
6107
4495
2964
9713
9240
2619
6767
4471
6798
2722
1950
7125
677
2662
1398
9550
328
9831
7338
1802
3401
8563
7813
1092
6590
7866
3167
429
2566
4748
9024
8584
2169
3258
1387
9996
7681
343
7692
1379
6747
7885
3134
5501
8251
2343
5158
6282
6510
7523
7023
8339
7968
2315
7634
8851
7465
4465
304
9597
8423
2224
6959
6633
9449
3643
2686
5341
4212
2430
1246
1349
2390
7652
7373
812
2589
1290
2503
1673
7809
887
8126
8862
4518
903
8912
5097
1686
4439
2789
2138
8604
4668
3055
8443
2661
7475
3596
2510
6323
1514
6605
7837
6803
7721
6936
8841
6744
4299
8450
4672
6280
9517
8138
8433
346
1519
6937
7794
390
6534
9113
3558
8772
7983
2500
4228
4134
4365
2150
4166
1796
1342
12
1158
1327
2487
3192
9695
1531
9519
1747
338
8455
8439
9297
9907
4309
3335
5019
987
8716
3161
7949
1370
2470
4515
5375
1207
2623
3180
1977
8633
2148
3735
720
9164
6583
4841
2059
7083
6069
8437
5494
401
4487
3013
9179
4267
9522
9385
3517
522
6070
1468
7061
3888
1180
5785
1033
6225
3942
151
9645
5456
6569
5858
5480
5138
1420
7259
8740
3856
6342
6799
4582
6841
4223
5968
8884
4001
3096
7960
9387
763
3373
3394
6987
7348
7511
7428
1196
4538
4497
6870
4826
3575
5869
29
6844
8238
2476
9472
8305
2860
4192
2263
2449
6421
7038
754
7182
6115
1280
3347
9603
5408
8552
2908
9129
6488
2910
2116
3205
4714
6276
6245
9481
6454
9715
6177
3427
6375
2160
8101
6151
488
7482
951
2586
4021
274
4428
8447
4674
7343
7620
6364
1187
1591
2467
6486
5742
3932
7887
2691
5659
9115
9019
9503
8936
9781
5717
7666
9680
7106
9897
5189
2051
1346
5127
9484
2124
842
8581
3277
1231
1862
9090
8255
8532
4808
1038
921
8389
150
3398
7026
8793
9159
8348
6965
4162
540
8002
5888
6255
3518
8533
8619
850
9627
4088
4331
8517
4374
1293
9340
1907
4832
4099
5131
970
8788
2714
5043
9002
6037
6372
1734
3510
855
3914
3809
4577
8988
8678
7617
8078
8432
197
6362
7409
8820
9834
5572
9266
2170
1350
8994
4920
1868
5252
672
7637
885
7667
3485
6558
1995
3781
1442
5723
332
60
7019
1860
2353
7192
4760
4947
953
9610
938
5169
3248
1986
5645
4434
7204
3792
4978
4810
1515
3571
2011
5879
9940
1815
2151
3650
5086
9700
856
4410
2395
4868
729
5401
1506
4527
3312
9074
7368
7804
5708
7097
5426
8486
1054
4023
5146
6640
5743
5022
4191
2135
7651
2865
8264
8109
5534
4462
4586
7526
2180
9647
3419
6667
8337
5435
8576
3690
1875
1198
9791
1351
1399
1645
5730
2380
1640
7451
3750
2547
7805
861
7716
7900
1824
232
6945
3716
7358
2373
1516
2192
39
6505
9423
5665
4303
5374
6902
4765
3582
1615
5071
3753
6261
2626
6335
6835
3397
8323
9953
7262
8544
2052
1361
4216
1109
1545
2308
3353
3436
1957
5497
10
7441
9656
4678
6359
2955
4814
7100
7752
1136
3896
9978
66
7124
8094
7599
3015
373
3730
888
417
8235
2721
2555
4225
6872
1032
7846
8878
2775
9405
8815
2128
7539
6540
257
5055
4268
6123
6411
6217
2728
9761
6403
3042
2427
6853
4063
6358
6406
7455
1949
8489
5653
787
4435
7008
5079
956
3413
9838
2620
5855
523
8911
5776
1510
2769
8143
90
4006
4849
7236
1534
5320
7056
56
2677
330
9888
8695
4138
563
7695
4122
9009
2321
3458
7522
4671
9458
4048
1255
7581
4625
4296
6166
1268
9477
1421
394
8436
8808
8701
4226
2225
1526
4196
5664
4514
4791
3194
1985
4075
1669
8587
4763
5471
8147
9737
4691
7715
1863
847
1353
3477
1220
4104
8364
5846
1281
948
5936
5674
8840
4382
9174
8451
1559
7647
3097
2630
7558
8351
3590
8638
1999
6814
9544
7405
3284
4846
3475
4558
9463
8229
602
9499
6273
4103
177
9509
2896
8689
5405
5635
6204
9615
5051
3344
841
3621
4614
1030
8207
3709
1404
1077
2352
9400
7205
2948
7209
5883
751
4699
6209
2080
5739
8938
9608
6028
4598
9427
2091
3717
8770
5175
9755
5210
7213
1163
7084
6494
3551
3873
2203
4800
3472
6242
4444
5434
5732
4244
8469
9684
5238
4664
227
2176
9037
155
9124
7722
9109
2458
9288
9881
8444
640
3184
557
8114
9354
479
7082
7915
2716
8933
3059
4935
4807
3592
6529
1518
4718
8672
673
8421
7171
2786
2638
9208
3138
4
3005
2119
5422
6878
7385
8286
2549
7253
9526
9673
6595
8357
8876
2035
8153
8107
1991
4344
740
6329
2187
4036
1810
4777
7175
9642
7623
6193
3959
959
9134
3764
626
7041
1066
1555
3041
8400
4723
8879
1106
1135
241
5971
94
4115
8236
2821
3066
6532
7237
2984
7600
8980
533
3422
7477
5914
6104
9719
4386
4842
7081
1031
3614
9033
4416
914
1699
1524
3928
2696
1396
8494
9302
9167
2590
6542
8422
9111
9813
2926
939
1654
631
2248
4948
7060
7037
9516
701
4388
5824
8186
2675
9284
471
5725
9986
9798
5930
8905
8018
6379
8049
3272
4646
4018
9324
3063
4327
6491
1590
5929
6355
7550
9414
2471
