10000
8875
6833
1158
6370
3626
352
3492
4752
2070
3870
1840
8129
8624
2472
8527
1125
1416
7959
1329
6253
8348
918
7732
3096
9243
8097
8734
8642
7949
3550
6780
8729
1666
7233
630
7021
8657
3484
3592
3018
4633
1129
7191
6119
3186
1043
9951
3893
4648
3449
9889
2580
6730
2609
2387
2392
7812
7343
7991
5819
1428
6043
7665
2657
1315
579
2203
9580
5227
1061
7186
2621
1589
5180
2040
4319
4779
9282
172
1268
9095
9122
2990
2039
7851
8553
8434
9101
815
818
6059
9909
3188
1551
1945
9756
7691
3507
6071
7843
7824
805
2305
9661
7154
5499
3047
2997
9538
7055
9534
8352
2124
812
6187
9297
4588
4511
4676
7076
2284
6249
6141
3494
7134
1189
3648
4118
2209
5042
3342
4043
1249
9191
399
2949
196
1258
4782
6526
6826
1361
1763
5192
1829
7957
6075
8460
625
4285
7200
5879
647
3725
3357
8377
4544
6884
9200
7881
9812
569
1096
2255
2147
257
3059
9816
1722
5006
4908
1504
3297
4765
3874
8151
1578
8996
7970
9869
8481
4891
4003
6362
1351
5361
6111
4801
3757
1289
4928
6425
8189
7068
9352
9741
2516
4974
751
4349
3066
9190
4768
3416
9050
6291
271
4350
6118
7043
4862
5030
7224
8636
2491
3365
3482
6508
6856
1890
8573
4820
3993
8433
3120
8250
8300
8111
3421
993
5924
5167
7676
9577
7568
2345
9067
3378
2256
9982
9788
783
8690
6683
1338
8995
5583
4382
42
1481
6799
3064
594
7641
7059
505
6403
7873
5866
2517
4615
9994
6766
8785
4000
6733
4918
9021
7960
4910
6089
6668
8544
5512
1139
773
7204
6228
7875
8301
171
9106
1169
6078
8601
2775
1399
7046
4551
6701
836
4006
5244
6729
4240
8268
2687
6308
497
441
2960
5323
7342
8904
6964
6194
4103
8050
2442
2649
1434
4440
2309
852
5297
1320
688
7005
770
8325
872
431
2544
7850
341
8326
7480
1126
2940
6725
2571
5726
2666
8069
4665
4620
638
7510
5749
8195
1586
8279
3945
6727
8061
8929
4374
1477
5796
7765
2307
6794
6301
3210
9268
2708
2880
6896
263
5977
8959
1992
3865
7020
9120
2795
8682
1486
394
6340
5681
6446
459
338
2362
1813
3042
9612
4747
4114
939
7639
6702
7566
2886
5960
3564
4368
8323
6506
434
5904
348
2930
5549
9797
6553
1574
5187
9963
6927
6858
7180
3290
9284
2161
9161
8336
3574
4125
1279
4755
1357
9945
7485
5861
2527
4543
8412
963
7936
678
7428
8456
468
4375
9105
3669
7120
8388
9624
1252
2804
73
2552
8203
2675
2743
7458
1188
3010
7264
1012
479
2869
4239
2956
1175
3465
4812
5955
7596
6849
8862
4951
8882
245
9871
4913
8021
1814
1373
385
347
9918
5229
5669
4365
8228
498
6915
6501
1458
6574
2935
2727
1701
8304
6809
8807
2519
2754
907
9047
2017
8977
4251
7157
6143
9335
1625
4366
4034
8884
384
1819
7307
6463
3148
4525
8171
9278
7758
9428
2403
6445
4834
6166
5889
1325
9792
2272
4111
7099
9786
4164
9238
3995
1031
400
1172
3837
1598
8648
1731
816
8292
5639
1462
6273
5797
4906
483
847
2470
1771
7756
9236
3341
2287
9940
1914
4112
8701
6692
1014
5805
7270
7146
4617
9517
2168
4835
4105
2353
7871
6097
3217
7006
3532
6153
2636
3852
3155
9931
8316
5624
621
1530
1553
1950
2320
7785
4014
7220
5587
2352
9098
8152
6877
7302
5740
9357
4505
3734
7808
4923
3980
2440
6563
2524
2506
290
4872
7293
8369
7589
2931
6327
4101
2504
4591
7500
5382
6547
8742
1076
2706
9070
9765
488
8784
5388
1157
7634
4255
7380
4850
6519
8728
4044
5150
6213
7371
8489
9684
8357
7349
9656
6880
4784
4457
5240
8590
1291
8202
1282
9377
8992
1299
4247
9437
3157
458
3526
300
4540
4625
3319
3140
6905
6077
718
6137
7527
6172
6371
2583
6775
6279
1742
5427
4145
2087
5575
1420
327
5453
5400
7914
3643
866
7365
3477
5535
2806
1493
2839
9184
7292
9980
4535
9458
5823
422
4062
6027
3033
1435
3815
8561
2800
3389
7444
3082
1702
8672
2257
1610
9085
8421
5219
1443
305
3366
5772
6452
2589
5878
9091
7476
1115
2627
2427
4199
6584
5462
4033
9496
2319
1389
886
5976
8328
1489
3383
9707
6923
1737
7865
7546
883
6483
2242
3242
9662
9165
2165
3070
3214
7821
4852
4495
2764
4518
757
554
3170
5457
3437
1662
2755
518
6454
5515
9175
9815
6055
8814
2264
955
4309
2762
2494
5829
3562
6241
9773
965
6294
3093
8060
8560
3973
1364
4200
7217
6541
1010
1470
2581
8698
3615
9691
3197
8194
2254
3045
1930
8509
7209
315
308
6941
6421
7205
856
1138
3908
3250
814
5700
1387
6160
7666
9485
1669
4157
1799
6085
948
1
3247
610
2646
606
438
8735
2917
2579
6344
8565
4940
244
534
2312
2874
3243
3559
6650
381
875
2148
669
2044
2518
6677
4732
6079
2961
2030
5974
6861
932
2289
4138
6443
7234
4018
5193
6767
6026
8031
3374
545
7829
9856
3684
8906
4603
4039
312
3739
8391
7159
1321
1016
1336
3356
8064
7899
212
7502
3478
7605
6461
9187
2317
4502
3495
5684
1124
5007
56
9653
7717
4215
8578
3368
8469
9030
1759
9241
10
1867
790
4219
456
2433
2574
5386
3074
4674
5867
519
9814
549
9151
8143
8133
2408
2749
6985
3937
9375
5853
7002
8127
9158
1673
4977
4948
6919
6488
7841
278
5471
4342
5923
493
4414
7084
9026
9381
947
2832
2982
7977
6734
3381
6803
2351
3476
9983
7672
3040
952
5675
6263
8288
8169
1755
1088
2660
9295
9731
3127
1214
8749
8986
8474
3695
461
2021
9385
3546
3142
280
4680
3560
3144
9501
3609
3048
7283
4379
9742
9835
3411
8284
3664
5470
7305
6798
6052
1781
9558
7558
3979
9369
8099
8614
3819
7971
224
1234
2662
227
7735
990
1533
7075
1178
2064
1999
1314
938
8224
8318
5934
1243
733
2735
3486
139
3693
7108
3348
7395
1429
9737
9734
5533
3285
3641
75
9772
9123
4844
478
7608
9309
7786
4997
5941
4813
8683
3229
8625
3952
1887
9240
5569
5109
9519
1681
5840
5452
3765
2298
9837
4433
2934
7516
8922
6290
8108
663
7534
991
119
2371
8011
4167
7172
801
6369
1331
6883
1858
1603
6288
7891
1957
9757
699
7128
9505
9583
5135
614
5673
829
7521
7008
3041
2094
511
5895
8572
5262
3856
1418
6662
2879
8131
2072
6427
9975
646
9710
5789
7091
6406
418
9477
9116
141
420
9649
2659
7505
8330
7244
2900
9637
2220
5607
4833
8219
2364
889
7347
6875
4952
1788
7193
8409
5725
8562
2467
7085
1083
1882
5325
1025
6061
8548
806
4436
268
7720
7722
3207
20
270
108
1092
7921
5251
7733
3974
4860
8030
118
6269
2081
374
8856
8777
5316
8159
4369
9849
9510
5995
1519
5856
8319
4966
4459
1679
8635
9114
6867
325
2241
905
5429
3447
3362
8167
7625
7318
951
9398
7807
7506
1365
5616
9579
1226
1097
1790
1095
6745
5424
7552
4582
4143
3571
8404
9919
2000
6003
4193
1498
7295
1864
4998
82
2480
5436
1219
3006
6615
3590
7779
8140
2545
8461
3944
4159
7869
1962
2425
7194
5887
8579
6848
3597
6150
7855
2505
5917
485
6717
1874
2316
3961
6460
4626
1820
7917
4804
3198
3535
7177
8871
2768
8006
1817
3154
9343
3709
4995
5334
287
7591
6739
2369
369
1754
4898
891
5168
5133
8568
1439
1534
9791
1711
7214
6706
7142
4408
1935
6470
4506
4553
2511
4736
3440
4704
5023
7757
8419
8850
5881
3137
3871
976
4563
8597
6091
9119
3796
7803
1474
5602
5596
8675
7997
8095
636
2642
1741
2663
66
9628
7253
1381
4042
9362
2326
9726
3288
7262
4173
1108
9639
2306
3206
6874
1959
6761
8533
8483
5202
35
6298
8334
1208
127
3545
7800
8558
6031
5812
7340
6912
5378
8493
1996
623
2654
824
3772
583
168
3513
9730
4922
1947
450
3767
9836
6429
6859
1305
9981
5931
8704
3036
4949
5526
1390
501
9678
9607
8891
3313
1579
4288
9973
512
5781
460
9292
7554
113
8719
2311
2528
3600
3000
1554
5926
2822
4939
556
3050
3634
5073
2201
6530
8647
7417
995
6527
3999
4277
8541
6913
577
2235
3918
5233
3203
1728
7857
5791
5655
8774
7602
3237
2380
8162
8393
2167
3629
4294
4390
6159
1379
445
27
3960
987
2079
3875
282
7181
7301
8958
9858
1229
7491
5254
3007
5790
5181
6349
3116
4181
6317
8665
6050
8576
909
3419
1968
7344
1205
7778
1457
3888
3458
7830
5795
298
9537
7235
7248
7909
9223
831
7981
9698
8933
650
2802
228
7083
1362
8790
6142
5286
8426
596
5353
8521
4329
9332
666
53
2012
1340
9261
2779
2969
5257
5714
618
6485
8083
9034
704
8547
8732
9247
8868
671
32
9069
9953
3596
6968
2567
9076
6678
1170
1830
4507
8470
2187
8644
8566
4195
3902
6066
7923
7900
8841
7814
8589
1465
3997
9415
2658
7759
6955
1691
8859
4388
9367
5198
3063
9809
1965
6616
9899
9898
1955
3537
7882
7649
1378
3332
8209
7231
9657
8985
6410
9319
5248
389
4282
9301
8160
5373
5945
115
9530
3503
9083
5358
2965
4771
2042
4587
9873
3743
4012
4017
2048
4567
475
7697
6555
9186
2853
2979
1808
2569
5634
941
3604
4470
2004
9564
6428
8181
2106
7457
3089
3024
3932
4032
8680
8411
5744
3097
6037
5981
1171
1394
6024
5188
388
3749
2088
8118
6270
1210
9848
7210
3806
5345
9413
3737
1608
3052
448
130
2112
4124
1939
1605
7320
648
8693
2824
4156
4091
2652
6108
5605
6424
5800
7700
5089
605
1316
6240
7746
7716
1005
6751
2321
5952
8276
8445
5320
2769
8462
6163
778
3021
149
3906
9011
9783
4151
8656
6342
248
6810
5779
8923
4442
9623
1084
4280
249
3123
4769
6857
368
8487
8210
4292
4903
2596
7956
1159
2971
3744
5071
3493
8808
6784
7780
3213
8949
4293
6247
5390
4594
679
7236
1154
3286
272
2702
4455
317
5620
86
2237
7018
3844
4645
711
7898
8359
2169
7281
7826
3027
8200
9397
1775
7804
5203
494
9383
4360
1236
7132
9073
7133
453
7391
2024
7599
3662
8274
5871
4946
4941
532
2439
8564
5551
3846
642
6000
1518
5330
2198
1060
6758
2577
5399
9495
8142
3163
6592
2927
5788
7403
7961
3275
6552
7263
7260
3279
2229
9621
3730
7854
5364
2185
2941
6419
7294
9847
5355
6372
1408
985
9795
791
1698
3442
350
9302
6979
7695
3261
162
7926
8380
3204
3851
4275
5525
2542
6548
1400
6099
9766
2170
2529
8164
18
9176
8801
911
9447
4412
7989
1971
4807
4232
9228
6633
6663
4304
9100
7026
6681
8386
2783
5584
8505
4444
7449
970
6579
3750
169
443
8285
6512
973
3192
3797
8494
3799
4658
898
4934
1835
5451
318
4238
2331
3501
6787
2986
1926
7322
4283
7610
1354
2842
5649
6699
7013
5160
4831
5433
8431
6800
2401
3151
9227
3172
960
9970
7844
9043
1200
7429
5913
446
2541
8754
4302
8593
6917
4307
8714
9664
3924
5532
4399
2819
9562
1003
7594
4069
28
165
5446
2678
8686
4178
9996
6939
2559
9595
6373
7276
2981
3858
4121
3855
2338
9557
2251
3177
7709
6401
4534
1798
9913
2717
1580
1565
9827
5766
5053
4902
2121
8522
6835
7642
6476
2379
4040
834
1924
6145
2854
2911
2243
8864
96
3068
7054
9312
155
4402
9723
6625
9575
3422
1967
5815
2196
3598
1355
8452
9015
6277
8417
4305
6723
7671
2268
3208
457
9252
4206
6468
8161
6033
4446
3658
4826
2445
6257
1082
9294
1925
2020
8353
8137
7436
7308
9701
3839
6538
4612
2592
5998
4263
4972
874
9748
6167
5375
5276
9802
7761
3948
4895
3146
4387
7317
8982
7439
9839
1903
528
5301
5622
9896
5152
5440
5972
5002
7459
8390
2740
8367
1312
97
8762
1121
3439
6597
9489
8726
2623
9345
3889
756
5346
6489
7618
4166
3594
9597
5117
8999
7329
8833
8570
5287
3431
5897
6347
9942
2570
9041
173
3783
1929
8379
4829
4447
2750
5140
9764
9287
2301
2584
7684
2304
413
5106
7601
3283
6944
7537
8055
4393
1075
4740
7490
4610
2499
5699
537
5397
8789
1985
5802
177
6132
3098
8577
8768
40
5482
1397
9724
1376
9483
5068
4512
862
7951
3152
1987
1997
721
9219
9384
7544
4907
9198
5579
3715
4780
6261
6612
4845
8674
9035
2534
5771
3175
1587
2537
8748
3551
8955
3970
4631
5730
2957
1539
6866
9954
5936
5412
2136
4640
9232
1953
1563
7528
784
4651
1716
3880
6503
3834
7113
6368
3180
9677
8757
6058
600
5377
520
6198
6457
8241
6691
6698
6595
3674
1888
3575
3249
9673
1038
8218
7337
5370
7001
7553
9018
8794
6341
7831
1375
562
2455
6532
4630
732
4854
6016
3196
5363
3182
9885
5473
536
7074
4694
3810
4727
5231
5852
892
6405
5136
7839
2829
5423
1183
4830
4785
2238
90
265
6873
2383
5973
2984
7296
5091
4679
3876
4741
2090
1424
4657
1949
9923
5657
3823
575
6095
5835
1363
593
71
6600
7109
6473
2929
5411
1715
3057
4713
3678
4038
6643
540
2530
838
6171
8459
7874
8994
8731
6292
9107
7892
4381
6652
4060
8678
502
4604
7645
4397
5939
2578
8335
2342
6703
844
986
5826
7507
7915
5982
758
1531
5547
3745
3404
55
7903
5504
3900
7130
3746
5252
4624
2722
9467
6657
106
1555
3103
6275
2889
2513
167
2436
6181
9708
4298
4932
3160
2962
4750
4198
6580
5332
1891
92
6431
5319
7169
9838
7087
1472
7
2672
5600
4953
6076
9925
8706
1938
4627
598
675
3017
6328
8041
4087
117
9822
5477
1836
1506
7916
6959
5178
4991
1062
8661
8179
1054
2736
1077
4257
3183
2173
7522
1792
7772
7604
2270
9512
9423
2126
7065
1794
1117
1263
8044
4358
781
89
2791
2267
7557
5665
4354
8090
8908
4867
5175
9878
8758
7514
731
5635
2582
3334
1695
442
9336
4458
2507
2684
4666
1437
5938
8811
1193
4340
2638
233
958
6635
241
8231
5984
7335
4642
5625
5394
6515
9492
1111
7531
4605
3972
1222
9995
2625
7313
1916
7251
9313
5448
4864
202
4798
3169
9431
4409
9128
3733
104
1648
211
4068
9610
2279
972
5063
5573
8305
7035
9648
6679
4886
7968
2464
5359
846
9733
9456
4186
6611
6838
4274
915
1427
6992
3271
8191
9110
13
8571
355
1464
775
5522
8002
9663
4438
5402
2281
3469
4281
6841
9169
1253
3735
7165
410
2595
4711
6966
5010
1653
3504
3663
5576
7943
33
8416
6420
3606
843
2073
3491
8870
8089
309
3114
2601
5017
7089
181
835
5270
7939
6218
6233
3395
9063
9879
6934
2384
8604
3651
3428
8619
5025
6383
6641
3831
8432
4795
6487
3426
417
3233
5447
2204
7653
8737
4654
3473
4766
8873
4703
2007
9984
4675
4182
2959
994
4877
7396
6765
8236
9499
2724
2604
6824
3429
3361
2756
6176
5048
7045
6797
8810
4802
2178
6648
5122
8447
9480
2280
7150
4708
3190
9305
8580
7811
3879
9676
8449
7698
6931
5344
9999
9709
9068
8549
6969
3605
2429
4492
7743
6675
551
4466
5588
9
2091
4300
7630
4180
8567
3667
2713
4963
6853
6926
3171
1449
2488
7846
9318
9804
8896
2302
3530
5041
7833
7940
6136
6948
6952
539
3305
1809
6168
8451
9054
8877
7328
6018
5283
5497
473
2005
310
5905
1342
7121
684
5552
60
3106
7694
707
3284
7115
8739
6644
800
2258
5376
1478
9527
3759
2120
7441
8356
3563
8930
160
2852
7883
6695
2813
9785
1128
564
5756
9739
3077
8260
7363
1566
2456
6151
8255
1152
912
343
3415
1827
7261
8098
1240
9255
2050
9426
2522
489
7890
7245
9403
9955
2095
8422
9679
7911
3538
9732
626
9078
8465
670
2363
8667
3126
3570
9072
2548
7603
4347
7060
3514
213
3091
5134
3915
3859
7636
3185
5940
8354
3654
8805
4742
209
9714
1369
2549
1972
3168
742
1371
613
7922
9081
1712
1664
2315
6844
1385
769
5340
8223
2647
959
4041
7267
4141
8153
9592
7222
8720
3529
6991
8503
54
6712
8183
919
1433
9695
5142
358
4601
8054
6311
1324
339
3333
5557
1607
7279
6774
3864
8467
4664
566
7323
1221
7010
3698
7748
3268
3400
44
7619
7513
6845
9808
7867
7272
2497
660
7240
3586
8869
3867
5391
9488
7616
1841
1232
8310
1629
2737
8998
4115
7647
2019
4560
6400
8327
8595
3637
6910
1081
6754
47
7708
4695
2296
4297
5367
5110
4222
6990
4596
1078
7706
7378
5061
4737
8410
1098
2297
1663
4890
4919
3811
1359
7741
4521
4090
371
5398
6531
7187
6747
1281
2386
9002
6815
4638
9065
5774
4009
8834
366
8339
5728
7681
7764
1244
3891
5919
8406
152
4982
8350
2568
9561
2855
7080
4517
9969
6455
5543
9020
5018
1056
4578
9324
7207
8983
9365
9421
3434
3072
4541
1030
9946
8591
9861
4855
3830
5230
3267
6636
2144
5776
8664
3194
9239
5608
2920
1909
8970
9608
8475
1119
5115
673
3058
4035
285
5220
8
2772
690
2877
7243
5630
7184
8150
8725
4174
6407
6083
2887
9961
6988
3853
8723
6676
6232
957
9028
3829
5610
1410
9225
881
4218
1856
2463
8028
6773
6606
7138
2500
5613
4480
8800
7078
8123
260
9728
1765
8997
6802
6651
5704
3005
9729
7793
5341
5064
9937
6237
3107
6223
1142
3907
5687
2616
7503
4080
9831
796
1468
7904
7651
324
930
187
3309
6283
8650
8482
8080
5880
8314
7063
7818
4417
5965
8261
9450
9813
8584
2224
5236
9924
8606
7064
1557
4100
7952
3694
2885
2134
9265
3985
9003
4944
5235
2263
9882
1734
7813
6374
4970
3822
1516
8872
3892
2060
4848
1000
3051
9716
1233
3584
3444
4865
4047
5309
2278
6009
4994
1802
2232
2677
3619
3544
6015
7856
6165
9864
3329
6035
1993
7164
1876
6376
6544
3340
6412
5843
7402
1013
6933
3414
5850
6543
2335
8697
9570
4253
6566
3401
8512
6387
7724
7460
2217
3105
1964
103
4538
7849
9244
1366
3498
4745
377
344
2925
259
8622
3988
5544
370
356
7387
5727
7848
4197
2450
1199
6395
2553
9455
5755
7467
8838
307
1110
4628
8372
6069
8919
5593
1873
4964
9064
7442
645
3417
7061
1922
6034
507
3668
9087
9855
3339
7650
3352
4909
2117
296
7644
9361
6709
9007
8655
65
611
8990
5643
4147
9769
4210
3372
7878
7802
6726
6753
2996
1726
7472
4290
8225
9322
4811
3679
2104
837
3650
208
4465
4749
2718
2861
4770
4473
5195
5279
8394
6348
1552
5822
128
474
1283
251
9353
5492
7426
7455
3588
3382
176
5691
8233
6245
3713
2077
4046
1630
9559
8119
4478
4822
5157
7524
7103
3887
4135
2332
4978
98
4086
4824
7095
789
6516
2389
2747
4990
7725
9652
5645
9293
1322
1573
8190
504
9744
5695
6829
7056
1699
5282
8721
7189
5441
1706
8112
7242
6559
3273
6869
8480
8000
7282
8234
2942
2863
6138
6384
1983
3450
7774
1102
547
5111
6704
5258
7241
8278
2100
3683
9470
975
2125
8009
4025
466
9540
582
9348
7327
1153
8297
6895
351
6879
2753
9270
9782
6594
7225
9298
9852
9825
6063
8684
665
6355
8775
2639
8074
1131
331
7585
4882
8813
1300
2213
3479
4761
6669
9513
2533
9658
6093
2205
4022
8888
8375
4236
3065
2176
6518
8696
9520
2002
2926
12
628
5357
1693
7662
1686
3308
2685
6147
3681
4007
5362
9588
643
5478
4530
2710
5210
1174
2174
9400
6498
1923
2381
4763
8102
7982
7781
9713
8212
5929
3425
9613
6514
2277
1658
923
5873
8012
4320
3162
4649
9213
6306
4321
9425
7255
8620
5723
9466
5561
640
9220
3073
8796
1272
4102
2538
4332
6901
656
1619
863
7902
1228
7835
9194
984
2998
2978
7016
3216
8901
3345
8332
1668
9685
1832
8708
8689
5857
4226
8552
9472
5383
7685
4827
552
432
4119
5488
8125
5343
7201
4706
8405
9404
4230
7071
3254
2065
8938
1469
7693
1350
4463
4405
4204
6892
4051
524
3509
2823
7397
8934
725
1889
6899
5158
191
9004
3223
8306
291
3314
8809
5518
8047
5155
5161
9009
1845
9956
354
2131
4792
8121
7657
8246
5758
6207
9735
3205
2903
5093
8633
920
1833
3578
1040
2945
9543
9440
8100
1685
5685
1556
6736
6346
2698
9633
7755
8631
5079
3690
179
6284
8823
2285
1368
3446
1353
3556
6619
7004
3627
7988
5495
2102
6645
9749
3718
3805
9943
4545
3161
581
6617
5159
9031
1707
9173
205
5870
8037
9968
5668
8045
11
1639
9438
1413
3869
6379
2912
5626
26
5890
4011
877
6250
2943
1705
9581
7375
8453
2720
1952
3978
5632
574
763
1572
7003
4516
6492
3561
1094
2208
9807
8815
2414
9634
2846
5221
462
5975
2792
7512
5281
3053
3012
3001
1628
3412
1191
3857
5502
2493
5004
4132
9133
8402
6334
8945
736
1717
5387
4501
4815
6865
7405
126
1541
3850
4937
2543
8072
178
9396
3726
4152
7482
2840
1204
7031
6755
6265
8400
9586
533
4168
4647
4874
8531
1730
9463
4901
4554
9174
3370
5530
9576
3976
3016
563
3403
4161
1853
3112
4584
5129
423
6665
5132
2191
81
6894
5598
4148
5435
5862
2028
2391
9587
5166
6154
3245
4968
8490
316
2314
5956
1934
6408
6528
6394
4723
634
2359
9454
7581
4392
8866
41
1776
1526
5780
3393
5356
2423
6740
7101
6482
6255
4808
5304
9761
9049
4221
4916
7446
1886
2859
7088
6550
602
1680
8918
8967
6335
546
8187
894
813
4419
3405
8398
2867
754
4847
4209
8826
4149
225
6246
482
1782
3020
9027
8450
6169
9055
8654
8803
1225
6041
767
1769
6244
3388
8827
7484
1425
962
3516
4547
9777
5666
3189
739
896
74
1694
1488
3803
3533
9833
615
5705
9082
1583
102
3994
3821
2799
3131
7580
4223
8479
7715
603
1920
9328
1217
8981
100
2970
5232
3251
2431
792
9057
8227
631
7946
2715
4216
7430
2074
8786
7266
7131
3076
9476
7454
1165
5738
4818
360
1570
2324
6608
349
3088
3591
5476
5143
6963
1998
9167
3364
3278
5942
811
576
8093
7656
2247
8186
4622
8747
2622
3266
3836
5463
6158
8145
1306
1404
3539
2697
7896
8750
7309
3463
672
1877
4490
4315
6953
8705
2767
7447
6771
6497
7543
6212
9131
3953
9948
7333
4267
662
7931
8788
1196
9126
2160
9061
201
5368
9144
1487
9272
5206
9891
8799
2171
9177
4707
6573
810
288
3901
9235
3135
3729
5389
1885
9689
9806
6925
6197
1499
5854
7104
1195
3317
9155
4863
7964
2871
2018
7034
3717
7910
9500
1021
4774
5609
6976
105
5709
403
4876
9522
3843
6039
2626
5080
9654
1250
1631
464
1756
7680
7299
1461
2651
5077
2619
8199
9901
6210
1163
8935
5278
1727
8299
6208
2794
6673
747
6792
2780
6397
5892
9022
3568
7102
5138
3528
6409
5407
1915
4653
2355
4398
2418
2778
4171
6590
9509
9629
6918
1549
3380
9903
1080
1944
5431
6980
2490
6654
590
1001
9717
2346
561
595
4449
8676
6286
5514
6718
3779
7321
7570
3436
63
1618
2469
5754
3508
961
2845
6268
2318
5901
7806
2129
9143
3234
1137
3628
7324
8443
7250
7726
23
4370
5603
254
1241
5485
8846
7954
9650
4452
2785
180
4497
6599
9876
9052
6777
2620
3456
5001
2705
982
6705
3523
7948
9347
9625
7918
51
8836
3549
2142
7670
8057
9448
9399
3861
1063
8229
1614
5169
2454
5069
232
3109
5095
2240
5076
3642
7461
3324
8026
6806
6631
8900
2976
6872
1804
5245
7377
3181
1501
729
1391
698
8797
1624
70
2146
651
1184
3394
2696
3241
6911
8594
772
7924
6585
6260
3567
5
2097
1904
9526
231
1613
5875
746
861
2261
1622
8830
8039
2881
5148
9168
6513
5272
6296
7136
2612
6664
1675
8662
8950
3652
727
8193
9257
5020
3032
6813
6080
5047
1058
1127
5944
476
1037
1162
2011
8315
4609
9439
6135
5360
9461
9115
1779
406
1857
8439
7747
4129
9958
6032
8331
4558
5567
3548
785
1135
6175
1267
5836
5261
4313
9417
4248
7775
151
4448
4764
4656
9681
6881
2038
1104
6710
9718
2407
2393
3258
8629
3239
9001
4515
9641
3518
9316
9149
4960
1729
9738
2898
6179
2239
8824
2834
48
1647
188
3820
2782
2322
7707
4279
5513
879
364
6564
2607
1057
9978
9201
9585
5650
6735
8204
768
5011
1323
2413
5886
4241
9416
279
8504
9866
9390
1688
4373
9012
4561
7498
2975
8329
1739
7551
7783
2132
8264
5706
9197
8468
7611
9600
744
7762
8848
3281
1451
5218
2323
3576
2547
7412
3086
4989
3981
6621
4536
6649
1826
8764
1173
4559
5438
7511
745
8147
7626
1274
2045
9740
4123
5778
1069
5721
5224
3346
1140
2562
7383
7111
9419
3721
921
531
4733
9093
1834
5128
5078
5179
242
1732
9364
9824
2770
5285
7118
1273
4235
3165
1182
3304
1438
34
3558
5736
4715
3635
8956
4599
3046
4791
9947
6413
5045
8854
9529
5747
949
6182
4875
7226
4327
5352
5026
5085
2402
1636
8793
7920
5241
8495
7268
2180
1750
9571
5469
9645
1676
7477
7278
7399
676
8259
8188
5506
4580
5585
239
853
5967
9452
8472
1349
8282
4533
5733
7392
7432
3552
3235
6500
1100
1627
3653
8208
8587
6658
4322
997
8500
7719
8180
1346
1974
5284
8387
3697
2539
416
4958
7149
1133
9226
4362
3589
8921
5860
2327
1406
9643
4683
7474
5393
3386
246
7049
859
1483
340
2704
7777
6161
7995
9204
9016
8575
4751
6782
5907
8695
5604
7571
4066
5496
6748
8611
6680
5916
1758
1626
131
9222
4870
7350
8420
1785
220
2025
3872
9368
5222
8559
4487
2269
83
1271
1517
6520
1749
3990
5581
1130
6759
8058
4921
4655
2444
6280
3343
3099
5062
1089
1665
3125
8972
1050
9134
9429
1735
7030
9672
6951
382
3347
7842
4272
2330
2182
3947
1902
2719
8755
2617
3209
2218
1384
5380
3912
6011
6186
6693
8917
5059
407
5414
2153
7703
1495
4678
2884
967
6688
4249
1168
2992
426
3862
9810
3303
2246
8442
726
6258
6098
9303
7932
5445
1943
9291
6133
6909
6949
9471
7905
3986
8079
5742
7166
5621
2053
3263
1155
9638
7767
2656
6921
2043
3377
3014
6614
1979
5828
5679
3975
2
2938
5384
3220
9776
3691
3307
1672
452
4686
8550
5459
1275
2643
1023
7123
3930
873
8463
6019
5654
3971
2001
132
390
9453
6417
4573
8715
6458
2893
6225
3202
4386
8211
4133
2709
6322
2550
5439
4344
6174
7067
3572
6451
1147
737
6535
3139
7809
2417
7686
159
9283
1616
2200
8626
9601
8991
9692
3427
3939
1683
8507
4048
6940
5475
6380
2164
1176
929
8669
6343
1436
6561
4504
7027
9389
5951
1453
8652
5662
7628
7673
433
29
6851
1515
7819
5298
123
1576
6666
5464
4636
7664
7216
2206
7440
6924
1710
2186
808
2628
8114
3962
3696
1719
7041
8298
5054
9944
362
9840
8798
2333
1623
398
16
7033
255
1849
8178
9314
61
8753
3913
1748
5935
2520
6567
6626
8244
8876
4837
5548
8003
6978
8437
4618
146
1592
163
5809
2145
7768
8163
5070
9164
2831
9245
6012
1145
3781
283
6707
9056
8132
2759
6842
7794
2394
2933
3153
1780
903
353
4800
3926
3282
9647
3720
7744
3940
4001
2172
7185
2412
8928
182
6
5785
895
738
4050
9965
8605
304
8694
3230
5349
4699
5903
7533
8523
884
9053
854
3407
7072
1604
38
7106
3130
6184
2732
4330
9014
2189
6238
5577
9895
2252
6770
1777
6694
2082
9897
5403
7437
9112
199
392
8040
3987
6820
6938
2681
9699
175
5365
4846
5260
3951
471
3167
1018
8492
6639
8952
4130
544
8969
3287
3602
5410
4912
693
6053
6850
2841
1590
7631
9445
1065
6556
3741
7508
7178
6854
4023
5722
6623
4013
978
8088
2372
9407
1460
5322
6529
6326
7996
7173
5863
680
4008
2896
7969
5817
5648
6749
1431
9154
3989
5350
8551
632
4776
234
3085
9759
6219
6557
4015
6480
9615
7701
2341
6930
8272
5212
9005
5354
2092
9778
7153
3222
3323
9928
4421
9124
8478
900
5508
6234
9307
7137
2266
4108
3078
4049
3992
9132
8987
2535
4310
3081
1724
5213
3884
2868
5057
914
3919
7669
5036
7176
4527
9147
3577
5958
5529
5149
3129
373
8863
8473
8466
3722
2397
3457
4945
9136
717
4817
9462
1963
6920
3402
3009
7007
4177
6378
4028
3682
8634
9830
1187
3095
2905
3448
7607
1981
7888
3294
8920
3706
1059
134
5058
6049
7617
1723
4324
2430
2665
4641
8485
7825
9706
9622
2193
1149
5787
6106
4887
4019
4389
9877
1296
4819
9202
6888
8791
4443
2816
4762
5930
7615
6697
1440
8515
1412
4406
281
3914
5040
1160
4927
7678
7973
9531
5277
5760
9306
3998
4889
9422
4377
4673
6402
9516
8496
3784
1703
1344
1937
1148
4539
3587
8529
1496
2540
109
1784
8172
7339
6354
7160
5044
557
7613
3221
5182
787
6713
6432
2707
1667
427
4384
9727
8269
6655
4243
1746
969
6769
7907
3069
1513
8019
9694
1651
4726
3982
8909
2344
1753
9443
7675
9475
7367
9378
1660
303
585
3067
3079
567
3022
4842
5517
7629
9908
5978
9920
4097
4531
2130
9763
1203
5900
8222
323
4
4355
2462
8517
1445
828
5120
2034
7555
5501
7592
8144
5215
363
79
306
9402
5683
9304
2958
4092
2635
4743
6017
6332
8709
3158
4462
9536
2793
1954
7539
3963
6783
3866
3358
3270
6028
5255
4920
1761
7827
30
9350
7705
4065
7090
1740
3751
9868
6102
5189
1407
8692
2471
6087
1786
9420
2183
375
7052
3391
1791
8392
8240
2830
1293
1262
10000
8428
9705
5060
1977
8984
4947
9960
8761
9060
9524
6448
84
3225
3369
4456
5228
8149
6449
4229
9230
4357
4942
5116
1767
6972
5415
966
1689
3817
6534
1090
480
2466
4993
1114
5803
2420
5461
5652
5516
7612
8643
6226
5686
6156
8075
5489
7769
1347
1561
764
8155
1634
7448
9844
5264
734
7271
1405
8217
7423
5707
8455
6943
6817
1645
1415
8543
4053
9851
9129
4859
2179
3748
4856
8347
5519
3044
8730
9040
2801
3128
9127
221
5925
3215
9515
247
2013
8349
6742
5914
4590
7817
9671
1450
8087
543
5467
8966
7609
2648
5250
5660
6164
189
7832
8067
8526
6928
5720
7203
9665
2308
2711
3593
833
2156
1825
1606
4607
1942
7660
4031
6987
3193
9267
3174
8017
186
9894
8645
5690
2560
7742
1372
2897
4117
7889
9125
3392
5162
4639
8399
7795
5385
924
4514
4094
2459
5651
3860
4576
1213
9171
1569
6423
4714
7422
1990
6155
8085
6882
6126
8308
9393
4823
7575
3624
9589
4981
572
5418
9927
2366
5988
2630
8603
9037
4376
9832
9606
6325
6319
6065
851
7306
4793
6222
867
2249
7361
2833
9254
5147
848
3758
5444
5490
5154
7252
526
2818
5141
2558
3178
6974
7156
5112
7486
6632
7986
429
8618
9207
7384
9180
7195
3246
3259
4700
2377
8840
6744
7382
7556
5918
2230
7356
4984
6868
9288
8289
4593
2141
5638
2670
8539
2953
262
9459
3355
2398
7894
9039
3762
4925
3499
2939
7595
9474
2557
4721
2225
9080
6946
9494
716
3075
9938
1028
553
2248
9574
4574
4372
1441
9784
2797
8895
2055
4825
6696
5693
5481
2409
1646
7331
9275
2216
1467
5729
5874
956
8170
454
2878
652
5538
8608
3399
5563
817
5238
8271
1527
1640
5196
3639
5337
5016
9991
9329
3983
7550
4509
1600
46
289
6601
8221
6764
8957
326
9799
88
1401
9379
8653
4548
1334
264
6236
4205
9755
5170
7638
6716
3228
8965
5858
9482
8501
7254
9017
5750
8766
2443
6776
9760
2576
6038
9988
8418
2426
9281
6998
5174
5983
6272
9541
3617
5821
4284
5144
8843
8756
5336
6183
3827
3770
9406
2914
6724
6786
9111
2119
6067
3118
3808
3520
1039
8197
1356
7504
5190
8936
1034
5405
2202
1861
5098
558
4858
5479
3371
4943
5784
3644
3842
4670
7565
9725
6173
2857
6054
4482
3921
1773
6808
7232
798
9614
1907
3728
9355
1134
9317
7953
9535
5234
1697
4661
6453
3801
3062
197
7993
4301
7144
4550
8953
2438
591
1831
77
6404
5623
1709
5993
8043
1432
342
2481
4965
2223
1599
2059
9842
8911
6629
5052
7015
6123
4450
2838
4169
8699
9092
9029
3459
749
2155
4959
5191
580
4992
6914
5689
1822
7096
4689
794
6647
5280
9521
9498
6318
7197
7409
7274
9391
6887
4564
6070
5697
8849
2441
6962
218
2551
4557
2063
4183
942
8427
1751
9817
1185
4273
4477
7622
7170
3441
3543
7687
6433
3612
6999
419
2139
5466
1713
6381
5550
6932
1772
1762
1854
57
9720
2214
2525
9427
4581
2361
940
1520
7237
9630
9798
3335
3599
4583
8015
9914
1657
1463
258
4832
6659
2821
7937
4569
3496
5204
5656
1725
2980
8772
7782
6490
8295
7127
8519
5541
9310
1951
6120
5801
3920
3950
5186
3611
2679
741
1497
1921
7304
9203
4696
6416
1912
5724
7047
7908
2245
6060
4061
5503
7325
7523
7290
4287
2952
6100
6620
4672
999
7053
8688
4614
1973
430
1027
80
8345
5627
1074
3226
4063
8052
1045
2496
1491
2054
8816
5768
1239
2586
1374
8381
8296
5145
3055
9262
334
397
9277
1824
624
203
9424
1370
4777
2477
5208
9323
700
5807
3124
5487
4955
5968
4336
9668
9433
9747
2118
3430
8378
3291
8248
6377
6671
2680
6722
1677
8001
6440
868
1575
2133
9185
1313
2919
4348
7810
4073
8600
8096
7723
4503
4429
3445
5326
2041
9841
7451
4781
8581
3885
1505
5818
9090
2817
5816
367
6622
7117
3138
2946
6358
2694
5773
2388
4245
5317
8105
5536
4523
803
9330
6840
509
6117
1671
3468
6231
4885
7401
7143
3117
2479
8476
2447
5619
8508
7560
4351
276
1744
9326
9751
7478
6180
5688
1246
5307
328
3991
7853
2773
6224
7161
8277
4192
301
5507
4070
7188
4839
3623
8724
1908
8879
9363
9503
3164
8759
9949
7862
4643
9248
1319
7489
7978
1522
7249
1207
6359
5618
5348
3315
5947
7702
14
908
1206
4692
1524
2109
6239
8293
1423
4849
4356
9256
9578
8943
164
2856
8913
3432
3002
9273
687
4079
7597
3816
4364
6471
964
9977
782
9366
7579
3800
8525
2071
6795
6415
3613
5082
2022
2354
1256
8486
9121
983
4914
5474
7689
8569
8535
2828
5249
5710
4005
3661
7549
1053
6804
944
2937
8154
1881
5757
3260
223
7032
2588
5937
9102
8973
667
7326
8424
2299
3301
4165
1002
946
9217
6834
7291
2376
516
4220
2746
8484
9644
9487
5108
3410
3054
5909
2789
2866
5765
4915
2810
3854
7927
1661
4705
2888
7098
4099
1482
2347
4809
7086
5877
4677
8599
3195
8497
5223
229
415
4311
1812
5139
6474
1317
1538
8979
6466
5957
6146
8964
8516
320
8847
5460
6190
437
4667
322
1859
9787
2964
1910
4738
2776
5505
4671
266
4451
8076
2473
9803
1855
372
2029
1177
4635
2632
7418
6624
9932
5123
67
5971
5311
8540
2181
2086
7037
4081
901
7394
989
5732
9025
4415
1941
6560
9077
7667
1948
1254
4261
6001
5321
9753
1991
9224
8858
1414
2936
6289
3179
4096
3838
1330
4788
2114
1571
7259
9013
9604
6957
686
4394
5049
4494
2259
4445
4325
2815
8718
2814
7112
8253
5761
7828
5083
6796
1024
4250
8925
5165
1112
5534
8835
3350
4202
8537
4828
8898
9989
1875
7791
4476
3585
3573
1105
9934
7330
1917
2667
9793
4170
7082
6916
8583
4191
5663
3455
4244
7773
3968
4971
7897
8976
6103
2150
9331
3218
2375
311
6191
7122
7094
2489
5591
7718
8022
9046
8883
570
8148
2465
4346
7256
4271
802
9033
2999
7431
6112
5594
8932
6036
1087
6248
7493
4437
8396
4474
7834
2593
3705
8502
1382
6170
6139
7400
85
3326
9387
120
9464
701
6201
9548
3306
5824
9150
8962
5296
5146
387
8660
5927
8978
7538
5374
4716
378
5964
6839
1714
3464
8988
9902
4644
2313
2137
8174
9544
4879
1919
3898
9337
9497
5520
9859
5253
4187
827
4491
1209
9884
4270
2138
3712
7823
8291
8821
6904
6144
7727
8763
6312
1894
5804
2798
4485
7577
9246
7838
5537
9508
3723
7526
9160
4663
9346
2640
9104
6572
9446
4420
3013
3159
6627
7559
2428
6743
2478
4262
1932
2367
1430
3227
7370
3640
5564
571
7453
6731
8407
1545
4291
5034
9834
2721
9823
2631
319
1851
2913
6331
9998
4756
4690
5413
7024
5641
599
3774
9231
4158
2763
7288
2014
7092
5408
1510
8897
4682
8607
9142
8366
256
4004
506
4077
8760
6264
761
1847
6760
3787
6464
7179
9441
513
2290
5753
2723
1848
6732
2673
1166
2745
4719
2190
1106
9593
3184
5118
329
8773
7845
8880
8414
4176
5290
2598
607
391
7364
3583
637
3863
2271
9418
210
3156
3487
2532
59
9888
4924
170
1181
9159
8931
1540
9883
9444
9549
6252
7870
7840
3719
5303
8751
5831
4577
4709
3958
4052
4071
954
3409
2758
6088
9635
4328
9964
1652
1906
7009
5997
9900
5734
893
359
414
9435
8837
3360
1976
2276
7469
2882
8670
9632
659
904
2686
6860
1783
5731
9460
7265
2676
9170
979
9096
3847
8717
4585
5119
839
2703
2948
8637
8822
6825
4326
5560
5242
8907
6185
5572
7258
7944
5950
8941
937
2993
6444
7530
7239
6057
2766
8975
7766
5027
3299
9334
9138
7044
6363
8206
8196
3500
9221
9602
5371
9573
7721
6030
9308
7110
6278
823
3452
6494
2047
7985
619
8464
4988
2554
1593
1278
2803
463
2531
5185
9469
1343
9789
2006
928
5844
121
4542
9457
9409
1760
2916
7107
4207
9266
6950
1260
6956
4950
1473
8767
6465
3211
3747
1528
3707
4821
7332
9957
9036
8713
1190
7410
4962
5841
6687
8361
4810
428
4871
3527
2908
2655
1307
1238
6307
4058
3300
2556
7583
8126
6937
2895
530
7877
5555
8018
6646
8779
6068
5825
8120
9259
8993
4418
1367
8557
314
890
4595
6121
6898
927
4055
1007
7218
5483
6790
5217
7912
206
943
240
1251
4127
2977
8053
9950
6816
5751
8192
2682
8746
7704
876
25
8340
6217
7097
7646
5966
1447
6960
8373
5425
7381
3461
7398
4975
9205
4565
6864
4107
5961
4196
1265
3732
6752
2449
9481
1109
5876
3295
2967
5539
6314
7348
2826
3090
9432
9745
5305
1810
2591
5421
1502
8201
4754
8702
1456
7763
4681
6188
8313
19
1933
9264
8899
9354
2207
9872
7199
529
771
3731
1118
4520
710
4900
3349
3672
7799
5372
2725
4843
6092
8741
916
3618
9179
6045
6206
860
2219
3011
9118
2032
6738
6801
8528
7073
705
6214
2149
8892
5379
902
7627
2476
5869
7192
8333
7246
766
822
5589
4228
8514
8249
4549
2951
5735
9215
4698
8687
2197
8825
1988
6763
5339
4532
5163
4172
5953
4996
9490
4054
4519
1245
6558
9875
8303
3292
7421
2026
3832
9972
5946
1448
5883
7847
6215
2078
6814
6310
3883
477
2293
6462
8989
7739
4724
9974
9010
7711
8020
3110
3030
2827
5739
3373
3028
3878
2796
8666
5300
8365
8855
6756
7963
2128
1612
3886
2611
9854
8782
6618
7532
2212
3925
7443
2222
6967
2385
6575
9079
7787
4425
8254
9260
8546
1961
3061
1333
8609
820
7227
2954
3524
5808
6193
3420
793
1494
5906
9992
5813
9800
8893
7893
6130
9863
7770
7039
535
2062
8828
735
1211
2083
1287
7196
8216
2192
5456
9916
158
9024
1223
4413
7386
7598
8294
3336
1682
5592
1656
2175
9550
8173
294
762
8321
4212
9554
5094
7887
722
2415
1386
950
1509
3910
2765
8134
6299
7515
6582
8175
3933
9192
1507
6971
7303
4037
5597
5986
7228
3754
6981
4841
517
440
8267
7885
6131
1733
8344
9109
4075
3379
1120
4621
4422
2487
7362
6495
2009
8817
6046
2864
1897
17
8273
7798
6846
8787
6823
4883
6975
7355
9214
3622
5426
7257
4064
7520
5314
2910
4316
3700
7408
7148
7183
6345
487
6533
402
1970
4983
1419
6467
500
4797
5442
9442
7913
809
1492
7563
8059
4128
5556
4773
2514
5369
91
7987
8818
6686
9563
2695
9594
6300
5265
2008
4759
9216
3252
4352
4725
2103
5328
4524
4391
2712
2860
5894
8585
8307
3692
1892
1009
9468
6549
7213
5331
5268
1900
6610
9811
8722
8281
9386
6983
4816
1823
7518
1310
6906
6007
4888
8890
1041
9473
9434
2669
4400
5601
657
658
144
3497
9290
7941
1839
2820
3166
5056
7979
2140
2921
62
395
9285
1642
76
3813
4082
6852
7950
9163
6434
4917
559
5065
5865
4078
4701
2955
1595
1966
5417
2457
2963
380
3655
5271
6042
8621
4938
5792
3
7868
7688
436
703
8574
1770
3904
9929
6196
6721
3824
864
292
5419
4893
5366
9651
712
5962
8235
6768
2508
3689
5837
592
5528
6862
9555
7590
3312
6819
2099
8948
9551
8107
7479
4973
2215
9237
5782
3466
8309
6064
1033
7424
1560
9611
7465
7466
469
5979
7730
4024
2983
5846
3812
8937
7152
6674
2786
5381
4126
4460
2273
9907
6954
4396
6628
3262
5859
878
8094
6082
4185
7930
7754
3795
2468
5546
1144
8914
5125
2633
6006
8158
9311
2446
6297
7470
7753
3818
2236
5430
1164
5908
587
1032
7928
8371
706
6204
6313
2195
8612
3780
776
421
2602
3094
5130
3331
6262
204
7975
7433
760
3505
8176
5312
4702
9771
3256
9320
8910
5075
7416
7752
5885
3701
584
2891
7535
150
7230
7147
3231
8681
1927
1091
9941
9208
6546
8658
1635
7736
1700
5406
293
8139
1304
4296
6903
3905
6935
9743
5237
4211
2523
7938
111
7935
720
4317
4838
6965
1958
9156
3740
467
9976
4464
4608
8961
9074
6192
9680
4526
3454
8954
1051
7661
8237
8362
5124
9567
1815
4278
608
714
2399
2432
3710
6251
9280
129
5701
8792
6537
7028
8048
1869
1326
7861
1136
2784
4861
4428
3387
5872
6607
7974
4717
7273
8122
2199
2995
2098
819
8602
6545
6426
4629
2850
4201
1806
8441
786
9117
5558
2760
2339
4616
3244
7385
3771
1690
3424
1918
1071
4140
7561
4546
6562
9719
147
4746
9370
1896
9545
2288
6096
649
5266
4338
9552
9042
5716
8924
6450
5833
5239
4936
4179
7820
9196
8029
6287
185
4662
3023
5631
3238
3724
3232
4646
568
1860
865
4189
2892
8555
9547
1345
1995
4568
3510
4967
2751
4401
6714
7341
3111
708
8691
3581
9325
4896
5131
7674
4685
9990
5183
8513
8651
8673
9358
1047
4076
2650
3187
269
7202
7696
9566
5954
1778
8853
6583
7155
4269
235
8592
4426
6818
7967
2600
4095
9206
3804
5698
3136
332
3025
2575
897
9850
4712
8812
845
9688
9502
2343
7411
9546
6229
1132
2451
2668
2988
2350
2151
5769
1803
779
8971
365
3776
3938
6484
2475
6014
1422
3488
8383
8916
412
4592
4383
1956
3977
2262
7135
8806
5991
5832
8290
573
3882
888
6205
3255
7632
7509
4056
1821
685
7374
8534
9296
2872
7483
7390
6375
6551
7415
1816
6828
2365
9712
1294
9032
6505
7373
7487
7081
2734
2360
5074
6684
4537
4796
6982
7145
1649
8736
1878
5708
1383
1261
7525
1602
7345
2123
8397
3119
4122
3327
277
379
4098
1850
8262
5658
9915
4987
9533
7728
1123
5347
216
6202
8036
7413
1180
451
6996
5067
101
3547
7450
2944
654
6073
286
6104
6604
1846
8401
3957
840
2416
4203
9794
8613
1865
753
627
5646
510
3511
2448
2265
4566
542
2329
6090
6295
1901
275
2107
8166
5911
9666
6392
1352
3330
6720
6002
78
9518
4234
5113
7012
6177
5570
7206
4868
9917
2564
2777
3534
7462
4113
5692
1042
9939
2985
5611
9758
7712
3502
3825
4748
3687
486
5171
6411
2061
555
8324
971
8124
1994
9212
3147
3443
6672
5401
5092
9371
5090
6886
9097
6830
1582
8632
2688
6351
9568
2865
5207
321
7219
7168
1721
825
2483
8263
4439
95
6316
3916
4693
4016
2406
6478
4175
376
857
1046
3636
5553
9059
1220
4224
9373
7077
5102
9436
3316
8563
7379
849
2510
7359
2742
481
8141
682
5612
2158
7456
681
9620
3311
719
5884
4378
3714
1298
1301
9299
5574
1747
2870
5682
6243
2116
1466
9857
336
6571
9006
8135
3264
3828
7434
5565
9590
8168
1103
7562
974
7198
6393
8716
9696
5392
8384
4710
2836
1978
759
9342
6203
9921
3043
7501
6195
7792
9887
4571
5294
7805
1409
6439
4084
3633
361
7872
6189
7070
9388
988
3553
183
5566
7788
2356
1302
1975
4935
4522
7285
7372
9655
9062
7962
8444
4345
4789
6227
4089
4668
5798
7998
2310
4623
6793
9736
4416
3453
9911
2143
156
5032
3435
8885
9193
2211
4432
9410
2699
7445
3150
4853
2809
4190
6682
2645
8034
6602
2286
3351
9210
3607
8776
3736
8617
4467
9703
31
7866
8780
3931
9781
6942
8510
5009
2410
4493
2825
8049
3536
8783
616
2075
5524
2701
5922
899
8010
4395
5672
21
1186
4986
9853
3792
7360
548
3338
6831
2748
6336
1388
5396
3390
2184
9356
1800
2300
5335
4353
4339
7945
6330
447
7167
8844
7435
8035
9752
2690
3775
8881
9514
1696
9930
4088
3353
455
9253
9300
7042
4562
8265
1179
3595
8586
8458
597
5046
6843
9412
7190
8556
94
795
9667
8707
7729
411
5107
337
4783
3711
8247
2122
8927
9565
931
668
6305
9233
5005
8214
9997
5015
2453
5151
3790
5868
9682
6994
409
9289
4154
655
7536
5676
3845
2899
6750
8230
5811
6350
8239
4314
2452
8677
2974
5775
4188
2757
3807
1288
8071
5226
6025
9349
8820
7151
8831
3122
4866
3462
748
8951
6337
617
9603
8283
7771
5992
9528
6220
4265
4139
5932
885
5351
9525
2434
230
4184
9038
8926
9089
3848
7731
7079
3638
302
2788
5465
2177
8004
3557
5127
1654
5851
9979
1637
4469
444
9188
3756
3092
9108
1328
8065
5770
3132
3525
9139
3406
5633
5767
4231
6274
7499
7221
6282
6101
1514
3199
8506
1872
8312
6947
6885
5081
3293
7287
4286
5000
3031
8498
4930
664
3969
3917
4598
8874
3660
7519
3766
8106
6047
2637
2700
2890
9933
3201
8056
4884
8968
6216
1026
788
8743
6970
5842
8712
8912
9209
858
2950
6477
110
5891
5156
2303
8066
3614
6719
6539
6989
6469
5671
1828
6357
913
968
6936
9821
6414
3967
125
3769
6832
6637
2127
9922
604
4894
9818
4803
6364
1793
4361
6812
6475
709
3964
7289
7600
4110
5910
330
6127
2057
5491
4155
7481
6399
8804
5928
807
3483
5295
7690
9491
9553
1290
9959
4109
7124
3936
4586
9636
6074
7677
4134
4697
1670
4589
7368
5568
3777
7158
7947
5103
9675
7682
2076
7497
1276
8038
8454
9819
4407
3897
153
9828
1484
2563
7919
7994
6855
6685
3248
4380
8360
7022
5051
5050
6254
8275
1940
2909
7572
6587
4057
8207
4258
9405
2036
5021
6757
4334
1231
9618
8829
1380
2966
7393
560
499
3955
7517
5486
5711
4085
8942
6517
5845
4194
589
6086
5409
1297
2565
1052
5963
9805
1167
6977
7542
7714
7699
6863
6442
5899
936
7019
1421
6689
8649
9584
7584
4160
9506
8205
2876
6230
3253
653
6523
7668
3274
7933
6596
7564
7468
9137
5455
1884
4602
6984
299
8014
9249
9560
107
39
620
9640
5628
515
3004
4411
7495
1067
6836
780
5033
2989
2373
9148
3686
2162
7406
871
8457
5915
7541
3423
6542
8355
313
2924
2498
4728
8382
9865
6390
1787
1893
2495
4911
674
8778
8322
2653
6110
4026
1079
1946
523
7886
9523
8215
7105
3034
6134
8415
8703
7569
7452
9338
5164
6304
4496
4687
6200
1818
842
4999
3579
7114
5794
7925
1866
8082
4264
2159
2618
3321
6479
7069
6048
5086
5084
612
3788
821
6128
9774
1377
4904
2843
1644
2844
2234
3793
7858
4131
5072
3542
484
8232
1632
1562
5420
5121
7659
5717
6437
977
3785
2689
933
6908
3289
1070
1224
9401
9860
3580
6781
3646
1684
5554
6293
1006
1525
5848
3280
3375
2811
3659
6356
2894
541
4312
1752
8342
4957
1277
5996
8184
6386
2787
3433
8857
8471
1687
492
8251
1044
5104
3460
4363
1029
8213
9341
136
2069
3665
4343
2368
2422
1257
2424
2515
9693
4333
2613
6276
112
6660
1143
5472
4799
4570
3840
8532
4753
6302
7984
9478
4213
7582
5454
2244
1500
7357
4289
4233
9993
1535
4404
7492
2634
503
6586
1348
122
7023
7863
3384
3934
5614
7751
4214
8488
3727
9582
4072
2573
3121
7545
491
6762
114
7126
5338
3802
5793
6973
2862
5640
6353
7369
3134
4926
8886
7942
4729
7093
219
2752
6821
8113
5342
4237
4225
3984
3176
4878
8101
934
3003
5920
6822
6105
4002
5590
1547
4303
8103
7635
1611
7876
9486
6366
4869
2968
6360
3385
9722
4146
5586
3956
9189
2282
2405
1745
9867
6365
6472
6893
6504
7048
2023
1743
5291
5838
4227
6897
5205
5718
1796
1708
3625
6569
1452
8413
3566
1019
6496
2761
9770
8903
8023
1113
3322
5969
3942
7980
7058
1898
4427
1609
3601
2334
7389
9642
5014
5510
7208
470
1230
8582
9870
3610
7621
8740
8630
1567
6986
1064
2226
3959
7175
7388
641
9721
1284
7573
4468
3344
3608
1055
195
8358
3337
5211
5003
5500
2292
6690
5799
4840
3143
5302
7640
6889
237
8438
2536
4775
2283
4508
7972
4471
7174
3026
7749
6148
3039
5055
6907
3489
4760
1216
4306
2808
4899
3928
2135
1295
3467
2599
6871
740
8448
5318
1072
7419
3666
8258
4980
5949
3541
4985
7740
9394
9321
7734
6396
3670
9242
8980
5810
2378
2233
7588
9019
8130
9880
926
1161
8429
6459
2923
2374
9912
2683
2590
2458
3761
9780
1532
2089
4956
5644
3470
4431
2987
8623
8341
6418
9669
6997
2572
5893
8351
6715
3647
2728
724
2901
3895
6124
1591
3966
5327
6613
3418
774
8070
9962
2503
6303
4021
7955
8679
3083
4020
2358
6807
4423
755
7182
217
1581
1194
4579
1692
9754
5404
6598
250
5762
9263
8165
4486
3764
1156
4246
8408
9687
9094
3688
1986
2027
5661
4481
5100
6323
1396
2435
2674
7929
8430
1811
1393
7815
4652
184
2716
6499
6945
7425
3173
6140
8610
1015
8256
8639
7567
1247
1476
5659
4790
8376
9372
2157
5097
3877
5540
1969
5580
3699
8128
1989
9598
2110
1843
6266
22
6878
6837
2227
3310
8615
1146
7992
887
7284
4424
1337
2546
5559
8499
7050
8738
7353
855
425
7298
2906
1880
8302
6711
9166
3102
2774
2851
7934
3645
7334
3632
9359
9986
8663
3565
2922
6993
5037
4162
1227
5458
2790
9862
2066
4260
7540
9935
9504
9767
1738
3029
7852
1073
2390
5468
2693
2858
538
8520
1899
4954
6422
9351
7901
3272
5882
8091
7623
1360
8086
6576
2105
3485
2253
5022
6785
4331
5243
2336
4299
6129
5864
8752
5990
24
5292
6005
143
7420
2714
495
5173
3923
6267
3269
449
8745
4403
4308
6391
6023
5126
9178
9609
9145
7836
8046
5582
7860
8104
7407
2046
7587
1883
194
629
6493
3554
4806
7316
7488
2902
1455
8385
7494
4106
4217
9874
7464
6436
1141
4252
9141
8477
1242
9843
6162
3630
6259
3569
4335
3965
404
8867
2835
2692
45
609
3620
3515
8542
3657
3328
1215
3673
9258
1475
8588
1807
3474
4730
3149
3191
1093
4498
6667
2873
1446
9286
3438
6593
7025
1638
5712
4259
6656
8005
5324
7990
7576
7999
2003
5606
5197
1568
7624
1594
135
7277
3100
5629
4500
1011
5898
7574
8771
3298
3778
4555
3996
7475
9670
3133
4787
4744
5105
850
1341
7352
8116
1795
6876
7247
5315
5184
9140
7211
2848
4786
7652
765
7906
5834
8156
1558
386
9952
1266
3676
8710
238
5839
8865
5674
3367
1107
1048
1116
9686
7312
2972
9556
9048
830
9790
9333
5039
4083
9152
5289
7958
1879
6051
5820
8403
1442
715
8668
1471
6922
6324
2080
7017
2015
5263
6235
3413
3582
882
1303
7286
4268
5948
5595
6578
5562
870
9674
9157
4475
4254
1454
2918
8839
644
1838
3398
5599
1633
9484
2994
4814
1480
9591
550
5542
99
1801
4892
6524
7427
193
8374
346
4873
297
7162
9596
2291
5028
9339
1490
5096
713
588
2614
4758
3752
6010
8177
8842
2067
5038
5896
8627
7366
9715
6961
8084
639
8389
4731
2348
9382
992
5664
3782
166
345
6013
7837
2526
1577
1339
8286
8646
7215
7547
6510
1523
635
3680
7280
6435
4650
6589
8861
7637
9605
3791
4757
192
267
4691
8940
6209
6430
8536
5764
4660
7346
5267
1911
8016
154
7011
2461
3396
832
9071
1936
8051
424
1928
9113
2294
3949
6536
9344
5719
5494
2115
7125
9967
3753
5737
1588
2250
9892
8138
3833
5921
4735
7895
9276
6511
7816
8146
4074
4045
3408
8436
7463
3899
9690
9075
5783
8008
3276
5043
2370
8226
521
4513
1020
2404
8770
1512
7319
2349
7633
6385
72
9479
1931
1895
43
7797
777
2210
2641
8887
4976
7859
6958
2486
1335
3302
6447
9829
1585
1332
4969
4093
4794
2474
694
1017
3056
9617
5943
3087
1248
7038
2561
5035
8346
3935
9229
7548
3703
5308
5422
6581
6116
6242
6361
393
9414
274
9542
5259
945
5274
7404
2460
6157
8220
36
4637
5066
8538
677
4572
6653
6890
8894
6568
1870
7643
9392
3849
3702
1511
4059
2049
2396
8819
4242
8042
3038
2991
6021
723
4552
5246
1655
9395
5677
1559
8270
6441
9271
1868
8946
6570
3037
6221
5194
6741
4632
9103
9775
5443
9631
9218
7358
7976
2807
3773
7710
5827
4137
7014
7311
8852
4836
3794
2691
4163
4341
7297
5256
3359
1543
4597
4510
2085
5416
6389
5428
6022
5745
9449
4684
917
3101
3826
4116
2016
6321
7163
826
2847
1049
4367
3522
6605
2904
9700
465
6486
527
4036
4722
2661
8007
4435
8851
5511
2010
1548
5432
1479
5201
8640
2231
2337
1485
4276
1621
869
5099
7790
7314
8659
601
9181
7338
7036
4669
7116
5288
7129
7679
2163
1201
200
9646
5959
15
5759
6438
1395
8136
1674
3320
2166
2382
3354
5088
2031
6788
64
9411
5019
5994
9697
1564
8939
622
9130
3768
8960
2509
4483
4318
4441
7983
9820
4150
6847
6020
6642
1264
1650
2733
8711
8343
4688
2035
1086
7315
9910
8115
3896
6565
1197
1459
1308
9084
5786
7663
4454
3704
9619
124
9195
3084
4067
9886
9627
4295
6044
5269
8027
2295
7438
4027
4359
207
8245
1426
6199
1151
9936
5153
1402
1837
2152
4613
4772
3656
8032
9250
3035
9532
6056
9572
7139
7683
1198
4734
8524
5216
4153
3708
692
2052
6398
8337
3015
9683
5450
5615
5933
6481
3325
9746
8081
8628
3943
730
8311
58
9153
804
8198
284
3755
8013
1101
8905
9826
6338
3616
7141
435
4337
1285
1584
3512
578
2566
4961
2033
8242
1411
8545
9971
1392
1066
2325
981
4931
8878
5849
137
3519
6339
9926
6094
1255
5313
2973
9890
6491
2096
1844
1398
2521
8596
5087
9430
508
4634
6778
8185
1259
9374
4010
7062
3019
2928
6603
3881
3521
8024
4479
5715
1842
3742
5830
4104
4619
1905
6329
4488
8078
1212
6609
8395
2610
93
236
6805
87
4208
8257
2221
6638
7796
7692
1503
1280
8062
1292
8947
3060
586
4720
8616
8491
357
5814
7738
2512
1720
7351
4933
1150
9451
6700
2594
7586
799
4461
1035
9966
9762
8944
2400
3080
1980
935
145
5306
9408
8802
2608
8638
1122
1597
9569
3490
5571
8252
5741
6746
4029
50
3049
3451
8860
3257
1789
9507
2437
6522
5617
2555
6029
6271
4718
2849
5527
1192
5137
695
6902
9234
2597
6388
6113
1984
9380
4144
4600
6728
6737
7614
5498
2644
3671
8110
7529
9172
6995
9768
7171
5329
7223
3941
7884
1218
9274
5484
69
295
7578
7737
4881
1718
6891
261
5636
6507
4266
2154
1508
2947
6382
5702
9051
9251
1521
1764
7040
6661
3397
8435
7414
728
3911
2605
7750
998
8238
439
1235
1417
9906
3873
8423
8845
5713
2492
2482
2726
4857
1641
8769
9845
8338
1620
3277
6040
3481
2188
5642
6640
8068
1542
5806
5703
5008
7496
9511
9045
5647
5746
5696
9987
5653
3649
3677
7051
5989
2194
1757
9881
7966
4556
9616
2781
7745
7212
906
8280
3789
2585
2671
3621
6630
5029
3685
8446
2883
8109
138
335
8671
2805
1766
2587
8425
8685
6900
7784
5637
7471
9008
2051
9465
9846
3363
8733
689
1913
4472
3108
4385
5024
8700
3922
9183
3141
2730
8033
6811
996
1960
2501
5275
1659
6929
6285
7879
7119
4434
3219
8915
3531
4323
8781
3517
3868
2771
9704
9893
1536
2058
7658
7648
7654
3236
752
9659
6072
253
522
9135
5777
5172
2741
9066
6149
5855
7776
9905
8765
4529
5531
9801
6456
1852
1529
4142
4410
9796
1871
6256
5013
49
1643
4979
525
5214
7789
1982
6211
9023
7822
3814
9493
2915
697
1544
1286
633
9750
2275
3145
2113
5101
6309
2274
396
1768
7100
1863
133
3104
5200
6352
3841
2421
6554
3240
7300
2907
2111
8530
3540
4897
2738
2664
5847
190
4880
3786
6772
5667
6502
2606
3376
6779
7238
3798
5177
1008
3200
696
565
8889
5493
6591
5114
5310
4136
4499
174
6107
8063
333
9904
7336
7275
6525
3716
9269
2615
1358
4575
68
8511
7269
1202
4851
8795
3835
1704
9099
3480
6084
3738
5888
5999
3071
7655
1318
7057
2744
8554
5395
6122
8440
1085
922
8317
7376
6109
4659
8370
8266
6588
5902
980
2260
880
5523
5012
4611
3506
157
9660
3318
3954
3929
2603
2357
8518
5333
3603
5480
1550
8598
1736
1797
4778
222
3472
4929
9058
2037
4453
7354
1617
1805
5694
1615
2629
1678
9000
6115
142
6870
1068
9340
9199
5247
5545
9182
198
4528
6333
3890
4739
2411
743
8157
8243
9702
4371
6708
1309
5199
405
8744
7593
683
6634
1311
7140
9327
5987
2502
472
2328
9162
2875
8368
4767
6789
3909
3946
9985
148
1327
6509
7965
6114
7473
2340
7713
214
1444
3212
5763
3809
6827
2084
401
496
8182
9315
910
7029
7864
2739
1774
2419
7229
8287
9360
9044
5225
4606
4430
953
5678
2056
8117
3113
1269
2228
1601
9376
6367
2932
215
1270
925
6178
6540
8363
4120
4030
1546
9626
52
750
2484
5743
2624
37
5299
5578
161
1537
252
6081
9146
7000
9711
8364
7620
7310
9279
2108
116
1403
2101
3555
273
3475
6521
6152
226
5434
8902
3675
5985
2729
4484
3631
8025
661
6670
2812
5748
7880
8641
841
6577
3903
140
2395
1004
383
8974
8320
3760
1862
7606
1022
243
5273
9599
7760
5437
6004
8077
1237
5912
514
5176
2837
4905
8832
1596
5980
3224
5670
3763
5680
3927
5509
4805
6315
408
5521
9779
6125
8727
9539
6062
6791
9211
5293
5970
9088
5031
8073
3115
7066
4256
4489
3296
6320
490
2093
1099
6281
3265
2485
3008
3471
691
9086
6008
1036
7801
8092
5209
5449
2731
797
8963
5752
702
2068
3894
