10000
7167
4658
1171
7668
6624
1482
4276
5898
1733
7537
4980
8191
2996
985
5071
6480
9870
2678
3427
2134
7008
5005
3261
26
4653
9859
9822
8223
5073
7811
2824
1543
8637
168
5649
1667
6429
6212
4992
9424
5765
4363
4143
4453
5074
4030
8029
2433
6693
5477
7457
4404
5716
5274
6250
6836
9059
2920
4673
1070
9780
9959
8358
8401
2257
395
3797
8537
988
4183
1169
1259
7561
9382
630
3073
4323
8788
3039
3575
2766
9017
7485
7792
1700
7379
7523
9566
8697
3771
9573
100
9035
2150
1104
3011
9581
7956
4487
7450
5761
2052
5578
977
682
5925
9104
7364
4252
5957
4588
3975
1784
3168
4739
1013
2097
9013
7486
3354
2123
6134
8754
7477
1738
2249
417
4341
8290
6539
2474
89
3019
201
7570
3032
9886
9466
7305
3995
7502
7120
8670
8260
3505
4882
4680
1624
4735
5170
2004
6755
9487
4775
6496
1549
1215
2904
3927
3513
1281
7075
9049
3445
6746
3295
944
6402
5986
8647
3004
3545
9762
2623
1471
5599
2992
3008
2963
5291
2846
5327
7880
1294
5286
8470
4626
8893
1500
8208
6308
7674
71
7886
7484
4416
7734
1570
4331
1160
2592
6350
628
7073
659
6907
4557
4230
6198
7506
8589
5887
158
1725
8779
2834
8321
3384
8144
2189
3481
6729
4807
2837
4703
3855
7371
3507
9391
3314
2700
2576
8059
320
478
384
5620
4728
7901
1265
7663
3750
2138
7192
1328
4203
4823
9170
6394
7541
4137
7048
2227
6168
1628
198
9902
4092
2298
5424
3957
3021
7093
8110
39
6993
8823
4571
6436
7961
7299
8063
9880
249
9324
2713
8753
1692
648
6714
583
8551
9973
5697
5209
8490
6445
5932
7959
7900
553
9624
878
6169
9737
368
833
8824
7102
7153
8407
9676
903
9584
3144
7838
3864
1933
6121
4836
7725
6506
4947
3150
4200
5053
7410
8914
5276
6227
7422
5851
372
6361
3647
8849
6246
1017
3466
8916
6897
4455
4723
7415
7675
9552
8073
4271
6959
4707
1972
2076
2668
4284
8058
3813
9667
9213
5605
8178
6051
5792
349
1326
5682
4370
6299
4890
1683
1260
8379
1566
8158
6476
9905
1912
984
9340
1343
1363
8013
7580
285
9666
769
4562
6224
9212
6566
6514
2954
1388
9830
6994
7557
4365
9198
7656
4110
9297
1441
7849
4274
466
9475
9848
5200
2515
224
2094
5577
6730
8153
543
6489
2922
7896
8672
6708
9070
9461
6529
3696
7832
8444
7853
3778
7548
1862
8138
2314
1352
5137
9997
9183
9184
4632
3223
2475
4279
2593
2715
7989
9514
4503
2343
936
6125
8522
8393
2225
4465
1392
7641
3999
8710
6050
1095
793
7353
824
5709
2041
5531
2900
6258
677
7951
9231
5624
3182
7144
6893
929
1438
5664
5611
4460
1841
4982
1975
7306
6279
4621
2350
8631
1127
6089
9085
7652
8275
3133
794
162
6821
8088
1345
3186
5859
1036
4544
3391
9804
9658
990
8140
1836
1742
1886
6719
9611
219
4950
5446
8357
1019
7918
629
9614
3493
2149
5356
8319
2121
5367
5513
2214
4705
3469
9185
5554
8552
1216
4423
5110
1468
3183
693
7618
4942
3880
6621
4174
8868
1110
5207
7713
5366
1524
9232
1499
2536
4645
6261
3938
1373
9033
2218
5589
5910
9453
5985
3821
8146
4401
3609
2860
7598
2019
8330
4395
5132
6528
8479
1518
8827
9064
6384
9034
148
5099
5246
1144
8427
7335
3911
2867
1301
2346
3581
7908
591
7441
4259
3847
2843
4367
5731
2488
1638
7314
2848
7105
7687
4764
5494
7407
6119
2874
5426
8888
2541
346
9260
6864
8988
8176
8571
7055
8703
2338
9782
6673
4467
7459
2128
7190
1377
3588
1359
8494
6303
1322
169
3035
3325
6195
4184
1611
5647
8918
4616
2130
3511
3298
939
2500
4358
3245
4140
5017
7439
9464
6651
9425
6825
6418
7374
6575
2370
8653
3986
2780
6849
6867
7588
842
4983
1394
7786
3990
6610
917
7461
863
3914
980
4532
8200
8700
2296
3379
7772
6678
1964
6467
9542
4536
1396
1245
8724
7520
4177
6585
6107
8811
6728
3592
9106
3299
1550
3720
5277
8573
406
7599
7592
4885
3977
9196
9041
799
4830
7762
2420
487
4865
9018
7564
7634
8986
6932
5683
9958
1088
7018
1253
7682
4832
4283
9842
7640
2194
1299
3308
8692
5383
6037
5493
4592
9972
3360
2599
9000
4610
5444
4515
1693
6747
9747
8292
1037
5320
9370
6389
7332
9763
5410
23
1894
2863
3472
6104
191
18
9995
8037
6034
2547
1676
5553
6002
649
3764
6947
1071
4198
7972
1645
1929
5107
7856
7185
600
3718
9341
9098
3913
3598
3255
7409
2902
5397
1516
2635
6870
3650
1884
922
6704
4717
33
1747
9938
6569
8339
3007
1773
9360
1888
9713
8581
9469
9440
4164
9974
151
6465
7307
29
5811
5293
436
7022
8213
7933
9023
4337
8263
7352
1400
2694
8416
9190
4738
906
9226
7685
5699
7591
810
798
9779
6062
7123
687
6838
6312
5269
3408
1084
7
9498
966
412
6660
1469
4727
1699
4714
6388
7803
9668
6501
7311
4931
1121
1629
8099
6938
4679
7689
566
7497
177
4481
2026
752
7488
541
9233
1946
5795
770
958
2378
7340
7244
5625
8863
7083
1498
5627
1702
7194
9728
831
7658
2799
189
807
2087
3422
3839
6768
3748
7133
1800
691
307
4860
9074
2080
7802
5757
1911
1910
4962
67
3284
2882
7004
9921
363
6982
3289
1852
8526
9383
6150
3643
6152
9625
9177
877
7487
5874
2928
7699
8800
7589
9438
3633
5406
340
3204
4944
4805
298
2621
4693
8050
9740
3126
3158
330
3994
3020
4989
3438
3559
5412
8165
4778
7805
3810
217
8435
4486
8595
9911
2787
7444
2938
2775
9608
1618
7338
5173
5836
2342
2955
8404
9963
7840
819
4430
8173
2232
7157
6427
7396
1659
5250
1816
1442
5395
9975
1307
5405
4205
509
3835
1724
4656
2082
7578
7375
734
7958
2221
2631
5802
1885
8132
6102
4099
2769
1153
2503
9613
4265
362
3431
6750
376
5614
9731
2489
4619
5962
128
3981
8705
5090
334
1257
3687
1916
8981
7906
202
4322
8344
4731
908
3662
6781
4594
3389
1801
3516
4402
6525
7025
5467
6027
5294
1465
1372
4803
4250
2053
2410
2943
4700
7256
3237
3541
4973
7397
7980
2154
3889
9042
3251
5454
3729
7581
2998
2117
299
1009
3161
17
5460
5361
9144
9206
768
1985
2336
5567
7151
5092
6285
7312
4167
8397
7573
7985
2622
3584
3234
4399
2497
8949
3680
5059
6748
2740
4152
3444
8155
8295
8841
1271
3725
5118
1430
4032
9985
8654
8802
2835
5777
9778
6340
2823
1783
2429
338
620
2647
9875
7887
8861
1851
594
2730
7345
5119
3305
9010
516
5842
8517
8172
2782
2001
4916
6642
8808
2921
5222
5965
3320
8663
627
6215
3504
87
4748
2354
2814
8309
9722
3443
1460
5817
7114
6286
1998
1568
7399
8935
2036
719
4570
4498
1527
1417
7859
7392
5733
5971
1016
1074
1375
6448
3421
2513
4750
679
6060
7423
7526
5708
4267
5833
4319
2065
7177
111
2868
5411
7865
3082
5674
182
8336
4558
6653
8068
2459
3735
1726
9267
5326
6997
4494
1538
4987
2089
5846
4974
7777
4115
887
5076
5256
1544
3128
5024
3064
1480
1126
9823
9582
3077
1119
5825
8378
7940
9472
5135
6803
6044
2058
6232
9118
634
1198
4133
1452
9350
9555
5745
9965
7127
1754
5948
4718
1098
7516
4101
7287
955
6433
4548
5690
6420
4051
6744
9449
9660
8926
9006
7673
4330
721
601
4375
3808
4743
8572
1765
1106
9855
3272
9272
4678
2641
316
3089
1791
1111
7220
308
3805
622
857
3888
3901
7590
305
6088
5014
1424
4302
3343
8326
9314
1032
2300
4892
3946
4908
8079
8529
5808
5159
4281
1443
6533
9745
2518
102
983
1382
9620
4704
3783
9352
204
1189
9849
4613
6936
7160
9785
3934
9150
9621
1093
3769
4166
1175
8675
3242
3980
7051
1155
3732
6855
4256
1521
5980
7733
9154
8148
7158
7953
4194
5098
4701
5968
9452
8142
7931
8624
5663
930
7831
1877
3950
762
9654
6090
6310
4473
8555
2327
3208
1788
6974
927
8207
4318
7052
9983
7554
4917
476
3517
3402
5561
4113
882
6679
2844
7867
9860
2768
7703
2840
408
6509
6637
4336
5354
1657
1936
296
6703
8229
843
1240
3071
14
9595
3405
4305
1181
7341
278
1930
9176
1896
6092
7627
7993
6884
3352
1391
6618
2994
6324
7282
345
1075
2505
5396
1318
4058
1776
5526
6209
7818
1314
568
7738
9188
8399
6534
596
3998
8324
6115
2854
9125
2749
8622
2792
9768
6066
6481
8377
1511
6687
6196
6248
5739
7512
5214
567
3060
3425
7606
3334
4665
448
9167
3895
3122
2396
575
9296
5942
8264
7619
1203
1731
2295
4894
6543
8603
5231
6885
5645
3260
9171
6255
8780
5347
3583
8869
4354
3967
2071
4013
9838
4691
3830
2241
7826
414
7480
2794
8217
1654
4338
8977
1597
9593
6444
8683
8866
5549
6139
924
6070
4756
8515
8384
2021
5345
2542
8706
5409
885
1937
2822
6301
222
1214
1858
8772
8721
4804
8761
7024
745
6315
6866
9944
8648
2095
2319
3930
579
1980
2054
6021
1954
9882
9937
8883
6331
6940
5157
5487
5670
1459
5681
8061
90
9865
2330
1532
159
2586
1977
1462
4986
9429
4501
8674
1261
3534
1879
8560
4762
6507
3850
7475
6153
1211
3781
5829
9714
9175
5268
8727
1141
8870
6942
517
7033
1043
1594
3766
6991
3626
4229
1592
7300
5638
9011
9365
5973
9647
1108
4458
4525
9982
1383
8147
821
5052
5838
2613
635
683
6851
7447
1951
6337
8929
6320
6278
1867
3127
6122
9871
6547
8940
1859
805
6130
5217
8773
6358
9484
7150
9630
9809
7430
7171
9863
7054
7576
380
5346
5041
8090
5784
8449
7988
4340
4389
9146
9592
5414
9786
7637
3473
5978
1770
226
993
6017
134
2040
1953
2680
6645
4313
746
7719
5488
108
8887
8446
8367
9014
4646
4019
2018
5563
238
3532
6711
698
9139
2642
9117
4787
214
8881
5844
7665
9505
4159
6170
518
4345
2901
4744
6221
36
6650
7708
2933
64
6406
3247
8965
3268
3456
2238
542
9477
4408
1746
9474
88
2950
6915
5876
3199
4476
812
7323
9854
6390
4355
3406
83
9465
1740
2919
7791
4158
4189
9724
6521
8787
3487
491
9238
9208
6998
6237
6916
7222
9120
4010
5545
9057
4441
5299
5861
5742
5667
611
5278
4213
8876
3989
1163
1493
3453
6144
3635
7066
6527
4391
1721
1583
8284
5613
1757
3993
8734
2260
8074
9205
1830
9195
9335
2626
1949
9513
6295
8489
2864
2523
2976
9586
13
9549
7297
9488
9947
49
4324
9168
4428
856
2865
7932
9956
5540
9636
1058
2570
8577
7039
5344
2912
1767
8317
3288
54
9820
7794
7308
5636
6241
3706
1124
1541
3274
3608
5435
8851
8566
6213
5478
6516
2113
4346
8875
5764
2964
774
1040
6806
7508
6202
4877
2229
7037
1652
9093
3812
9192
5120
5378
4729
2734
5070
9163
6370
1665
9538
6203
8520
7967
8141
8012
6033
619
2873
77
2783
7154
7491
2627
775
4187
8945
4410
428
2539
1485
5026
2139
8233
8701
4263
3230
2397
5897
9005
5799
7834
7855
3098
9128
8994
8232
1820
1642
6600
1963
7620
7922
2385
6918
7780
3329
9320
7436
6109
8023
3172
7552
4625
6754
2519
3449
1117
696
8842
7265
9229
1020
3451
6346
3979
449
9699
186
1529
248
1446
2567
4674
4107
9358
5428
2712
4559
3721
3235
9160
2926
4686
6095
5067
1616
4368
5772
7715
1227
2971
2710
4081
779
4469
9631
4795
9091
8306
5889
1387
4720
4059
494
559
8746
7914
7631
4565
157
4037
6305
6345
1042
5953
5738
7064
3140
331
5471
163
8150
4649
7679
4725
9357
9826
2454
9877
2290
4232
7432
1789
498
2788
6114
6764
7603
3157
7866
6461
6573
5823
1247
9680
8519
9529
8536
1909
6970
6902
1508
4096
8281
2288
6925
185
9066
9384
675
9671
4509
5671
3713
7899
8630
8812
4837
4396
731
8216
9979
9082
5566
4605
4162
1681
5822
2991
4899
5853
7998
8300
894
8055
429
4812
6242
9578
3734
8168
8862
4549
7872
6023
3829
9738
1535
6028
125
5187
5725
9532
2324
9813
3741
9810
1292
3309
9155
6551
2074
8801
7934
3745
1096
7545
3489
1475
5126
2562
5691
1649
3200
8580
9750
4405
8390
7789
7099
7303
9560
9906
5920
2739
3574
7180
3054
9038
4858
589
5618
4822
5633
1329
2389
4448
8864
2493
8854
4380
9943
7406
7327
271
8389
361
5669
1720
6674
2714
7596
5676
9476
3613
3926
3969
7615
5028
8953
8819
2188
467
426
2313
3279
6087
5849
5588
1258
3079
4468
2548
8226
6956
2961
6898
4043
7748
2801
2283
4334
112
3675
5788
2186
9852
9020
5491
2805
6274
916
3316
1632
1280
5373
431
333
5982
5729
8429
6720
5678
7547
1609
1882
6710
2538
749
8162
8078
5893
9327
3915
4766
3646
8591
6976
1158
2884
9164
3003
7973
143
2416
286
912
9807
6852
1263
5810
9998
7388
8468
314
1006
3396
5984
2219
1918
4866
4262
3630
4660
535
7754
213
9502
2811
3213
161
8307
6282
4726
2158
2356
9462
8681
6842
7246
4615
6256
3851
4328
6625
7455
9077
6218
9431
9878
6347
2471
7368
9221
3326
4036
1316
3293
1217
7418
2078
3116
5131
7919
3594
8733
7112
8219
6802
9935
454
3192
8443
2206
91
9837
8507
1507
1494
9503
7509
546
4888
5084
1847
7184
1450
8771
318
7079
9088
6175
3616
4436
4379
4419
3024
7905
1304
524
9148
4608
1334
297
907
1282
8056
8797
1252
1362
3397
7238
9899
7622
2702
4896
889
3318
3898
3165
7023
7891
75
1763
7629
9879
3059
2899
2598
2628
3576
7666
9757
1476
6041
4223
6771
8805
1001
2525
8568
7628
3782
6510
4889
4948
7085
8440
6452
2667
7692
3655
7062
7427
5002
9162
1340
3195
173
472
7947
38
5786
3304
5284
1976
4773
7264
4000
8287
5134
2650
2063
9028
1184
8419
6614
4332
2399
7010
7280
655
2517
126
8462
5727
4719
1354
6234
1251
3373
9015
6683
6049
50
6872
9939
3486
9734
1689
4320
4672
6009
5375
6020
3337
1940
6302
176
5103
1619
5481
3074
849
8607
6505
6018
5308
44
7000
7206
3125
1581
6332
9934
1878
892
9929
8743
5827
724
2773
7214
7057
923
7289
6046
9920
1264
6912
5852
6271
2222
7909
9715
4403
4097
8666
8973
3433
7169
4609
6151
4856
5931
7433
1191
4737
9772
2979
3066
5629
7141
4303
5746
1209
7904
3831
6559
3654
2942
4182
4123
9393
962
6494
1684
6787
6071
5309
4964
4006
6999
3563
1224
6769
255
354
1297
5149
5040
137
4638
7544
4333
5616
9683
9977
598
8334
5515
8193
4314
66
8192
8268
8641
7302
2808
1818
1950
827
5023
9376
652
8469
9730
4342
4201
9290
5564
4960
4529
3523
3970
5517
3383
4298
4561
9045
3239
512
2301
1024
9419
8426
6376
2652
5151
8253
3539
8822
9525
1798
1698
9893
7746
2872
8315
4257
5890
6343
3544
3648
8126
179
422
4041
8575
4699
7232
8534
7978
8550
293
7730
7717
9344
3900
8987
9629
6773
7979
6497
8795
6757
240
2254
1321
9197
7784
8051
2365
9235
7676
2180
6879
5086
6615
788
8222
970
6692
5884
8154
251
5915
270
2431
8028
8262
4142
7764
1335
9770
6985
6479
1226
1353
5902
5392
5066
9800
9301
1897
3763
8902
6179
2587
9436
7479
1230
2481
8807
3790
3952
8347
3978
6446
3904
6024
1039
118
9086
2230
8809
848
7515
5177
7390
4880
3068
5537
4808
957
4462
8778
7081
934
400
2182
9700
4049
7489
5677
8960
6129
4530
2124
8694
7625
4576
9113
9791
2153
4440
2917
6736
8682
4547
3052
9777
5996
8889
9903
9580
6607
1686
2056
1596
8991
1432
3197
2653
5988
5472
8034
6081
5049
6140
4915
7344
5623
8323
4711
3094
8052
9493
8062
3758
2756
2804
2649
678
3622
2750
5083
9339
4831
5510
8925
9968
5453
2575
7680
7720
729
1133
5650
3262
2683
9816
3437
4842
4745
8359
8548
9485
3231
2244
2190
9242
175
2381
2746
2119
814
2201
593
3853
3167
2280
2701
1266
2490
2764
6924
1033
673
4669
3666
8704
8103
7070
9458
9559
3276
2114
5247
6251
7333
3143
9783
3753
7714
3529
7320
1414
8504
2927
4289
9812
1242
304
8106
9326
5051
1973
4563
8608
3109
8335
2556
2618
8962
1901
7137
1319
4662
8385
8454
3338
5189
5543
8852
2271
2957
2850
3238
8633
4553
9078
9348
8848
9274
1714
2359
6341
1808
2006
8853
8708
9130
9321
8349
1229
6155
8897
6160
114
651
8915
5511
5995
1421
4384
4280
3825
3919
7532
8715
4360
3164
9119
4231
7182
9644
5956
4976
6223
913
5939
3562
6830
3954
7318
41
741
7597
5816
7535
625
942
4385
9329
7224
2430
2377
2881
8669
4961
4814
4742
5704
5807
4955
7688
2691
4127
1274
6782
3173
9742
5445
7242
3671
9288
697
3418
2441
8076
536
4493
6493
3459
2466
4300
1323
6684
8391
8121
5821
558
8632
943
4952
6492
3759
9704
8108
8298
8605
3899
645
2293
7337
4698
4277
9051
661
418
3361
8198
507
9116
1826
2657
7963
5999
991
7660
463
3191
7118
3833
5721
3215
2512
700
2785
4811
9760
273
4690
5039
252
2573
8756
9835
4060
5875
4994
705
3924
5104
1174
633
3818
773
9338
6605
8102
7807
207
3787
5653
8135
9735
4689
9368
452
4472
2772
4851
1779
9569
1416
851
1514
8891
1090
3756
425
5259
1255
4478
6054
5546
6186
4939
3827
3328
9182
5335
95
948
1129
321
3393
7324
9706
8590
107
8579
3351
3908
8729
4921
2132
8660
658
616
2398
4490
9969
3145
5628
5350
6812
1505
6716
2803
676
5519
4945
825
6191
327
680
8415
3002
9036
8855
5394
3093
531
5042
3426
2276
9746
3845
2761
5737
3417
4539
5440
2565
4957
9889
8686
8366
3130
7795
2263
6662
2224
5311
3179
8432
7760
6075
335
4224
6962
776
2178
8765
4374
8087
4840
9673
3550
3811
7225
2092
7050
6334
7122
4499
8770
8983
2731
9761
1661
3229
5769
9443
2463
3083
4512
726
8602
9672
4927
9817
8838
5176
5574
2763
3258
7747
1857
9682
1490
7684
4511
4659
9405
9558
5640
7648
4459
703
5479
965
9645
2462
6048
5790
343
4153
5251
4135
2091
4782
2334
8886
3728
9354
8584
904
5288
8403
9927
9591
1838
6403
3050
4315
8476
8967
7260
5237
2742
1418
1552
6166
5466
9178
4534
2806
2432
5701
2485
2608
6026
2208
2911
8950
4907
820
7166
3503
5348
2174
5559
554
9026
3101
7970
1202
6741
7172
2818
5756
1764
2690
4601
5740
7517
4643
8736
7706
5819
7755
7997
7115
103
4047
1426
3049
4596
901
972
9507
7968
4990
2807
1376
8455
6289
3747
2140
2125
9455
7882
777
8337
5358
1865
982
7385
1854
6349
4936
641
8128
3153
7897
4454
469
4507
8749
8383
2866
7178
2362
4736
4418
5096
7254
4641
3691
9447
9381
5018
8759
5535
8247
2862
1823
6259
7939
6977
5781
7040
11
7868
6871
7875
6880
9993
5987
1718
6530
8019
8285
9007
3355
1057
5423
8033
7742
4781
1591
4064
9252
2614
4834
6783
3649
496
6606
7281
5700
8312
9179
1364
7358
3222
6832
1641
755
9374
4181
3743
2335
5300
2279
2160
1968
3174
5455
1577
8000
1958
1680
8750
2156
2131
8702
8638
8885
1889
9883
5027
4560
1082
325
3424
1135
5069
7451
115
4933
6267
5814
5063
3129
6270
8937
3686
5809
9733
5981
7704
1824
5983
2925
5705
2965
1526
624
6919
5174
801
5093
2892
6875
6233
4272
3180
7981
1035
8345
4074
8100
8513
8243
6914
3883
2857
4128
7722
9904
2017
9437
3799
9545
1208
4629
1038
8959
790
8898
5208
7431
8668
8177
8625
2695
834
1404
9910
8567
3057
9540
5243
9199
4895
6100
9628
2086
6254
5557
5839
441
2743
5228
7257
8741
4378
6841
9840
1883
2821
2183
511
2861
371
5029
1399
1690
7763
9908
7179
236
3932
6904
3450
8596
8412
604
3353
2876
4466
7016
4024
3886
3929
171
250
7283
8984
9541
9743
6118
7068
6843
9278
9546
1707
5416
4978
4444
3275
6187
1132
967
9379
6137
8425
669
9518
1534
5297
7534
6819
4535
2795
4920
7234
6682
8944
8598
9933
4752
847
3474
9016
1064
1205
7204
9978
7361
3401
4206
1358
7201
5710
5974
5805
8036
5459
7705
5665
3184
2109
1256
623
8252
3878
1069
7723
1025
8436
7336
5820
5234
7572
6641
9497
7482
117
4309
443
6468
8009
5398
1678
1520
2287
8159
2603
121
668
732
6323
7380
5484
447
3228
3973
7460
8924
7601
4474
290
826
4879
8070
6158
6877
2195
8667
1551
2907
370
5387
7756
9767
9366
8386
3767
6840
9867
3430
5696
6133
5901
3678
6475
2133
4555
8003
5591
6554
7669
6681
4258
1900
3046
1666
9332
3036
5631
9696
2428
2686
4671
665
5680
1872
6531
2855
2495
1575
7913
8814
2601
7330
9599
7895
9134
1971
8254
5317
5750
6824
3843
8764
6478
196
9926
9516
6269
4788
8593
5498
1293
1580
166
8769
7329
6817
6574
6064
6163
5431
5606
3072
8356
4202
3121
3906
6101
2050
5315
9331
8272
7198
6724
4103
8362
8328
6084
6901
4114
3087
5254
4517
4969
9149
2893
3823
5534
6317
1673
3224
5514
4835
4734
9227
4794
1231
4846
6740
9960
6822
7824
9888
5891
2571
803
8032
8189
1021
6424
5955
1060
7842
8892
2888
4121
4753
1915
3807
8450
6626
6860
7013
4527
6613
7661
9043
7296
5878
2604
72
701
829
4111
9448
2776
5490
7080
2659
4730
5660
5312
9131
4631
5908
7525
6485
5386
6377
9444
5734
783
3411
9271
2936
7384
632
3749
9395
4377
5855
2752
612
4079
4356
1531
2386
7814
5169
9409
650
4958
6619
7776
2859
7741
621
3257
8997
9981
2672
5600
3631
3925
815
9
5439
712
959
6106
5012
3441
3931
786
1444
5748
6491
1342
6474
8242
7348
8184
1887
8818
1643
2348
3356
2654
3241
6230
4125
9511
2308
7566
3349
9831
2148
6795
6396
1670
1777
7767
4172
5359
6935
8879
5420
6469
7143
1348
8948
6164
7456
3181
2205
1330
9398
7026
7435
4817
3434
637
336
9248
5122
2581
5480
4294
1610
7170
7286
5365
495
8821
8506
7315
8053
514
4072
1156
2181
5936
1796
35
6045
617
1495
421
3403
2042
9166
2526
613
3189
5342
2501
1898
4774
5102
2738
4219
485
2073
3146
5475
6958
1235
4208
2316
1360
6664
2323
548
4985
5944
688
5408
1303
5888
1875
918
1018
1200
9627
998
104
8752
3097
80
76
818
9187
902
1028
5235
6276
5156
6526
2032
6078
2987
5022
4893
8509
879
8451
6108
7473
6149
8530
6888
7255
9250
9046
3062
8365
3013
9450
9362
8699
324
9012
4275
3104
6987
525
740
9132
262
7097
3374
2719
1736
835
5522
748
7148
3303
1759
1357
6188
4288
7351
9361
8815
4011
6442
149
1120
130
7638
7533
3590
2277
5485
7678
4523
4514
7511
6567
9255
2143
97
4175
9194
9245
2157
6707
7823
7521
2838
396
5258
809
971
4798
8238
6955
28
6733
7449
233
5111
722
4400
6217
6001
6808
8123
2360
2698
2798
3510
3849
571
2250
3336
4424
951
2144
6950
81
7426
2611
3822
2895
2755
8361
1970
8658
987
2735
4190
3651
1853
3774
9454
1112
8209
8934
9524
8982
8410
391
2530
9814
10000
7328
7481
5415
7623
4077
5461
9406
2540
8433
4357
5928
1849
5927
5265
8785
2687
8279
6135
295
562
9121
7334
6058
407
1621
8758
1839
8553
416
503
1170
1389
4168
5940
7362
2679
1509
5617
3828
9234
1137
5048
9060
9389
9623
1595
98
259
764
9173
3974
3524
8539
7941
4640
9570
4364
7250
8952
3169
3682
356
7001
2248
7060
3746
42
4857
322
5340
6522
1744
1708
9847
8634
4757
3188
5425
4647
7876
1458
7354
6927
4722
6359
890
4819
2898
6318
9585
544
6874
7585
5095
1668
5648
8
919
303
5078
986
1344
1782
7350
4953
6219
3739
5551
4160
9866
888
9412
6553
2424
8467
5555
8041
5753
4406
9758
8251
2034
7538
8643
1411
7424
1109
638
5185
1914
4821
576
9342
6074
1729
8125
1622
5192
2211
3597
1833
4677
3641
3964
9564
2352
7693
538
8919
2836
2716
7326
4431
9479
5360
5835
7288
2167
6910
6405
2703
7584
9912
6173
1705
1347
8182
1122
1737
8619
3953
120
5114
8021
3210
5979
6410
8465
9207
2107
9862
1004
8256
2531
5447
5000
5171
242
7975
868
7006
369
1101
7848
2307
9967
720
1959
4934
8906
1945
3578
155
5043
9305
2108
6831
4848
1590
5400
7175
6541
1423
6053
845
5463
7583
1674
311
3040
9141
9224
4028
6971
5711
4306
2341
3388
8895
3897
7468
859
8739
9079
9087
8269
5826
9467
9369
7649
5289
6661
4122
6732
2524
3265
9530
3137
1131
200
7056
5570
2455
352
6297
374
3656
3717
3030
5991
2560
9587
1290
3629
6362
4531
4926
2643
4266
6220
2670
7493
9539
2253
4996
4163
3085
5857
6960
9669
9347
9434
4593
5886
2265
7990
2414
5458
4636
9222
5330
5723
7992
8781
1063
205
9567
7943
9421
7074
5127
6654
4847
4617
4157
2045
8542
8543
4470
3657
9410
2146
2067
258
8097
9707
802
5954
5279
3132
5997
167
2309
5866
9744
4943
2646
3780
1584
9845
6036
7501
7645
7021
7553
5224
5609
4178
5921
2469
2449
4217
3203
2373
7639
3937
3399
9665
3600
9543
8402
9500
7586
459
483
5091
5430
1711
3773
7321
6594
1927
1931
7138
2010
2510
5144
3506
5845
2597
7562
7828
8332
5497
8118
2246
6996
187
5100
7915
9521
2718
9112
884
8614
9739
3302
2198
2665
5275
2345
9396
3606
9325
4485
2320
6243
3139
2995
2237
6951
9841
464
215
78
4086
8421
3114
3335
5221
8493
7471
7787
9896
2502
7045
5832
280
5349
730
5858
8905
4801
116
4984
7954
1007
6686
4506
6006
2894
9432
4451
5550
7938
4005
5314
7107
5418
8008
2989
7217
9371
1907
9439
2674
5338
2303
203
2476
2048
671
4390
3465
7134
8002
1136
4676
6200
2553
8762
5556
6582
3014
312
9172
789
8049
5145
5482
8291
6076
9821
3112
9228
1425
2830
501
7313
2291
2262
6103
8186
3420
9504
7924
460
2184
9468
9916
6035
3621
4243
1992
227
4348
4783
3311
1876
2240
4611
1966
3663
6329
4967
8570
63
7467
4095
7559
4874
1246
4484
3775
5749
1223
981
7816
5800
5081
6110
3436
9633
5307
7655
3826
6281
1602
5870
4712
3099
9073
4248
3677
4169
4033
1821
7781
8313
31
9356
8267
398
1351
3435
1648
4211
9243
4809
8588
876
2980
8927
1589
757
1974
53
2656
6262
1558
1077
3848
3669
6701
2057
1809
3528
2648
4569
3243
6667
5782
4144
4372
8541
2357
5319
3961
4196
5072
8502
8644
4414
386
3752
4911
4016
6327
3920
2697
3982
7750
9157
6226
2267
3896
1232
7743
5523
5877
8968
7268
9803
7176
351
9210
4538
6003
3038
306
5198
8760
3447
8830
1309
9649
7563
7568
5380
4937
2374
874
1528
5801
1051
1710
5376
7007
5879
3031
3881
1145
9286
353
1022
508
4434
8255
5232
4185
2185
9884
6700
9992
4038
8057
4
564
7395
5713
2294
8071
7078
3577
9142
6287
288
3786
3160
7472
1778
4897
6059
6752
9427
2177
545
4412
7912
800
2317
1130
3661
710
6141
8599
1513
8266
532
9417
8245
5009
5780
4353
2023
7496
7551
6668
4191
6360
8856
8042
5436
3291
6816
2129
1287
5225
6853
5402
8592
9351
5496
6706
3817
3611
6393
8424
910
9404
8215
1308
2579
2636
1369
6415
1923
8735
6413
6608
5331
9832
3190
1371
3056
4156
2472
3301
4426
7721
9662
7847
2285
3236
1663
4308
5341
2172
5296
3846
3410
2851
3432
9509
4668
7002
7389
6503
4771
172
8617
7783
1899
1891
6658
3809
4875
3885
4138
6425
4025
3378
2443
402
9815
1695
6298
8483
6726
7642
8167
1268
4650
1139
1947
6300
6073
1567
1449
401
9317
7769
5025
6439
7243
4239
2101
7916
2409
8649
2777
4093
6784
3278
4813
1180
24
6793
5413
2969
2909
6931
5726
9526
3556
8453
5562
5787
1939
4447
560
8119
723
4124
2423
1310
7419
347
5273
7647
2256
4644
5662
7071
458
5767
6602
5434
7117
7779
3065
3372
8083
5885
9991
6565
8040
2550
8464
9218
1799
9124
771
92
6669
3768
3216
708
4349
1845
4622
8628
4651
7363
9003
9445
9277
5594
2970
7065
2422
7614
2162
61
9759
1850
1564
9407
7974
3344
1593
9315
9670
9705
440
8844
9703
2242
3254
5880
2887
3681
3220
2231
2349
57
5229
8482
1562
9359
3043
2043
4034
2051
5108
8514
563
3960
1557
9749
3814
2555
9576
1928
587
6603
4630
8346
4326
7885
4009
530
7728
1761
1408
6180
6004
6138
1943
4664
1539
3744
1644
6171
3283
456
1197
3514
5813
8114
4254
3551
2809
4706
1479
1361
7522
2725
7808
2797
4475
5261
6856
9846
9515
4132
7771
9214
5798
8825
6280
7087
8016
3495
6894
2554
8713
8737
6296
2000
9652
1346
1903
2347
4129
2015
811
4543
4876
5374
2175
2941
7189
8582
7437
9031
4463
2759
5766
4524
7890
3193
1288
6949
2958
742
9639
7277
2800
6136
2325
9032
4056
2533
8297
5651
5352
1140
1100
8293
6096
1434
1855
2594
6633
7633
540
8921
6561
7034
5011
5529
4397
1965
5837
1895
2486
9492
3386
2778
3498
1613
1829
2438
9027
1685
9710
4929
6414
3502
4864
5393
1435
5864
999
7458
5585
4141
4240
7168
2796
9433
3439
1525
4120
5736
7492
4492
5685
6896
245
1168
6499
8289
1780
7279
1338
7587
9594
1
7027
3871
1333
3034
6763
1496
2951
8979
5162
6796
6675
1379
3860
1843
3233
5938
9309
7200
5152
8535
9122
7251
1046
2771
7420
2209
5264
8430
2578
6873
6238
7850
5138
667
9330
597
1190
9686
6762
8616
6540
3342
2856
5621
7219
7510
3716
9685
3162
5607
5336
968
9181
7129
8993
6057
133
1846
7800
9378
872
505
4785
6892
8174
4449
5935
7542
5896
1049
7126
1481
7812
3346
8463
8495
4584
388
2825
7644
3956
7284
6252
7077
3983
457
462
4903
8020
2282
1743
7211
1719
873
6484
2252
9029
7132
9990
7495
4134
2982
5226
9299
1664
5608
5882
6105
6207
9105
8559
9551
9674
9736
6705
1870
5943
8441
9083
8859
2332
7499
9394
2467
7239
2696
6455
7739
4740
9501
7274
1691
8975
8458
6766
4746
3357
5732
8858
3761
8025
4959
1463
3327
9522
8329
533
7539
1712
4253
6846
947
5583
7196
1563
4007
9795
3742
7556
1044
1926
1578
606
3905
9456
6865
2962
5179
716
5520
8678
5421
4827
6483
5755
9986
1701
7082
6131
5168
8546
9984
7965
3067
139
979
3902
1254
6937
2831
7086
8954
9603
7262
6930
8376
2165
1794
1366
5637
2870
602
2537
4786
8783
5184
7873
1805
123
6440
1407
8227
6548
2985
1273
4238
8748
2264
3996
4540
2754
3070
1381
5019
1026
1320
2602
8084
411
6061
1996
2829
9957
385
8931
6116
8685
8236
7881
1758
6236
1827
6498
2247
539
1149
897
7761
6408
837
1162
6780
9081
1890
433
2629
5751
1793
9648
1512
7889
4464
1234
4855
644
1815
7116
4393
8499
6536
3508
3566
5183
1368
1825
6093
9864
937
6584
2328
2610
9626
7377
8109
6568
5353
2306
3423
4970
3317
5128
689
8816
7248
8527
896
6727
2127
3910
415
7469
4102
3867
5218
8030
2619
5963
9265
3501
4579
4800
5290
585
4329
1489
1497
2022
2528
3120
220
9945
3348
3730
3636
4928
7893
5841
2828
2239
4975
2104
8010
6595
8438
3731
7944
3940
5547
9653
4409
909
2258
1031
4843
2693
2673
6988
2066
7984
4604
9001
6798
941
3726
1278
5914
9616
9954
7421
6417
9775
8757
9223
1048
4862
9246
8131
1658
3693
529
4131
8423
8170
4218
3658
4065
5272
6011
5191
397
6739
4932
7503
3569
8594
504
2447
6354
5865
284
7555
5572
2440
3558
8882
6473
170
7365
8136
6438
3135
4545
6239
3555
208
1275
1483
8400
3468
1159
3485
5913
6031
2915
692
6917
4394
4373
9550
1455
5060
2640
7498
1276
2625
1437
5528
2666
3519
9955
2404
5304
6487
1477
5905
6275
9058
7360
4850
7654
434
4387
3170
8958
180
4417
1116
8833
3819
3634
5923
435
2853
4437
6844
9312
2728
7149
2213
1179
65
9092
3618
241
9836
7718
2699
6080
6368
2737
4233
4068
2568
9067
7731
1262
7100
8048
3723
8508
2551
4018
3362
6174
6284
8846
5975
9380
2226
1723
6330
4076
4666
1447
9068
9422
8067
6083
4878
3429
7773
6758
5634
6562
9460
7301
6854
195
581
4909
7252
4255
5372
1002
756
6969
3653
4496
4335
6352
5031
9819
1269
2819
6470
7696
1029
5797
9316
8360
7462
7355
2479
2689
7266
7089
9490
4844
1582
3697
5947
1176
7285
7936
642
6128
8471
6972
6423
7657
8774
7417
577
9726
488
5442
953
6689
935
8796
4502
8406
8474
6770
4526
1393
3248
4988
4234
822
9387
1960
4905
940
6022
643
4687
9109
399
3838
1385
9769
7181
3033
6587
695
2159
5966
4029
1502
6823
9642
6617
2302
1436
1296
3286
2832
1220
8241
1317
5863
7813
4343
5154
8156
4628
9922
9030
5507
1728
7910
9661
6184
4733
5266
4648
3918
3548
4578
4369
2589
8445
110
8554
8064
70
9308
8218
534
8996
5597
2596
5539
1694
1306
7653
1786
7711
3991
4292
2368
5180
684
2337
3870
109
8936
5249
6477
8398
8491
8353
344
656
6751
9159
6648
383
6983
6913
2461
355
8212
5504
8283
2786
7862
9423
1842
2366
5946
9102
3017
7059
1768
7428
9420
4516
9891
5473
1555
6380
8354
6886
4564
2384
9994
8943
1212
555
4293
5464
3414
9913
706
1579
4999
7971
8793
25
8820
4236
4310
9690
921
4073
4237
7193
4871
3296
7226
5848
8001
8564
394
791
8035
867
364
8709
1517
9918
47
7454
2425
4235
2591
3689
750
6038
1749
2413
9553
486
2020
4599
8472
9970
2494
7404
6142
5220
9496
3175
7758
5804
8610
1832
9531
2949
5124
6695
6984
3948
7710
9264
6797
2499
8673
1503
2706
2937
8095
1669
9328
7857
3645
1059
5489
4347
350
8439
7091
5142
1655
326
1277
4769
8065
1636
3628
8806
444
291
618
7465
3323
1919
2470
2774
1861
6666
5906
9481
5148
37
8525
7119
5619
5881
2692
3280
753
8503
2310
490
2508
2035
6829
4859
3282
2112
3922
714
9980
3290
2676
4767
1647
7030
3955
875
5001
7402
1880
283
7235
6869
9952
160
7844
7325
9258
9717
5698
4995
4935
2600
3522
3091
5998
1157
2251
7403
7983
4270
9053
9950
9638
2191
5612
7724
3159
4299
6934
4833
7221
1356
6699
978
9643
8077
5219
3457
9527
4513
1734
4100
5203
197
580
4708
9471
7142
6599
7367
9925
5824
8656
1284
8651
6500
7528
7770
2947
855
6192
5899
1631
3639
2458
6827
9414
146
5244
6208
7617
4479
4887
404
9774
6197
4886
6466
1114
127
423
4070
6639
3226
218
7249
5252
881
9799
7108
5707
5055
2367
5580
3620
4688
6189
8618
8259
1336
9313
9766
9285
2046
926
8523
2929
2506
2889
8112
5087
6576
4696
4015
7999
6760
5909
382
8211
2496
7478
3610
3151
4489
8645
2983
8179
4654
22
8900
2344
6375
3701
5689
1817
6148
6419
5918
6416
3482
9236
8957
7514
1185
1605
6570
1687
3582
9729
3294
6690
2197
3857
3267
3376
7664
7370
390
3794
480
4242
3958
156
9101
5194
2297
9262
9099
5868
3416
2135
6908
4031
5165
4062
2509
1547
3390
9618
6761
8556
2403
844
7969
5760
781
7737
6385
8747
8478
1440
7917
3784
1573
9473
9861
7996
5525
4606
7110
8080
4789
5213
2908
7809
8939
8899
263
5779
1433
9202
1324
1478
7698
1272
9418
7736
1492
5363
9293
9399
2521
5172
6515
4682
9295
3300
6339
3580
4094
4325
4383
7163
5062
8834
960
1545
4930
4977
43
5333
4966
681
9843
4471
4386
1488
8437
8092
5869
2375
8343
3012
7273
9482
2986
4607
5115
6978
7683
4692
4585
4710
1152
3676
7028
3740
2380
1103
2161
5533
4039
2762
7837
5216
9044
4080
2233
8578
5205
6721
9143
4567
6933
8434
4751
2966
513
4759
4422
243
2028
3685
1151
1856
9561
2638
3206
6890
7218
586
8557
2747
4021
6989
4075
690
9792
4376
4940
4747
1332
1522
2340
3692
6321
3543
8642
302
5569
4574
6268
743
2705
5371
2779
1365
2168
561
7237
5201
3874
8836
6404
5255
9145
1588
1961
7822
1406
1066
5270
4186
3770
6635
1067
6523
5215
9725
377
6966
5223
657
3185
1523
1623
6948
4327
2741
3557
5872
2312
6421
1410
113
8722
9251
8839
6488
6772
8586
891
2228
1561
8166
1587
1182
8452
3358
2011
2321
8922
5907
6809
6085
961
8813
860
3765
6778
2977
7957
9579
2391
3947
8408
3869
228
6434
105
9701
8920
281
3866
4048
787
5211
6094
7774
8163
8730
8782
1774
6
7316
2220
3820
7695
7084
6980
7125
7164
6792
7726
8127
3865
2376
8969
7686
9269
9537
3454
9577
8585
3968
6392
841
6043
5969
2207
6379
9284
4841
5106
4663
7560
8917
1840
2758
1161
8540
4715
646
5492
4126
7276
7529
8930
2612
3816
4552
3106
9632
8615
2008
3270
5136
5419
1983
7877
9230
6923
6906
2278
2534
3711
5847
7836
2361
1727
2491
9989
9022
4500
1420
5717
419
754
3225
6356
153
2401
1924
3560
8363
4261
4151
2511
2616
4105
8466
1204
8938
8620
9589
4853
5542
6628
9873
9333
3916
5584
8627
5524
7405
4637
2842
7213
9798
3488
8989
3533
4816
6941
9697
4091
8022
2270
6146
1637
9004
615
9853
6718
7582
1451
5401
952
4655
8583
3440
373
6677
7806
4971
9219
1295
9111
4150
2269
4296
1848
2351
5775
8717
6462
6756
481
963
9720
5903
3854
7861
2973
2259
7032
8995
7223
2709
1806
6847
911
8368
5656
4732
4148
30
718
8338
1906
7977
3256
9651
9161
1228
6882
6857
9598
6900
8018
8273
5465
3480
6185
8664
1913
48
8117
7349
3637
52
9055
2634
6029
9336
2684
9063
8318
4304
85
4078
8731
7659
1990
1671
5933
8224
2707
1003
5976
6776
7878
4046
1656
237
9721
9442
914
3579
6609
5783
1083
3547
2757
5004
792
5230
3785
8082
3075
4316
9408
5125
6694
1412
2151
6249
1772
4914
5032
4702
1530
4754
6025
1199
7851
6620
5301
3568
142
4749
2997
2339
7400
1300
3051
4433
5693
7152
3340
4521
5324
5579
2473
9716
500
2651
5654
8280
725
3001
9571
8695
8381
3371
2273
8755
9607
7942
8786
2009
4760
7690
7342
751
5065
2411
9446
7210
3921
1713
8296
7014
2685
3419
4071
778
359
1697
3537
7821
1506
5058
2382
6266
1640
8792
1750
8518
6632
6124
375
8282
3944
8143
2953
7231
1207
1243
5530
6944
152
8652
2049
7044
5007
4002
4450
8751
2164
3792
6921
7752
3526
7047
7135
3512
5544
2661
5456
9127
7577
6839
4161
3171
1559
4867
3273
9709
7697
1072
3941
424
4815
5318
7775
4872
5961
8190
9833
8072
950
9281
2726
6225
2037
557
6263
1863
7376
5322
5167
8151
8181
2062
1395
1630
8220
639
590
9323
7745
8941
4165
6005
9200
1236
4220
3324
4900
3207
1186
1270
6211
389
3844
6928
4407
7921
357
3939
9568
5468
9096
6397
8629
5047
5655
8698
7036
6883
7841
4066
4312
9818
7453
6535
9048
6579
7304
453
5379
9050
1510
3205
6967
7869
9646
9097
5590
4052
6556
8352
1675
3499
9263
2532
8405
2791
7011
2507
8636
3123
5565
772
6247
674
2833
8723
6563
2931
2216
9691
9675
8248
3061
6777
8418
6372
2106
1504
6292
9825
582
8970
6555
2930
393
3627
8609
5658
1932
5917
9657
694
2595
6909
1470
2457
3018
2905
2655
1225
2116
1056
269
5509
3892
9239
1844
9065
4026
4020
4528
5210
813
660
5323
1045
2103
9084
6067
230
6981
8265
2660
7864
4635
9244
4260
6190
8202
1679
1150
9796
5785
1005
7295
3599
6311
3381
4411
4245
4351
6881
9617
9470
2387
2802
2839
9708
6828
8860
6391
5417
3907
8963
1565
3891
8422
234
8101
1835
808
5712
3679
5950
5720
1925
9489
1748
3802
8745
946
6995
6939
5143
3368
4012
7937
6348
8417
6156
9363
1569
8547
8928
7632
4884
106
9506
8496
3963
5506
3395
5432
7796
7136
8014
5679
7929
6210
7911
3852
9280
174
6759
1218
2406
7952
6382
5197
8105
713
4582
3156
5343
2235
6472
5329
3708
3163
2482
2478
8835
5773
2733
9040
5316
7930
6447
3591
9776
3757
405
7173
3136
1079
4667
3152
607
816
5328
3015
9499
785
973
7982
5521
300
996
387
9802
5313
4796
8187
3244
8027
140
5752
1755
8789
3078
8107
6899
6779
7504
2972
8152
1797
3589
2514
2217
5527
6820
2816
3674
5282
6791
7236
6450
2984
3789
2492
3872
8874
5666
9136
9024
8115
9971
6199
9322
2978
3586
1089
5141
6409
2588
3452
9072
9596
3500
9773
7830
3664
2272
7558
3147
1355
7607
8521
4210
479
599
2639
1027
9517
1431
6000
4954
51
9881
662
5321
5080
7095
471
4446
2720
1146
5675
3105
7740
8488
3836
4130
58
6859
2549
4477
3462
6550
8017
8894
6319
6552
9610
7636
5724
3542
2770
8990
2967
2582
2292
5391
4425
7247
3612
2060
2390
780
8240
5021
2827
8492
6911
4392
6546
3644
6309
6557
9009
647
1054
6165
7833
3041
1771
832
9590
1969
8946
1285
9962
861
8908
6676
3366
7712
7331
854
5457
8659
4891
2662
4361
9019
1634
5204
3698
4951
5339
6858
5158
3409
7019
7845
7227
4797
4295
254
1662
409
1397
1625
9932
4854
8766
2031
8308
1576
2751
9147
3446
6979
5706
3100
6640
27
7009
5834
2959
7995
7768
1893
4116
3887
8725
9071
3442
265
5771
3985
8817
3313
7820
1682
6126
5714
181
3478
5181
7029
1822
1238
737
8639
4089
7672
9811
2784
5034
6586
9533
9677
2974
2745
4193
9622
9723
9565
6052
7161
6265
3266
6627
2305
294
3801
40
289
9126
135
1537
9609
1166
5050
7626
6399
6314
2946
1519
9976
6378
7309
9457
7383
6367
6293
1717
5610
2202
264
9659
3660
3531
5450
8301
1785
1187
6544
9311
7474
1999
8145
5003
2852
6441
5015
7267
3694
5854
2960
2408
1769
2815
817
9687
5427
6435
7356
8203
8569
3398
1802
840
1991
5045
342
3912
477
9478
4883
403
7753
6696
6228
3028
6630
795
5486
7624
2607
5116
1219
7042
7067
1598
6697
8133
6177
3917
5195
8235
2910
7159
5437
7378
5166
3804
6957
5673
1533
9259
5552
2115
9894
4381
1239
1787
9961
995
4634
7275
7964
8693
8134
3791
4776
804
1781
8562
6055
9002
2415
2671
2529
9534
8912
8333
8325
3605
5916
7187
3332
6986
267
2990
8005
9039
8985
5843
1600
1374
437
5500
5538
5245
4583
2918
8767
1607
9544
3025
8278
9334
7955
7072
5993
5064
830
6387
358
3394
2845
9732
9189
8549
229
9047
5818
3561
945
3776
5668
8485
7735
8913
9663
2891
5306
9508
3567
7186
5883
1196
1183
6518
3949
4022
717
3058
3111
8719
7012
5054
5644
9988
1941
3413
7199
2304
5305
68
7801
8775
7574
3751
6460
7401
4045
8831
2826
4618
3724
7233
4456
1995
4681
7155
9727
1172
392
2072
1464
7293
3992
6725
5873
954
8304
8947
1221
1055
6363
7106
5793
5253
9240
1902
8574
9868
8342
4042
640
1604
5840
3119
6013
2940
6253
5508
949
6205
9557
5615
2465
209
8763
4057
381
8031
1302
932
4429
8512
3570
6538
9152
8621
4922
2765
3319
853
3859
2284
3271
9751
5139
6723
6373
8873
3460
6810
8375
7319
1188
9372
5462
1606
1081
9209
1921
992
6432
2061
5182
5686
3553
6850
1612
759
7527
3042
994
8999
8104
506
2637
4591
3496
1955
9946
1050
5
9794
8718
4546
6652
1795
3483
3736
4639
9165
9790
5429
4088
8459
9390
4600
4598
9605
9641
6542
3572
7446
6338
7987
9554
8129
9140
8006
3471
9756
3331
5778
261
2879
5112
7593
6800
8933
8486
2645
9392
8210
4770
7003
2038
5850
4197
7892
6422
6774
9679
1807
7569
1944
8164
1639
5516
8244
9588
5715
266
1988
6079
7031
6790
2405
1790
6351
5639
5659
6717
552
4910
6745
8075
7825
6172
9895
6214
2916
2364
7092
145
2274
2111
4241
3863
2025
3772
9718
124
5990
8093
603
1948
3796
4003
8442
9563
2331
4997
7751
1422
5146
2
9343
3187
6204
7605
8606
7440
6593
2047
4556
2326
7292
8974
1445
8911
6063
5576
2813
3573
3615
7425
969
9353
1078
4554
2427
2658
5206
9266
5672
7452
6127
3788
2760
5283
1908
8392
900
9851
7043
7470
4901
9364
3552
852
5263
880
4146
6813
9355
2630
4577
3798
715
933
2577
367
5097
8085
3475
96
592
573
2723
5433
9037
4620
8726
4204
5573
6646
8847
5598
3117
3107
8768
225
7646
6670
5871
7702
7061
2717
7490
2722
2498
6306
4371
7790
5643
4763
6365
6581
4652
9876
6357
5056
8976
7799
4806
5754
8230
9287
2847
9519
5351
1546
2886
379
3800
2450
1487
6520
3081
6709
6698
2584
5469
420
1540
4709
9940
1956
9753
8327
4352
1864
5006
2572
1474
6451
3882
2388
3890
6954
9435
3928
1092
4713
6545
5030
3322
2110
1904
9304
4792
1413
7595
9276
8971
3246
4768
6835
5202
2192
7098
9300
7621
3201
3392
2084
3607
549
3841
7671
6240
5722
8565
5161
5626
2289
4069
2085
2245
4824
4225
9375
4192
206
4269
9898
8867
1076
4861
2029
3023
9694
9829
7386
1762
313
470
8195
8680
6145
997
1178
6665
5044
3668
5796
4684
4457
9193
4268
7372
2487
2574
239
5334
9411
2163
6589
8689
6504
4415
2434
3877
2869
5924
3497
7602
9987
4149
5474
7843
6291
2880
9204
5503
8475
2059
3029
1905
9602
1617
7976
5964
3196
899
6629
3350
3377
16
8740
4273
141
3688
6572
8832
9256
8120
9486
339
8776
8803
6395
8305
7270
5186
1599
2261
2444
2363
5770
7700
5147
8784
8371
7466
2329
1735
5109
6264
4998
3412
5123
631
1978
1775
1193
9056
4522
8461
4870
1572
6386
5894
9953
6895
5281
2145
8355
3868
7359
4784
9076
1097
5741
2727
7346
323
410
3000
5085
2566
4421
2358
1134
3365
1542
3407
9292
4179
3080
3321
2012
1869
7476
4765
8497
2395
5153
7253
9650
5370
2633
7373
3494
2141
7463
2914
5037
5257
6946
1556
3063
3632
6990
4214
4572
1792
1472
584
2624
6273
178
5332
1165
2781
4772
3624
4518
8348
1173
2093
8657
6737
9426
8711
760
2171
6734
150
2871
6577
8679
8388
6862
7347
976
7960
4359
1696
7271
7571
8964
9349
707
8777
3840
4090
5242
5280
3795
328
1709
1716
9110
9169
1967
3760
59
8684
9951
6383
1627
7507
276
3479
5499
5262
7147
4147
7926
5548
2090
7241
8258
870
2007
758
2210
9294
9919
9755
2275
6010
2412
8007
4085
3259
7216
5239
3306
9302
2527
6868
5013
5958
4004
7870
3987
3564
8231
9556
1501
2353
69
3935
5763
8561
6486
5260
5532
5593
886
4439
5389
2255
1651
3134
8951
1752
1866
9808
84
93
4614
2923
1560
6333
3733
8688
1164
2014
8069
5470
6117
9858
7209
4873
9261
9318
1327
9839
9604
8204
6671
5856
1467
9797
9306
5133
6077
3518
8199
3595
5016
2557
7709
6511
797
8533
2558
8531
3700
2606
4044
7156
7203
766
8884
9900
9388
7128
3536
8544
5094
9225
1868
9828
9480
9215
2849
2187
8197
4829
7903
6464
550
7609
1473
3214
6437
3727
1341
1688
1107
6623
5267
6147
9547
6206
2281
9999
7053
588
6328
3047
1315
4491
1860
2564
6222
8510
7041
4432
2708
446
2402
8447
1997
1192
2005
7076
9373
1201
1210
6926
3037
4398
9253
4145
8234
4991
3400
6818
2126
7707
2435
7778
9597
8828
2199
5692
7290
6277
6086
5922
7339
2419
6929
9095
9914
2099
8538
1402
7923
492
3138
7530
7212
8373
2504
1312
1608
2152
6458
8955
5057
2033
4216
6426
895
7798
636
8314
8910
4212
3617
3715
1213
4050
4981
9996
5140
1962
4818
2333
1766
4176
9885
3673
3310
3832
7269
3565
744
9495
1601
6257
8477
7898
1942
7716
7058
1030
9619
1881
4542
7357
3307
4311
4590
2355
132
9310
8524
3027
3623
8066
7109
9510
4215
235
3638
6371
2903
6502
4519
1194
5077
4589
9203
4054
2448
1148
9966
7162
2753
7883
6201
2590
850
3477
9606
1041
3088
8687
2418
455
2136
2535
5390
484
5240
9135
3762
1574
7817
4603
7140
6056
465
1614
438
7139
1409
3269
9257
686
6952
2810
3754
8623
1874
5657
6861
275
8738
7229
8907
2030
3287
7759
1249
2939
8413
4965
489
341
5193
1010
2682
8932
9765
5558
2118
5582
7202
6322
915
129
6945
7950
5287
7962
482
2820
8124
1428
7727
8516
2075
3962
6788
6508
5541
3249
8790
8460
5130
8604
4881
2088
7810
1177
337
1099
4624
1873
2999
8274
3470
6047
3
537
4779
4586
6799
5369
5937
7819
3464
3092
3339
1994
7874
8545
7871
7088
2875
2468
836
1753
8369
796
1739
2394
6598
9153
5038
839
8845
7101
6731
3884
7038
3704
8428
6260
6616
2877
3010
3923
9061
7382
2155
8640
5303
5407
7765
7103
2064
9788
9923
9090
2234
865
3684
7677
1091
7729
3712
4755
7611
2748
3076
4661
3131
8665
7191
3155
2436
3703
5292
9857
8942
7732
7412
8239
6649
9583
6132
3006
5403
6702
4278
2620
1015
5977
3009
3540
4061
3614
216
6366
5743
2924
2841
8829
9337
5684
6193
666
5789
3142
7393
3455
4838
5595
144
6014
6072
3695
6326
6325
3837
6407
8587
6015
1615
526
136
2016
8880
9377
7448
1935
79
183
74
4566
3330
3933
9789
4035
2669
3667
8501
7604
2812
9942
1061
2369
7130
7183
9220
8676
4251
9827
3815
8909
9307
329
7369
7063
8597
4810
3387
7567
5046
6805
5601
6216
8671
9180
8098
8732
5150
838
5929
8843
9415
1457
2932
8024
6307
1142
4694
767
9528
7261
9494
4445
3521
3876
2193
6099
7207
920
3103
1390
4170
5422
8161
7884
3312
2789
9089
9562
8558
3095
8691
8716
605
4799
8086
9748
277
3593
5364
6012
6964
5959
1349
1703
9158
9872
7391
3659
4537
871
8237
2371
9483
520
9909
1105
9834
1311
9491
4350
9874
6743
1279
5632
2711
7121
3148
7986
7483
199
9712
4568
9463
1241
1094
7782
8183
8904
8196
445
1331
5295
747
2663
7017
4488
7015
8420
3461
9115
5105
2544
2083
1289
2644
2460
9681
5212
7090
3333
2559
7907
5175
2215
5385
8635
8011
6564
9806
1448
7863
9824
9856
3347
4228
1053
5930
3141
846
8228
4972
2664
6157
7651
2268
2744
6815
9216
2615
898
8044
7518
7195
1062
9386
1722
7846
8978
4339
9869
2732
1760
4657
5010
9719
9211
3971
6176
5248
5641
5362
7531
2002
8130
9695
9403
9094
2729
2417
3903
3124
5571
6631
8310
4898
1536
3571
3212
1653
9108
6344
1313
3936
6775
8004
2098
3492
3253
4551
138
1012
6364
6098
9270
6495
6456
2451
782
7205
2605
9273
8956
8804
3719
523
1938
2935
4963
519
5233
9575
1415
4388
1123
3476
2068
6143
8160
6965
9535
5575
6490
2120
147
7630
4508
664
4573
8961
1113
9282
2546
1427
2609
6304
1553
5188
4291
6411
614
7230
1732
212
8089
9784
4820
3315
7429
7579
5967
7785
451
56
6611
1646
2421
8364
8505
1986
4452
7228
1586
3834
5438
4902
8341
556
5688
6715
3587
7549
1244
5794
4053
101
1065
574
3710
279
2767
974
8646
828
5803
6454
5830
4697
188
5384
9711
9367
4290
4993
5075
3806
1206
2817
9901
8431
1047
3345
1660
3722
8096
2890
7524
5945
8205
6513
9279
2896
3363
4979
3359
8744
6082
1819
7519
522
5895
9693
3861
663
1920
8270
2105
8837
2724
473
461
6712
6161
5061
2024
528
2878
6647
4483
6457
8169
4222
7513
1008
9319
9186
866
6355
7111
3535
4597
5702
6735
2383
8498
6638
1706
9640
6532
6181
190
1979
6903
1633
1603
5828
6560
1439
5483
5596
2137
5512
268
6753
2477
2442
5505
7104
654
8394
6120
3484
332
5302
4227
1751
989
4550
6657
8246
4913
2069
858
4839
9459
7650
1011
1068
3115
1892
194
3596
9075
5036
7643
4612
672
6656
5815
7858
6592
2569
2077
8286
8261
5703
727
7291
4027
9275
8414
9890
2318
6920
3683
6558
2147
8039
4761
5926
5862
6313
9401
9692
497
7094
5622
5377
1367
1138
3369
2315
9303
8865
9892
8857
8690
1086
6713
6891
2096
8157
6814
4495
301
2179
626
1147
7757
3893
7394
2299
8992
9133
5121
7434
3202
493
6878
2480
6316
317
3154
6688
3705
7413
2934
1837
8094
3530
3055
6834
8250
366
6663
4633
8257
4136
1453
3380
8923
8871
2883
7263
45
938
9430
244
9103
1626
3069
2944
4307
3149
6801
1635
1834
7165
7445
3370
287
3951
7124
8728
8149
8316
9291
521
4023
1283
7272
232
3491
6178
46
2102
2286
3026
5117
8903
6194
7888
9536
6612
5160
6374
2311
7670
5089
6905
4083
5758
2981
3045
7540
60
1398
2426
4868
7398
8122
8655
1814
5113
3218
5989
7416
8396
5357
8046
6030
8532
9400
2081
4119
4264
4118
7694
1756
5020
2580
1650
7322
499
7366
1034
9656
4287
7069
7945
246
3458
6833
9268
9574
3198
1370
5033
5452
5602
4382
7948
6804
3699
7546
9008
1620
8677
8612
4112
5635
5502
9612
7928
8351
6398
9138
2166
3227
2446
8303
4282
2142
8528
595
7494
1461
2169
1305
1456
9887
8288
6786
4344
4001
4695
9931
956
8456
4442
6471
3959
3549
7966
310
8850
8271
2677
4207
8387
9948
1237
5900
2439
2736
4008
9698
3277
9684
439
8712
2675
702
8696
964
6765
8081
3292
7550
3086
5812
119
1741
3232
8322
4098
1957
2400
3382
6449
4852
6597
3385
7278
9754
4154
4941
9850
2170
8972
4758
685
4297
551
6583
2437
1677
6482
2243
247
9941
6922
3016
4956
1484
9678
1984
6789
7902
7005
9441
7188
3652
6231
4366
360
4777
9249
5630
5285
6973
5129
6767
192
5155
9634
315
6578
8175
7766
4602
2027
5744
2212
8221
5911
5972
1515
7600
9512
2945
4285
3824
8277
7744
6039
4924
6369
7240
6069
7381
2122
1812
6353
8201
1080
1337
8901
5806
6335
4082
5449
474
442
704
739
2543
8791
527
2013
8794
4793
578
256
893
9520
5079
4362
272
9781
8113
3997
3943
9428
9601
7610
8626
5719
9123
9114
9156
4904
6167
7793
6749
5241
7208
223
765
4067
7920
6863
547
8707
1810
1982
8299
5238
7894
62
8137
4670
5536
4413
6016
3102
9241
165
6685
4321
1554
1384
5912
699
7146
7612
4595
1250
2885
5271
9107
3467
6636
6571
3250
3118
2552
9397
3048
784
7343
5728
6811
9416
2906
8171
925
736
6007
4040
8980
7701
7505
3415
5592
231
3448
8563
2968
6549
1486
5443
763
6463
4199
4825
6691
4117
4226
4249
6591
3194
6272
1115
709
5759
4017
9217
2055
9025
4247
9844
4968
4188
7835
6680
3209
2003
2563
4195
711
5568
5735
1378
1380
1073
8320
2948
3777
2173
9100
8139
5190
3976
99
3375
4906
4108
7804
6040
610
7215
3096
1085
5298
5919
193
210
4221
864
8188
1804
869
3690
164
7245
4826
2223
608
20
8611
5747
5404
9129
7442
5178
9655
4139
6672
9615
9289
6807
6342
510
4918
4863
9907
8249
7020
4724
5791
6290
1429
4716
4741
2993
5088
8038
5892
5687
6644
4581
184
6381
4683
9069
7258
4420
5992
6848
4106
5310
3619
9254
4627
6975
3044
9930
6537
3585
1811
3053
9741
6992
6889
7387
8372
1803
1981
3755
5587
131
6634
3945
8331
8409
9702
1102
4087
8511
4791
6622
3665
6042
73
282
2196
6431
9689
2176
7096
8206
1917
6517
2956
1419
5163
4925
4541
7575
6412
4461
413
2632
1922
9283
7616
7294
3364
8411
10
3965
1466
5941
4575
3022
3463
3602
9247
3858
6288
6453
8480
6068
6524
4510
5035
9402
9062
9346
3219
7145
565
609
2445
365
4104
8276
1401
5581
8481
5776
7852
6097
6111
8043
7829
7464
7797
475
7662
733
309
1831
8742
9688
6968
6837
5337
6785
6008
9191
7635
9936
5604
3211
9600
1325
4580
1704
15
8650
8116
5661
3263
8720
3176
8500
3554
7991
1813
6601
1828
7438
975
2790
7681
6162
761
8382
5718
21
4938
8045
7815
8311
5730
4438
8054
5236
2236
5960
4520
8601
4055
9548
2585
2988
5355
1548
8448
154
7411
2407
4721
3090
4505
4675
5768
5399
5952
1143
3972
1934
6336
8350
348
5164
5068
8877
6113
4209
5904
9385
4171
7949
5762
6512
5196
8810
211
3252
7827
9771
1730
7543
2464
6963
3707
3527
2688
6244
3984
4180
450
3341
2322
6091
728
2897
6154
3509
4173
6742
5994
3803
5368
1267
468
8185
6580
4623
9928
4246
5388
4849
8340
3640
7536
1350
9021
4427
8966
9949
8214
3862
3642
5694
7131
7879
3108
3875
5501
1993
5695
6643
5495
6887
6183
3490
4084
2044
253
5381
738
823
5451
1987
1222
5831
8091
2379
6953
6065
9805
8840
4317
32
7414
4286
3178
1585
2484
2952
9137
4443
5325
8026
2204
1167
7408
9915
3873
3515
1125
6659
9151
3428
5646
7749
1014
905
7317
4869
9174
1871
9237
1745
9201
6722
3942
515
6845
1571
1491
7608
6159
2721
1023
7049
2079
5227
8799
9637
5774
8302
4155
8662
6519
2070
1087
12
4435
2392
4482
3601
1154
9964
257
5652
2793
4014
4642
8661
3297
3005
8878
19
4919
3525
55
4946
3709
9917
2372
6235
569
378
6245
8714
4790
9054
9523
3281
4912
9080
8798
3177
6401
2456
4504
1715
7035
7500
3113
5934
2520
6738
3367
2266
3625
8294
3404
6032
6590
5448
1128
2858
3538
928
3737
5476
3240
3166
7994
3988
5642
6182
8600
4587
1403
7565
2200
3603
6400
1233
8826
3894
1000
8872
4480
6961
2452
5603
2516
8457
4780
8225
7046
4923
3604
6430
3670
3856
1291
319
653
9752
2704
8484
2393
9764
7298
4685
3793
6428
5518
5970
3779
7197
8047
8473
3221
2039
7594
5082
9298
9793
1405
9345
3217
5101
6943
9787
4533
6443
1195
2583
735
4828
5860
6604
7839
3520
3842
5008
3966
7259
9451
8015
8890
3672
7691
430
2203
6123
8180
6826
6794
2617
862
2561
3546
9635
9413
9801
7443
9572
7310
2522
2453
4949
260
7935
2545
7925
3702
3110
3714
427
5586
7613
82
2913
1672
6019
7788
5867
7854
6283
3264
8374
432
1952
4497
1386
4244
2100
6655
5441
8380
34
6112
3738
8576
1118
502
570
122
1286
3285
6588
8111
8487
5949
94
292
7113
7667
3084
86
5199
9924
7174
5560
8370
6229
221
9897
2975
572
8194
2483
4845
6596
274
4301
8613
7927
931
4802
883
5951
7860
6294
1454
8998
8896
6876
7946
806
6459
2681
4109
3909
1248
5382
1298
1339
8395
670
9664
9052
1052
8060
3879
4063
1989
